frame,face_id,timestamp,confidence,success,gaze_0_x,gaze_0_y,gaze_0_z,gaze_1_x,gaze_1_y,gaze_1_z,gaze_angle_x,gaze_angle_y,eye_lmk_x_0,eye_lmk_x_1,eye_lmk_x_2,eye_lmk_x_3,eye_lmk_x_4,eye_lmk_x_5,eye_lmk_x_6,eye_lmk_x_7,eye_lmk_x_8,eye_lmk_x_9,eye_lmk_x_10,eye_lmk_x_11,eye_lmk_x_12,eye_lmk_x_13,eye_lmk_x_14,eye_lmk_x_15,eye_lmk_x_16,eye_lmk_x_17,eye_lmk_x_18,eye_lmk_x_19,eye_lmk_x_20,eye_lmk_x_21,eye_lmk_x_22,eye_lmk_x_23,eye_lmk_x_24,eye_lmk_x_25,eye_lmk_x_26,eye_lmk_x_27,eye_lmk_x_28,eye_lmk_x_29,eye_lmk_x_30,eye_lmk_x_31,eye_lmk_x_32,eye_lmk_x_33,eye_lmk_x_34,eye_lmk_x_35,eye_lmk_x_36,eye_lmk_x_37,eye_lmk_x_38,eye_lmk_x_39,eye_lmk_x_40,eye_lmk_x_41,eye_lmk_x_42,eye_lmk_x_43,eye_lmk_x_44,eye_lmk_x_45,eye_lmk_x_46,eye_lmk_x_47,eye_lmk_x_48,eye_lmk_x_49,eye_lmk_x_50,eye_lmk_x_51,eye_lmk_x_52,eye_lmk_x_53,eye_lmk_x_54,eye_lmk_x_55,eye_lmk_y_0,eye_lmk_y_1,eye_lmk_y_2,eye_lmk_y_3,eye_lmk_y_4,eye_lmk_y_5,eye_lmk_y_6,eye_lmk_y_7,eye_lmk_y_8,eye_lmk_y_9,eye_lmk_y_10,eye_lmk_y_11,eye_lmk_y_12,eye_lmk_y_13,eye_lmk_y_14,eye_lmk_y_15,eye_lmk_y_16,eye_lmk_y_17,eye_lmk_y_18,eye_lmk_y_19,eye_lmk_y_20,eye_lmk_y_21,eye_lmk_y_22,eye_lmk_y_23,eye_lmk_y_24,eye_lmk_y_25,eye_lmk_y_26,eye_lmk_y_27,eye_lmk_y_28,eye_lmk_y_29,eye_lmk_y_30,eye_lmk_y_31,eye_lmk_y_32,eye_lmk_y_33,eye_lmk_y_34,eye_lmk_y_35,eye_lmk_y_36,eye_lmk_y_37,eye_lmk_y_38,eye_lmk_y_39,eye_lmk_y_40,eye_lmk_y_41,eye_lmk_y_42,eye_lmk_y_43,eye_lmk_y_44,eye_lmk_y_45,eye_lmk_y_46,eye_lmk_y_47,eye_lmk_y_48,eye_lmk_y_49,eye_lmk_y_50,eye_lmk_y_51,eye_lmk_y_52,eye_lmk_y_53,eye_lmk_y_54,eye_lmk_y_55,eye_lmk_X_0,eye_lmk_X_1,eye_lmk_X_2,eye_lmk_X_3,eye_lmk_X_4,eye_lmk_X_5,eye_lmk_X_6,eye_lmk_X_7,eye_lmk_X_8,eye_lmk_X_9,eye_lmk_X_10,eye_lmk_X_11,eye_lmk_X_12,eye_lmk_X_13,eye_lmk_X_14,eye_lmk_X_15,eye_lmk_X_16,eye_lmk_X_17,eye_lmk_X_18,eye_lmk_X_19,eye_lmk_X_20,eye_lmk_X_21,eye_lmk_X_22,eye_lmk_X_23,eye_lmk_X_24,eye_lmk_X_25,eye_lmk_X_26,eye_lmk_X_27,eye_lmk_X_28,eye_lmk_X_29,eye_lmk_X_30,eye_lmk_X_31,eye_lmk_X_32,eye_lmk_X_33,eye_lmk_X_34,eye_lmk_X_35,eye_lmk_X_36,eye_lmk_X_37,eye_lmk_X_38,eye_lmk_X_39,eye_lmk_X_40,eye_lmk_X_41,eye_lmk_X_42,eye_lmk_X_43,eye_lmk_X_44,eye_lmk_X_45,eye_lmk_X_46,eye_lmk_X_47,eye_lmk_X_48,eye_lmk_X_49,eye_lmk_X_50,eye_lmk_X_51,eye_lmk_X_52,eye_lmk_X_53,eye_lmk_X_54,eye_lmk_X_55,eye_lmk_Y_0,eye_lmk_Y_1,eye_lmk_Y_2,eye_lmk_Y_3,eye_lmk_Y_4,eye_lmk_Y_5,eye_lmk_Y_6,eye_lmk_Y_7,eye_lmk_Y_8,eye_lmk_Y_9,eye_lmk_Y_10,eye_lmk_Y_11,eye_lmk_Y_12,eye_lmk_Y_13,eye_lmk_Y_14,eye_lmk_Y_15,eye_lmk_Y_16,eye_lmk_Y_17,eye_lmk_Y_18,eye_lmk_Y_19,eye_lmk_Y_20,eye_lmk_Y_21,eye_lmk_Y_22,eye_lmk_Y_23,eye_lmk_Y_24,eye_lmk_Y_25,eye_lmk_Y_26,eye_lmk_Y_27,eye_lmk_Y_28,eye_lmk_Y_29,eye_lmk_Y_30,eye_lmk_Y_31,eye_lmk_Y_32,eye_lmk_Y_33,eye_lmk_Y_34,eye_lmk_Y_35,eye_lmk_Y_36,eye_lmk_Y_37,eye_lmk_Y_38,eye_lmk_Y_39,eye_lmk_Y_40,eye_lmk_Y_41,eye_lmk_Y_42,eye_lmk_Y_43,eye_lmk_Y_44,eye_lmk_Y_45,eye_lmk_Y_46,eye_lmk_Y_47,eye_lmk_Y_48,eye_lmk_Y_49,eye_lmk_Y_50,eye_lmk_Y_51,eye_lmk_Y_52,eye_lmk_Y_53,eye_lmk_Y_54,eye_lmk_Y_55,eye_lmk_Z_0,eye_lmk_Z_1,eye_lmk_Z_2,eye_lmk_Z_3,eye_lmk_Z_4,eye_lmk_Z_5,eye_lmk_Z_6,eye_lmk_Z_7,eye_lmk_Z_8,eye_lmk_Z_9,eye_lmk_Z_10,eye_lmk_Z_11,eye_lmk_Z_12,eye_lmk_Z_13,eye_lmk_Z_14,eye_lmk_Z_15,eye_lmk_Z_16,eye_lmk_Z_17,eye_lmk_Z_18,eye_lmk_Z_19,eye_lmk_Z_20,eye_lmk_Z_21,eye_lmk_Z_22,eye_lmk_Z_23,eye_lmk_Z_24,eye_lmk_Z_25,eye_lmk_Z_26,eye_lmk_Z_27,eye_lmk_Z_28,eye_lmk_Z_29,eye_lmk_Z_30,eye_lmk_Z_31,eye_lmk_Z_32,eye_lmk_Z_33,eye_lmk_Z_34,eye_lmk_Z_35,eye_lmk_Z_36,eye_lmk_Z_37,eye_lmk_Z_38,eye_lmk_Z_39,eye_lmk_Z_40,eye_lmk_Z_41,eye_lmk_Z_42,eye_lmk_Z_43,eye_lmk_Z_44,eye_lmk_Z_45,eye_lmk_Z_46,eye_lmk_Z_47,eye_lmk_Z_48,eye_lmk_Z_49,eye_lmk_Z_50,eye_lmk_Z_51,eye_lmk_Z_52,eye_lmk_Z_53,eye_lmk_Z_54,eye_lmk_Z_55,AU01_r,AU02_r,AU04_r,AU05_r,AU06_r,AU07_r,AU09_r,AU10_r,AU12_r,AU14_r,AU15_r,AU17_r,AU20_r,AU23_r,AU25_r,AU26_r,AU45_r,AU01_c,AU02_c,AU04_c,AU05_c,AU06_c,AU07_c,AU09_c,AU10_c,AU12_c,AU14_c,AU15_c,AU17_c,AU20_c,AU23_c,AU25_c,AU26_c,AU28_c,AU45_c
1,0,0.000,0.98,1,0.098229,0.077799,-0.992118,-0.071193,0.089081,-0.993477,0.014,0.084,196.4,197.3,199.6,202.0,203.1,202.4,199.9,197.5,193.5,194.7,196.7,199.2,201.9,204.0,205.5,203.9,201.6,199.1,196.9,194.9,198.8,199.9,200.9,201.3,200.8,199.7,198.7,198.3,226.1,226.7,229.0,231.6,233.0,232.4,230.1,227.3,223.9,225.2,227.2,229.9,232.5,234.6,236.1,234.9,233.1,230.8,228.2,225.8,228.6,229.7,230.7,231.0,230.4,229.2,228.2,228.0,354.8,352.3,351.1,352.0,354.4,357.1,358.1,357.2,356.0,354.7,353.7,353.2,353.5,354.5,355.9,356.9,357.3,357.6,357.5,357.0,355.8,356.2,355.7,354.6,353.5,353.1,353.6,354.7,352.2,349.6,348.2,348.9,351.2,353.9,355.3,354.8,354.2,352.4,351.0,350.2,350.3,350.9,352.0,353.2,354.0,354.5,354.7,354.8,353.1,353.4,352.8,351.6,350.6,350.3,350.9,352.0,-75.7,-74.2,-70.1,-65.9,-64.0,-65.2,-69.6,-73.8,-81.1,-78.7,-75.2,-70.6,-66.0,-62.4,-59.8,-62.6,-66.5,-70.7,-74.8,-78.5,-71.5,-69.7,-67.9,-67.2,-68.0,-69.9,-71.7,-72.4,-23.3,-22.3,-18.5,-14.2,-11.8,-12.8,-16.6,-21.2,-27.0,-24.8,-21.4,-17.0,-12.6,-9.1,-6.6,-8.5,-11.6,-15.5,-19.7,-23.8,-19.2,-17.3,-15.6,-15.2,-16.2,-18.1,-19.8,-20.2,60.4,56.0,54.0,55.5,59.6,64.3,66.0,64.5,62.9,60.3,58.5,57.4,58.0,59.7,62.3,63.9,64.6,65.1,65.1,64.4,62.1,62.8,61.9,60.0,58.2,57.5,58.4,60.3,54.0,49.6,47.3,48.5,52.4,56.8,59.1,58.3,57.4,54.3,51.9,50.5,50.7,51.9,54.1,55.9,57.1,57.8,58.1,58.3,55.5,56.0,55.0,53.1,51.3,50.8,51.8,53.7,904.0,904.1,903.7,903.0,902.4,902.5,902.7,903.4,908.9,905.9,903.1,901.3,901.4,902.4,903.9,902.6,901.6,901.8,903.4,906.0,904.1,903.8,903.6,903.7,903.9,904.2,904.4,904.4,872.8,873.5,874.4,874.8,874.5,873.8,872.9,872.7,874.0,872.7,871.8,871.9,873.7,876.5,879.5,876.5,873.8,872.1,871.8,872.7,874.0,874.1,874.5,874.8,875.0,874.8,874.4,874.1,0.00,0.00,0.90,0.00,0.00,0.00,0.00,0.00,0.00,0.36,0.00,0.71,0.00,0.25,0.09,0.00,0.00,0.00,0.00,0.00,1.00,0.00,0.00,0.00,0.00,0.00,1.00,0.00,1.00,0.00,0.00,0.00,0.00,0.00,0.00
2,0,0.070,0.98,1,0.095789,0.072651,-0.992747,-0.071299,0.084957,-0.993830,0.012,0.079,197.1,198.0,200.4,202.8,203.9,203.2,200.7,198.2,194.3,195.5,197.4,200.0,202.7,204.8,206.4,204.7,202.4,199.9,197.6,195.7,199.6,200.7,201.7,202.1,201.6,200.5,199.5,199.1,227.1,227.7,230.0,232.6,234.1,233.5,231.2,228.4,224.9,226.2,228.3,230.9,233.6,235.7,237.2,236.0,234.2,231.9,229.3,226.8,229.6,230.8,231.8,232.1,231.4,230.3,229.3,229.0,355.0,352.5,351.3,352.2,354.6,357.3,358.3,357.4,356.3,354.9,353.9,353.4,353.7,354.7,356.1,357.1,357.5,357.8,357.8,357.3,356.0,356.4,355.9,354.8,353.7,353.3,353.8,354.9,352.3,349.6,348.2,348.9,351.3,354.0,355.4,354.9,354.3,352.5,351.1,350.3,350.3,350.9,352.1,353.3,354.1,354.6,354.9,354.9,353.2,353.5,352.9,351.7,350.6,350.3,350.9,352.1,-73.8,-72.3,-68.2,-64.0,-62.0,-63.2,-67.6,-71.9,-79.2,-76.8,-73.2,-68.7,-64.1,-60.5,-57.9,-60.6,-64.6,-68.8,-72.9,-76.5,-69.6,-67.7,-65.9,-65.3,-66.1,-68.0,-69.8,-70.4,-21.4,-20.4,-16.6,-12.2,-9.9,-10.9,-14.7,-19.3,-25.1,-22.8,-19.5,-15.0,-10.6,-7.1,-4.6,-6.6,-9.7,-13.5,-17.8,-21.9,-17.2,-15.3,-13.7,-13.2,-14.3,-16.2,-17.8,-18.3,60.3,55.9,53.9,55.4,59.5,64.1,65.9,64.4,62.8,60.2,58.4,57.3,57.8,59.6,62.2,63.7,64.5,65.0,65.0,64.4,62.0,62.6,61.8,59.8,58.0,57.4,58.3,60.2,53.6,49.2,47.0,48.2,52.1,56.5,58.8,58.0,57.0,54.0,51.6,50.2,50.4,51.6,53.7,55.6,56.7,57.5,57.8,57.9,55.1,55.6,54.6,52.7,51.0,50.5,51.5,53.4,896.9,897.0,896.6,895.8,895.3,895.4,895.6,896.3,901.8,898.8,896.0,894.2,894.2,895.3,896.7,895.5,894.5,894.7,896.3,899.0,897.0,896.7,896.5,896.5,896.8,897.1,897.3,897.2,864.5,865.2,866.1,866.5,866.3,865.5,864.7,864.5,865.7,864.4,863.5,863.6,865.4,868.3,871.2,868.3,865.5,863.8,863.5,864.5,865.7,865.9,866.2,866.6,866.7,866.5,866.1,865.8,0.07,0.00,0.91,0.00,0.00,0.00,0.04,0.00,0.01,0.49,0.00,0.67,0.02,0.15,0.04,0.01,0.00,0.00,0.00,0.00,1.00,0.00,0.00,0.00,0.00,0.00,1.00,0.00,1.00,0.00,0.00,0.00,0.00,0.00,0.00
3,0,0.140,0.98,1,0.095219,0.075554,-0.992585,-0.072852,0.087377,-0.993508,0.011,0.082,198.1,199.0,201.3,203.7,204.8,204.1,201.6,199.2,195.2,196.4,198.4,200.9,203.6,205.7,207.3,205.6,203.3,200.9,198.6,196.6,200.5,201.6,202.6,203.0,202.5,201.5,200.4,200.0,228.0,228.7,230.9,233.6,235.0,234.4,232.1,229.3,225.8,227.2,229.2,231.9,234.5,236.6,238.1,236.9,235.1,232.8,230.2,227.7,230.5,231.7,232.7,233.0,232.3,231.2,230.2,229.9,354.9,352.3,351.2,352.1,354.5,357.2,358.2,357.3,356.1,354.8,353.8,353.3,353.6,354.5,356.0,356.9,357.4,357.7,357.6,357.1,355.9,356.3,355.7,354.6,353.6,353.2,353.7,354.8,352.3,349.6,348.2,348.9,351.3,354.0,355.4,354.9,354.2,352.5,351.1,350.3,350.3,350.9,352.1,353.3,354.1,354.6,354.8,354.8,353.1,353.4,352.8,351.7,350.6,350.3,350.9,352.1,-72.4,-70.9,-66.8,-62.6,-60.7,-61.9,-66.2,-70.5,-77.8,-75.4,-71.9,-67.4,-62.7,-59.1,-56.5,-59.3,-63.2,-67.4,-71.5,-75.1,-68.2,-66.4,-64.6,-63.9,-64.7,-66.6,-68.4,-69.1,-19.9,-18.9,-15.1,-10.7,-8.4,-9.4,-13.2,-17.9,-23.6,-21.4,-18.0,-13.6,-9.1,-5.6,-3.1,-5.1,-8.3,-12.1,-16.3,-20.4,-15.8,-13.9,-12.2,-11.8,-12.8,-14.7,-16.4,-16.8,60.2,55.9,53.9,55.4,59.5,64.1,65.8,64.4,62.8,60.2,58.3,57.3,57.8,59.6,62.2,63.7,64.5,64.9,64.9,64.3,62.0,62.6,61.7,59.8,58.0,57.4,58.3,60.2,53.8,49.4,47.1,48.3,52.3,56.7,59.0,58.1,57.2,54.2,51.8,50.4,50.6,51.8,53.9,55.8,56.9,57.7,58.0,58.1,55.3,55.8,54.8,52.9,51.2,50.7,51.6,53.6,899.8,899.9,899.4,898.7,898.2,898.3,898.5,899.2,904.7,901.7,898.8,897.1,897.1,898.2,899.6,898.4,897.4,897.6,899.2,901.8,899.9,899.6,899.4,899.4,899.7,900.0,900.2,900.1,868.3,869.0,869.9,870.3,870.1,869.3,868.5,868.3,869.5,868.2,867.3,867.4,869.2,872.1,875.0,872.0,869.3,867.6,867.3,868.3,869.5,869.7,870.0,870.4,870.5,870.3,869.9,869.6,0.15,0.00,0.92,0.00,0.00,0.00,0.04,0.00,0.03,0.52,0.00,0.66,0.02,0.06,0.01,0.01,0.00,0.00,0.00,0.00,0.00,0.00,0.00,0.00,0.00,0.00,1.00,0.00,0.00,0.00,1.00,0.00,0.00,0.00,0.00
4,0,0.209,0.98,1,0.096819,0.076294,-0.992374,-0.071243,0.088840,-0.993495,0.013,0.083,198.8,199.6,202.0,204.4,205.5,204.8,202.3,199.9,195.9,197.1,199.0,201.6,204.3,206.4,208.0,206.3,204.0,201.6,199.3,197.3,201.2,202.3,203.3,203.7,203.2,202.1,201.1,200.7,228.7,229.3,231.6,234.2,235.6,235.0,232.7,230.0,226.5,227.8,229.8,232.5,235.2,237.3,238.8,237.6,235.7,233.4,230.9,228.4,231.2,232.4,233.4,233.6,233.0,231.9,230.9,230.6,355.0,352.5,351.3,352.2,354.6,357.3,358.3,357.4,356.3,354.9,354.0,353.4,353.7,354.7,356.1,357.1,357.6,357.8,357.8,357.3,356.0,356.4,355.9,354.8,353.7,353.4,353.9,355.0,352.3,349.7,348.3,349.0,351.4,354.0,355.4,354.9,354.3,352.6,351.2,350.3,350.4,351.0,352.1,353.4,354.2,354.7,354.9,354.9,353.2,353.5,352.9,351.7,350.7,350.4,351.0,352.2,-71.2,-69.7,-65.6,-61.4,-59.5,-60.6,-65.0,-69.3,-76.6,-74.2,-70.7,-66.2,-61.5,-57.9,-55.3,-58.1,-62.0,-66.2,-70.3,-73.9,-67.0,-65.1,-63.4,-62.7,-63.6,-65.4,-67.2,-67.9,-18.8,-17.8,-14.0,-9.7,-7.3,-8.3,-12.1,-16.7,-22.5,-20.3,-16.9,-12.5,-8.1,-4.5,-2.0,-4.0,-7.1,-11.0,-15.2,-19.3,-14.7,-12.8,-11.1,-10.7,-11.7,-13.6,-15.3,-15.7,60.5,56.2,54.1,55.6,59.7,64.4,66.1,64.6,63.0,60.5,58.6,57.5,58.1,59.8,62.4,64.0,64.7,65.2,65.2,64.6,62.2,62.9,62.0,60.1,58.3,57.6,58.5,60.4,54.0,49.6,47.3,48.5,52.4,56.9,59.1,58.3,57.3,54.3,52.0,50.6,50.8,51.9,54.0,55.9,57.1,57.8,58.1,58.3,55.5,56.0,55.0,53.1,51.3,50.8,51.8,53.7,899.6,899.7,899.3,898.6,898.0,898.1,898.3,899.0,904.5,901.5,898.7,896.9,897.0,898.0,899.4,898.2,897.2,897.4,899.0,901.7,899.7,899.4,899.2,899.3,899.5,899.8,900.0,900.0,869.0,869.8,870.6,871.0,870.8,870.1,869.2,869.0,870.3,869.0,868.0,868.1,869.9,872.8,875.7,872.8,870.0,868.3,868.0,869.0,870.2,870.4,870.8,871.1,871.2,871.0,870.6,870.3,0.19,0.00,0.91,0.02,0.00,0.00,0.04,0.00,0.04,0.51,0.00,0.69,0.02,0.05,0.00,0.00,0.00,0.00,0.00,0.00,1.00,0.00,0.00,0.00,0.00,0.00,1.00,0.00,1.00,0.00,1.00,0.00,0.00,0.00,0.00
5,0,0.279,0.98,1,0.096422,0.077470,-0.992321,-0.071239,0.088927,-0.993487,0.013,0.084,199.4,200.3,202.6,205.0,206.1,205.5,202.9,200.5,196.5,197.8,199.7,202.2,204.9,207.0,208.6,207.0,204.6,202.2,199.9,197.9,201.8,202.9,203.9,204.3,203.8,202.8,201.7,201.4,229.3,229.9,232.2,234.8,236.2,235.6,233.3,230.6,227.1,228.5,230.5,233.1,235.8,237.9,239.4,238.2,236.3,234.0,231.5,229.0,231.8,233.0,234.0,234.2,233.6,232.5,231.5,231.2,354.9,352.3,351.2,352.1,354.5,357.2,358.2,357.3,356.1,354.8,353.8,353.3,353.6,354.5,356.0,356.9,357.4,357.7,357.6,357.1,355.9,356.2,355.7,354.6,353.6,353.2,353.7,354.8,352.3,349.6,348.2,348.9,351.3,354.0,355.4,354.9,354.2,352.5,351.1,350.3,350.4,351.0,352.1,353.3,354.1,354.6,354.8,354.8,353.1,353.4,352.8,351.7,350.6,350.3,350.9,352.1,-70.2,-68.7,-64.6,-60.4,-58.5,-59.6,-64.0,-68.3,-75.6,-73.2,-69.7,-65.2,-60.5,-56.9,-54.3,-57.1,-61.0,-65.2,-69.3,-72.9,-66.0,-64.1,-62.4,-61.7,-62.5,-64.4,-66.2,-66.8,-17.8,-16.8,-13.0,-8.7,-6.3,-7.3,-11.1,-15.8,-21.5,-19.3,-15.9,-11.5,-7.1,-3.5,-1.0,-3.0,-6.2,-10.0,-14.2,-18.4,-13.7,-11.8,-10.1,-9.7,-10.7,-12.6,-14.3,-14.7,60.3,55.9,53.9,55.4,59.5,64.2,65.9,64.4,62.8,60.2,58.4,57.3,57.9,59.6,62.2,63.8,64.5,65.0,65.0,64.3,62.0,62.7,61.8,59.9,58.1,57.4,58.3,60.2,54.0,49.6,47.3,48.5,52.5,56.9,59.1,58.3,57.3,54.3,52.0,50.6,50.8,52.0,54.1,55.9,57.1,57.8,58.1,58.2,55.5,56.0,55.0,53.1,51.3,50.8,51.8,53.7,900.7,900.8,900.4,899.7,899.1,899.3,899.5,900.2,905.6,902.6,899.8,898.1,898.1,899.2,900.6,899.4,898.3,898.6,900.2,902.8,900.8,900.5,900.4,900.4,900.6,900.9,901.1,901.1,870.8,871.5,872.3,872.8,872.5,871.8,871.0,870.7,872.0,870.7,869.8,869.9,871.7,874.5,877.5,874.5,871.8,870.1,869.8,870.8,872.0,872.2,872.5,872.9,872.9,872.8,872.4,872.1,0.12,0.00,0.83,0.02,0.00,0.00,0.00,0.00,0.07,0.54,0.00,0.76,0.00,0.08,0.06,0.02,0.00,0.00,0.00,0.00,1.00,0.00,0.00,0.00,0.00,0.00,1.00,0.00,1.00,0.00,1.00,0.00,0.00,0.00,0.00
6,0,0.349,0.98,1,0.095434,0.079398,-0.992264,-0.072672,0.091160,-0.993181,0.011,0.086,199.8,200.7,203.1,205.5,206.6,205.9,203.4,200.9,197.0,198.2,200.1,202.7,205.4,207.5,209.1,207.4,205.1,202.6,200.3,198.4,202.3,203.4,204.4,204.8,204.3,203.2,202.2,201.8,229.8,230.4,232.7,235.3,236.7,236.1,233.8,231.1,227.6,228.9,231.0,233.6,236.3,238.4,239.9,238.7,236.8,234.5,232.0,229.5,232.3,233.5,234.5,234.7,234.1,233.0,232.0,231.7,354.8,352.3,351.2,352.1,354.5,357.2,358.2,357.3,356.1,354.7,353.8,353.3,353.6,354.5,356.0,356.9,357.4,357.7,357.6,357.1,355.8,356.2,355.7,354.6,353.6,353.2,353.7,354.8,352.3,349.7,348.3,349.0,351.4,354.0,355.4,354.9,354.3,352.5,351.1,350.3,350.4,351.0,352.1,353.4,354.1,354.7,354.9,354.9,353.2,353.5,352.9,351.7,350.7,350.4,351.0,352.1,-69.3,-67.8,-63.7,-59.5,-57.6,-58.8,-63.2,-67.4,-74.7,-72.3,-68.8,-64.3,-59.6,-56.0,-53.4,-56.2,-60.1,-64.4,-68.5,-72.1,-65.1,-63.3,-61.5,-60.8,-61.7,-63.5,-65.3,-66.0,-17.0,-16.0,-12.2,-7.8,-5.5,-6.5,-10.3,-14.9,-20.7,-18.5,-15.1,-10.6,-6.2,-2.7,-0.2,-2.2,-5.3,-9.2,-13.4,-17.5,-12.9,-10.9,-9.3,-8.8,-9.9,-11.8,-13.4,-13.9,60.2,55.8,53.8,55.3,59.5,64.1,65.8,64.3,62.7,60.1,58.3,57.3,57.8,59.6,62.1,63.7,64.4,64.9,64.9,64.2,61.9,62.6,61.7,59.8,58.0,57.3,58.2,60.1,54.0,49.6,47.3,48.5,52.5,56.9,59.1,58.3,57.3,54.3,52.0,50.6,50.8,52.0,54.1,55.9,57.1,57.8,58.1,58.2,55.5,56.0,55.0,53.1,51.3,50.8,51.8,53.7,899.5,899.6,899.2,898.5,897.9,898.1,898.3,899.0,904.4,901.4,898.6,896.8,896.9,897.9,899.4,898.2,897.2,897.4,899.0,901.6,899.6,899.3,899.2,899.2,899.4,899.7,899.9,899.9,869.9,870.6,871.4,871.9,871.7,870.9,870.1,869.9,871.1,869.8,868.9,869.0,870.8,873.6,876.6,873.6,870.9,869.2,868.9,869.9,871.1,871.3,871.6,872.0,872.0,871.9,871.5,871.2,0.11,0.00,0.77,0.02,0.00,0.00,0.00,0.00,0.05,0.56,0.00,0.78,0.00,0.08,0.06,0.02,0.00,0.00,0.00,0.00,1.00,0.00,0.00,0.00,0.00,0.00,1.00,0.00,1.00,0.00,1.00,0.00,0.00,0.00,0.00
7,0,0.419,0.98,1,0.092853,0.080211,-0.992444,-0.075300,0.091459,-0.992958,0.009,0.086,200.1,201.0,203.3,205.7,206.8,206.1,203.6,201.1,197.2,198.4,200.3,202.9,205.6,207.7,209.3,207.6,205.3,202.8,200.5,198.6,202.5,203.6,204.6,205.0,204.5,203.4,202.4,202.0,230.0,230.6,232.9,235.5,236.9,236.3,234.0,231.2,227.8,229.1,231.1,233.8,236.5,238.6,240.1,238.9,237.0,234.7,232.1,229.7,232.5,233.6,234.6,234.9,234.3,233.2,232.2,231.9,354.9,352.4,351.3,352.2,354.6,357.3,358.2,357.3,356.2,354.8,353.9,353.3,353.7,354.6,356.1,357.0,357.5,357.8,357.7,357.2,355.9,356.3,355.8,354.7,353.7,353.3,353.8,354.9,352.4,349.8,348.4,349.1,351.5,354.1,355.5,355.0,354.4,352.6,351.3,350.4,350.5,351.1,352.2,353.5,354.3,354.8,355.0,355.0,353.3,353.6,353.0,351.8,350.8,350.5,351.1,352.2,-69.0,-67.4,-63.3,-59.1,-57.2,-58.4,-62.8,-67.0,-74.3,-72.0,-68.4,-63.9,-59.2,-55.6,-53.0,-55.8,-59.8,-64.0,-68.1,-71.7,-64.8,-62.9,-61.1,-60.4,-61.3,-63.1,-64.9,-65.6,-16.7,-15.7,-11.9,-7.5,-5.1,-6.2,-10.0,-14.6,-20.4,-18.1,-14.8,-10.3,-5.9,-2.4,0.1,-1.9,-5.0,-8.8,-13.1,-17.2,-12.5,-10.6,-9.0,-8.5,-9.5,-11.4,-13.1,-13.6,60.3,56.0,54.0,55.5,59.6,64.3,65.9,64.4,62.8,60.2,58.4,57.4,57.9,59.7,62.3,63.8,64.6,65.0,65.0,64.4,62.0,62.7,61.8,59.9,58.1,57.5,58.3,60.2,54.1,49.7,47.4,48.6,52.6,57.0,59.2,58.4,57.4,54.4,52.1,50.7,50.9,52.1,54.2,56.1,57.2,57.9,58.3,58.4,55.6,56.1,55.1,53.2,51.5,50.9,51.9,53.8,899.3,899.4,898.9,898.2,897.7,897.8,898.0,898.7,904.2,901.2,898.4,896.6,896.6,897.7,899.1,897.9,896.9,897.1,898.7,901.4,899.4,899.1,898.9,898.9,899.2,899.5,899.7,899.6,868.8,869.5,870.4,870.8,870.6,869.8,869.0,868.8,870.0,868.7,867.8,867.9,869.7,872.5,875.5,872.6,869.8,868.1,867.8,868.8,870.0,870.2,870.6,870.9,871.0,870.8,870.4,870.1,0.14,0.00,0.74,0.00,0.00,0.00,0.00,0.00,0.04,0.58,0.00,0.68,0.00,0.06,0.06,0.02,0.00,0.00,0.00,0.00,1.00,0.00,0.00,0.00,0.00,0.00,1.00,0.00,1.00,0.00,1.00,0.00,0.00,0.00,0.00
8,0,0.488,0.98,1,0.090167,0.082606,-0.992495,-0.078833,0.093651,-0.992479,0.006,0.089,200.0,200.9,203.3,205.7,206.8,206.1,203.5,201.1,197.2,198.4,200.3,202.8,205.5,207.7,209.2,207.6,205.2,202.8,200.5,198.5,202.5,203.5,204.5,204.9,204.5,203.4,202.4,202.0,229.9,230.6,232.9,235.5,236.9,236.3,234.0,231.2,227.7,229.1,231.1,233.8,236.4,238.6,240.0,238.8,237.0,234.6,232.1,229.6,232.4,233.6,234.6,234.9,234.3,233.1,232.1,231.8,355.1,352.6,351.5,352.4,354.8,357.5,358.4,357.5,356.3,355.0,354.1,353.5,353.9,354.8,356.3,357.2,357.7,358.0,357.9,357.4,356.1,356.5,356.0,354.9,353.9,353.5,354.0,355.1,352.7,350.0,348.7,349.4,351.8,354.4,355.8,355.3,354.7,352.9,351.5,350.7,350.8,351.4,352.5,353.8,354.6,355.1,355.3,355.3,353.6,353.9,353.3,352.1,351.1,350.7,351.4,352.5,-69.0,-67.5,-63.4,-59.2,-57.3,-58.5,-62.9,-67.1,-74.4,-72.0,-68.5,-64.0,-59.3,-55.7,-53.1,-55.9,-59.8,-64.1,-68.2,-71.7,-64.8,-63.0,-61.2,-60.5,-61.3,-63.2,-65.0,-65.7,-16.8,-15.7,-11.9,-7.5,-5.2,-6.2,-10.1,-14.7,-20.5,-18.2,-14.8,-10.4,-6.0,-2.4,0.1,-1.9,-5.1,-8.9,-13.2,-17.3,-12.6,-10.7,-9.0,-8.6,-9.6,-11.5,-13.2,-13.6,60.6,56.3,54.3,55.8,60.0,64.6,66.3,64.8,63.1,60.5,58.7,57.7,58.3,60.1,62.6,64.2,64.9,65.4,65.3,64.7,62.4,63.0,62.2,60.3,58.5,57.8,58.7,60.6,54.5,50.1,47.8,49.0,53.0,57.4,59.7,58.8,57.8,54.8,52.5,51.1,51.3,52.5,54.6,56.5,57.6,58.4,58.7,58.8,56.0,56.5,55.5,53.6,51.9,51.3,52.3,54.3,899.2,899.2,898.8,898.1,897.6,897.7,898.0,898.7,904.1,901.1,898.3,896.5,896.5,897.6,899.0,897.8,896.8,897.0,898.7,901.3,899.3,899.0,898.8,898.8,899.1,899.4,899.6,899.5,867.6,868.4,869.2,869.6,869.4,868.7,867.9,867.6,868.9,867.6,866.6,866.7,868.5,871.3,874.3,871.4,868.6,867.0,866.7,867.7,868.8,869.0,869.4,869.7,869.8,869.6,869.2,868.9,0.33,0.07,0.71,0.13,0.00,0.00,0.00,0.00,0.06,0.55,0.00,0.59,0.04,0.03,0.00,0.00,0.19,0.00,0.00,0.00,1.00,0.00,0.00,0.00,0.00,0.00,1.00,0.00,0.00,0.00,1.00,0.00,0.00,0.00,0.00
9,0,0.558,0.98,1,0.081134,0.107658,-0.990872,-0.092456,0.117622,-0.988745,-0.006,0.113,199.9,200.7,203.0,205.3,206.3,205.7,203.3,201.0,197.2,198.3,200.2,202.6,205.1,207.1,208.6,207.1,204.9,202.6,200.4,198.5,202.2,203.2,204.2,204.6,204.1,203.1,202.1,201.8,228.9,229.6,231.8,234.3,235.6,234.9,232.7,230.1,226.8,228.1,230.0,232.6,235.2,237.2,238.7,237.5,235.6,233.4,230.9,228.6,231.3,232.4,233.4,233.7,233.1,232.0,231.0,230.7,356.5,354.1,353.1,353.9,356.2,358.7,359.7,358.8,357.6,356.5,355.6,355.2,355.4,356.3,357.5,358.4,358.9,359.1,359.0,358.6,357.5,357.8,357.4,356.3,355.3,354.9,355.4,356.5,354.2,351.6,350.3,351.0,353.3,355.9,357.2,356.7,355.9,354.4,353.2,352.5,352.5,353.0,354.0,355.2,355.9,356.4,356.5,356.5,355.0,355.3,354.7,353.6,352.6,352.3,352.9,354.0,-73.6,-72.1,-68.0,-63.7,-61.8,-63.0,-67.4,-71.6,-79.0,-76.6,-73.0,-68.5,-63.9,-60.2,-57.6,-60.4,-64.3,-68.6,-72.7,-76.3,-69.4,-67.5,-65.7,-65.0,-65.9,-67.8,-69.5,-70.2,-19.4,-18.3,-14.4,-10.0,-7.7,-8.9,-12.8,-17.4,-23.2,-20.8,-17.4,-12.9,-8.5,-4.9,-2.3,-4.5,-7.7,-11.6,-15.9,-20.0,-15.2,-13.3,-11.6,-11.1,-12.1,-14.0,-15.7,-16.2,67.0,62.7,60.6,62.2,66.3,71.0,72.7,71.2,69.4,67.0,65.4,64.4,64.9,66.5,68.9,70.4,71.2,71.7,71.6,71.0,68.8,69.4,68.5,66.6,64.8,64.2,65.0,67.0,59.8,55.4,53.2,54.4,58.5,62.9,65.1,64.2,63.0,60.2,58.1,56.8,57.0,58.1,60.0,61.8,63.0,63.7,64.0,64.0,61.4,61.9,60.9,59.0,57.2,56.7,57.7,59.6,956.0,956.0,955.6,955.0,954.6,954.8,955.0,955.6,960.9,957.9,955.0,953.3,953.5,954.6,956.2,955.0,953.9,954.0,955.6,958.1,956.3,956.0,955.8,955.8,956.0,956.2,956.4,956.4,912.3,912.9,913.4,913.8,913.6,913.1,912.5,912.4,913.8,912.3,911.2,911.1,912.7,915.5,918.4,915.6,913.0,911.5,911.3,912.5,913.4,913.6,913.8,914.1,914.1,914.0,913.7,913.5,0.52,0.16,0.74,0.30,0.00,0.00,0.00,0.00,0.10,0.49,0.00,0.40,0.16,0.03,0.00,0.00,0.28,0.00,1.00,1.00,1.00,0.00,0.00,0.00,0.00,0.00,1.00,0.00,0.00,0.00,1.00,0.00,0.00,0.00,0.00
10,0,0.628,0.98,1,0.059750,0.106436,-0.992523,-0.113704,0.112969,-0.987071,-0.027,0.110,199.0,199.9,202.1,204.4,205.4,204.7,202.3,200.0,196.3,197.5,199.3,201.7,204.2,206.2,207.7,206.1,203.9,201.6,199.4,197.6,201.3,202.3,203.3,203.6,203.2,202.2,201.2,200.9,228.0,228.7,231.0,233.5,234.7,234.0,231.8,229.1,225.9,227.2,229.2,231.8,234.3,236.4,237.9,236.6,234.7,232.4,230.0,227.6,230.4,231.5,232.5,232.8,232.3,231.2,230.2,229.9,356.4,354.0,353.0,353.9,356.1,358.7,359.5,358.7,357.4,356.3,355.5,355.1,355.4,356.2,357.5,358.4,358.8,359.0,358.9,358.4,357.3,357.7,357.3,356.2,355.2,354.9,355.3,356.3,354.5,351.9,350.7,351.4,353.8,356.3,357.6,357.0,356.2,354.7,353.5,352.9,353.0,353.5,354.5,355.6,356.4,356.8,356.9,356.8,355.4,355.7,355.1,354.0,353.0,352.7,353.2,354.3,-75.7,-74.1,-69.9,-65.7,-63.8,-65.1,-69.5,-73.8,-81.1,-78.7,-75.1,-70.6,-65.9,-62.3,-59.7,-62.5,-66.5,-70.8,-74.9,-78.5,-71.5,-69.6,-67.8,-67.1,-67.9,-69.8,-71.6,-72.3,-20.9,-19.7,-15.8,-11.4,-9.2,-10.4,-14.4,-19.0,-24.7,-22.3,-18.9,-14.4,-9.9,-6.3,-3.7,-5.9,-9.3,-13.2,-17.5,-21.6,-16.7,-14.8,-13.1,-12.6,-13.5,-15.4,-17.2,-17.7,67.2,62.8,60.9,62.4,66.6,71.3,72.9,71.4,69.5,67.1,65.5,64.6,65.1,66.8,69.2,70.8,71.5,71.9,71.8,71.1,69.0,69.6,68.8,66.9,65.1,64.4,65.2,67.1,60.2,55.8,53.6,54.9,59.0,63.4,65.6,64.6,63.3,60.6,58.5,57.3,57.6,58.6,60.6,62.4,63.5,64.1,64.3,64.3,61.8,62.4,61.4,59.5,57.7,57.1,58.1,60.0,961.7,961.7,961.2,960.5,960.1,960.4,960.6,961.3,966.7,963.6,960.7,959.0,959.0,960.1,961.6,960.4,959.4,959.7,961.3,963.9,961.9,961.6,961.4,961.4,961.6,961.8,962.0,962.1,909.2,909.7,910.2,910.5,910.3,909.8,909.2,909.2,910.7,909.2,908.0,907.8,909.4,912.1,915.0,912.2,909.7,908.2,908.1,909.3,910.2,910.3,910.6,910.8,910.9,910.8,910.5,910.3,0.65,0.32,0.72,0.38,0.01,0.00,0.00,0.00,0.11,0.50,0.00,0.28,0.19,0.00,0.00,0.00,0.32,0.00,1.00,1.00,1.00,0.00,0.00,0.00,0.00,0.00,1.00,0.00,0.00,0.00,1.00,0.00,0.00,0.00,0.00
11,0,0.698,0.98,1,0.049650,0.104586,-0.993276,-0.121842,0.108530,-0.986598,-0.036,0.107,198.7,199.6,201.8,204.1,205.0,204.3,201.9,199.6,195.9,197.1,198.9,201.3,203.9,205.9,207.3,205.7,203.5,201.2,199.0,197.2,200.9,201.9,202.9,203.3,202.9,201.9,200.9,200.5,227.8,228.5,230.8,233.3,234.6,233.9,231.6,228.9,225.6,227.0,228.9,231.6,234.2,236.3,237.8,236.5,234.5,232.2,229.7,227.4,230.2,231.3,232.3,232.6,232.1,231.0,230.0,229.7,355.8,353.5,352.5,353.4,355.7,358.2,359.1,358.1,356.8,355.7,354.9,354.5,354.9,355.8,357.1,358.0,358.4,358.6,358.4,357.9,356.8,357.2,356.8,355.8,354.7,354.3,354.8,355.8,354.3,351.7,350.5,351.3,353.7,356.2,357.5,356.9,356.0,354.5,353.3,352.7,352.8,353.4,354.4,355.6,356.3,356.7,356.8,356.7,355.2,355.6,355.0,353.9,352.9,352.5,353.1,354.2,-75.7,-74.0,-69.9,-65.7,-63.9,-65.2,-69.7,-73.9,-81.1,-78.7,-75.1,-70.6,-65.9,-62.3,-59.8,-62.6,-66.6,-70.9,-75.0,-78.5,-71.5,-69.7,-67.8,-67.1,-67.9,-69.7,-71.6,-72.3,-21.1,-19.8,-15.8,-11.5,-9.3,-10.6,-14.6,-19.2,-24.9,-22.5,-19.1,-14.5,-10.0,-6.4,-3.9,-6.1,-9.5,-13.4,-17.7,-21.8,-16.9,-15.0,-13.3,-12.7,-13.7,-15.6,-17.3,-17.9,65.6,61.2,59.4,61.0,65.2,69.8,71.4,69.8,67.8,65.4,63.9,63.0,63.6,65.4,67.9,69.4,70.0,70.4,70.2,69.5,67.4,68.1,67.3,65.4,63.6,62.9,63.7,65.6,59.2,54.8,52.7,54.1,58.2,62.6,64.7,63.7,62.3,59.6,57.5,56.3,56.7,57.8,59.8,61.6,62.7,63.3,63.4,63.4,60.9,61.5,60.5,58.6,56.8,56.2,57.1,59.1,953.2,953.2,952.6,951.9,951.5,951.7,952.1,952.8,958.3,955.2,952.2,950.4,950.4,951.4,952.9,951.8,950.8,951.1,952.8,955.5,953.3,953.0,952.8,952.8,953.0,953.3,953.5,953.5,899.0,899.6,900.1,900.4,900.2,899.6,899.1,899.1,900.6,899.1,897.9,897.7,899.3,902.0,904.9,902.1,899.6,898.1,898.0,899.2,900.1,900.2,900.4,900.7,900.7,900.6,900.4,900.2,0.69,0.38,0.71,0.32,0.02,0.00,0.00,0.00,0.06,0.53,0.00,0.26,0.26,0.00,0.00,0.00,0.12,0.00,1.00,1.00,1.00,0.00,0.00,0.00,0.00,0.00,1.00,0.00,0.00,1.00,1.00,0.00,0.00,0.00,0.00
12,0,0.767,0.98,1,0.053761,0.096364,-0.993893,-0.114996,0.099750,-0.988345,-0.031,0.099,199.1,200.0,202.3,204.6,205.5,204.8,202.3,200.0,196.3,197.5,199.4,201.8,204.4,206.4,207.9,206.2,204.0,201.6,199.4,197.6,201.4,202.4,203.4,203.8,203.4,202.4,201.4,201.0,228.3,229.0,231.3,233.8,235.1,234.4,232.0,229.4,226.1,227.4,229.4,232.1,234.7,236.8,238.2,236.9,235.0,232.7,230.2,227.8,230.7,231.8,232.8,233.1,232.6,231.5,230.5,230.1,355.0,352.7,351.6,352.6,355.0,357.5,358.3,357.4,356.1,354.9,354.1,353.7,354.1,355.1,356.5,357.3,357.7,357.8,357.7,357.1,356.1,356.5,356.1,355.0,354.0,353.6,354.0,355.1,353.8,351.2,349.9,350.7,353.1,355.7,356.9,356.4,355.5,354.0,352.7,352.1,352.2,352.9,354.0,355.1,355.8,356.2,356.3,356.2,354.7,355.0,354.5,353.4,352.3,352.0,352.5,353.7,-73.8,-72.1,-67.9,-63.8,-62.0,-63.4,-67.9,-72.1,-79.2,-76.8,-73.2,-68.7,-64.1,-60.5,-57.9,-60.8,-64.8,-69.1,-73.1,-76.6,-69.7,-67.8,-66.0,-65.3,-66.0,-67.9,-69.7,-70.4,-20.1,-18.9,-14.9,-10.6,-8.4,-9.7,-13.7,-18.3,-24.0,-21.6,-18.1,-13.6,-9.1,-5.6,-3.1,-5.3,-8.6,-12.5,-16.8,-20.9,-16.0,-14.1,-12.4,-11.8,-12.8,-14.7,-16.4,-17.0,63.2,58.9,57.0,58.7,62.9,67.5,69.1,67.4,65.4,63.0,61.4,60.6,61.3,63.1,65.7,67.2,67.8,68.1,67.9,67.1,65.1,65.8,65.0,63.1,61.3,60.6,61.4,63.2,58.0,53.6,51.5,52.9,56.9,61.3,63.4,62.4,61.1,58.3,56.1,55.0,55.3,56.6,58.7,60.5,61.5,62.1,62.2,62.1,59.6,60.2,59.3,57.4,55.6,55.0,55.9,57.8,939.4,939.4,938.9,938.1,937.6,937.8,938.2,938.9,944.5,941.4,938.5,936.6,936.6,937.6,939.0,937.9,936.9,937.3,938.9,941.6,939.5,939.2,938.9,938.9,939.2,939.5,939.7,939.7,894.0,894.6,895.3,895.5,895.3,894.7,894.0,893.9,895.4,894.0,892.9,892.8,894.4,897.2,900.1,897.2,894.6,893.0,892.9,894.1,895.1,895.2,895.5,895.7,895.8,895.7,895.4,895.2,0.49,0.30,0.63,0.15,0.03,0.00,0.00,0.00,0.14,0.67,0.00,0.41,0.16,0.03,0.00,0.00,0.03,0.00,1.00,1.00,1.00,0.00,0.00,0.00,0.00,0.00,1.00,0.00,0.00,1.00,1.00,0.00,0.00,0.00,0.00
13,0,0.837,0.98,1,0.065861,0.099670,-0.992839,-0.103739,0.100490,-0.989515,-0.019,0.101,199.6,200.6,202.9,205.3,206.2,205.4,202.9,200.6,196.8,198.1,200.0,202.4,205.0,207.1,208.5,206.8,204.6,202.2,200.0,198.1,202.0,203.0,204.0,204.4,204.0,203.0,202.0,201.5,229.1,229.9,232.2,234.7,236.0,235.3,232.9,230.2,226.9,228.3,230.3,233.0,235.6,237.7,239.1,237.8,235.9,233.6,231.1,228.7,231.6,232.7,233.7,234.0,233.5,232.3,231.3,231.0,354.7,352.3,351.3,352.3,354.7,357.2,358.0,357.1,355.7,354.5,353.7,353.3,353.8,354.8,356.2,357.0,357.4,357.5,357.3,356.7,355.8,356.2,355.7,354.7,353.7,353.2,353.7,354.7,353.6,351.0,349.8,350.6,353.0,355.6,356.8,356.2,355.4,353.8,352.6,351.9,352.1,352.7,353.9,355.0,355.7,356.1,356.1,356.1,354.6,354.9,354.4,353.2,352.2,351.8,352.4,353.5,-72.0,-70.3,-66.1,-61.9,-60.2,-61.7,-66.1,-70.3,-77.5,-75.0,-71.4,-66.9,-62.2,-58.7,-56.2,-59.1,-63.0,-67.3,-71.4,-74.9,-67.9,-66.1,-64.2,-63.5,-64.2,-66.0,-67.9,-68.6,-18.5,-17.3,-13.3,-9.0,-6.8,-8.1,-12.0,-16.6,-22.4,-20.0,-16.5,-12.0,-7.5,-4.0,-1.5,-3.7,-6.9,-10.9,-15.1,-19.2,-14.4,-12.5,-10.8,-10.2,-11.2,-13.1,-14.8,-15.3,61.9,57.6,55.8,57.5,61.7,66.3,67.8,66.1,64.0,61.7,60.1,59.3,60.1,61.9,64.5,66.0,66.5,66.8,66.5,65.7,63.8,64.5,63.8,61.9,60.0,59.3,60.1,61.9,57.2,52.9,50.8,52.2,56.3,60.6,62.7,61.7,60.3,57.6,55.4,54.3,54.7,55.9,58.1,59.8,60.8,61.3,61.5,61.4,58.9,59.5,58.6,56.7,54.9,54.3,55.2,57.1,929.3,929.3,928.8,928.1,927.6,927.8,928.1,928.8,934.3,931.2,928.3,926.5,926.5,927.6,929.0,927.9,926.9,927.1,928.8,931.4,929.4,929.1,928.9,928.9,929.1,929.4,929.6,929.6,886.9,887.6,888.3,888.6,888.4,887.7,887.0,886.9,888.2,886.9,885.8,885.8,887.5,890.3,893.2,890.3,887.7,886.1,885.9,886.9,888.0,888.2,888.5,888.8,888.9,888.7,888.4,888.1,0.29,0.19,0.71,0.07,0.03,0.00,0.00,0.00,0.24,0.84,0.00,0.60,0.16,0.13,0.00,0.00,0.00,0.00,1.00,0.00,1.00,0.00,0.00,0.00,0.00,0.00,1.00,0.00,1.00,1.00,1.00,0.00,0.00,0.00,0.00
14,0,0.907,0.98,1,0.080229,0.100290,-0.991718,-0.090180,0.100632,-0.990828,-0.005,0.101,200.5,201.5,203.8,206.1,207.1,206.3,203.7,201.4,197.6,198.9,200.8,203.3,205.9,207.9,209.4,207.7,205.5,203.1,200.8,198.9,202.8,203.8,204.8,205.3,204.9,203.9,202.8,202.4,230.1,230.8,233.1,235.7,236.9,236.2,233.9,231.2,227.8,229.2,231.3,233.9,236.5,238.6,240.0,238.8,236.9,234.6,232.1,229.7,232.5,233.6,234.6,234.9,234.4,233.3,232.3,231.9,354.6,352.2,351.2,352.2,354.6,357.2,358.0,357.0,355.6,354.4,353.6,353.3,353.7,354.7,356.1,357.0,357.3,357.4,357.2,356.7,355.7,356.1,355.7,354.6,353.6,353.1,353.6,354.6,353.5,351.0,349.7,350.5,352.9,355.5,356.8,356.2,355.3,353.7,352.5,351.8,352.0,352.7,353.8,354.9,355.6,356.0,356.1,356.0,354.5,354.8,354.3,353.2,352.1,351.8,352.3,353.4,-70.3,-68.5,-64.3,-60.1,-58.4,-59.9,-64.4,-68.5,-75.8,-73.3,-69.6,-65.1,-60.4,-56.9,-54.4,-57.3,-61.3,-65.5,-69.6,-73.2,-66.1,-64.3,-62.5,-61.7,-62.5,-64.3,-66.1,-66.9,-16.9,-15.7,-11.7,-7.4,-5.2,-6.5,-10.4,-15.0,-20.8,-18.3,-14.9,-10.3,-5.9,-2.4,0.0,-2.1,-5.3,-9.2,-13.5,-17.6,-12.8,-10.9,-9.2,-8.6,-9.6,-11.5,-13.2,-13.7,61.5,57.2,55.4,57.1,61.4,66.0,67.4,65.7,63.7,61.3,59.8,59.0,59.7,61.6,64.2,65.6,66.1,66.4,66.1,65.3,63.5,64.2,63.4,61.6,59.7,58.9,59.7,61.6,57.1,52.8,50.7,52.1,56.2,60.6,62.6,61.6,60.3,57.5,55.3,54.2,54.6,55.9,58.0,59.8,60.7,61.3,61.4,61.3,58.8,59.5,58.6,56.7,54.9,54.2,55.2,57.1,925.9,926.0,925.6,925.0,924.4,924.6,924.8,925.4,930.8,927.8,925.0,923.3,923.4,924.4,925.9,924.7,923.6,923.8,925.4,928.0,926.1,925.8,925.6,925.7,925.9,926.2,926.4,926.3,887.5,888.2,889.0,889.4,889.1,888.4,887.6,887.4,888.7,887.4,886.4,886.5,888.3,891.1,894.0,891.1,888.4,886.7,886.4,887.5,888.6,888.8,889.2,889.5,889.6,889.4,889.1,888.7,0.06,0.05,0.76,0.00,0.02,0.00,0.00,0.00,0.29,1.02,0.00,0.66,0.23,0.25,0.00,0.00,0.00,0.00,1.00,0.00,1.00,0.00,0.00,0.00,0.00,0.00,1.00,0.00,1.00,1.00,1.00,0.00,0.00,0.00,0.00
15,0,0.977,0.98,1,0.090125,0.105588,-0.990317,-0.079512,0.103956,-0.991399,0.005,0.105,201.4,202.4,204.8,207.2,208.1,207.2,204.7,202.4,198.5,199.8,201.8,204.3,206.9,208.9,210.4,208.7,206.4,204.0,201.7,199.8,203.8,204.8,205.8,206.3,205.9,204.8,203.8,203.4,231.3,232.0,234.3,236.9,238.1,237.4,235.1,232.3,229.0,230.4,232.5,235.2,237.8,239.8,241.2,239.9,238.1,235.8,233.2,230.8,233.7,234.8,235.8,236.1,235.6,234.5,233.5,233.1,354.3,351.9,350.9,351.9,354.4,357.0,357.8,356.7,355.3,354.1,353.4,353.0,353.5,354.5,355.9,356.8,357.1,357.2,357.0,356.4,355.4,355.9,355.5,354.4,353.3,352.9,353.3,354.4,353.5,350.9,349.7,350.5,353.0,355.5,356.8,356.2,355.3,353.7,352.5,351.9,352.1,352.7,353.9,355.0,355.6,356.0,356.1,356.0,354.5,354.9,354.3,353.2,352.1,351.8,352.3,353.4,-68.1,-66.3,-62.1,-57.9,-56.3,-57.8,-62.3,-66.4,-73.7,-71.1,-67.4,-62.9,-58.3,-54.7,-52.3,-55.2,-59.1,-63.4,-67.5,-71.1,-64.0,-62.2,-60.3,-59.6,-60.3,-62.1,-63.9,-64.7,-14.8,-13.5,-9.6,-5.3,-3.2,-4.4,-8.4,-13.0,-18.7,-16.3,-12.7,-8.2,-3.8,-0.4,2.0,-0.1,-3.3,-7.2,-11.5,-15.6,-10.7,-8.9,-7.1,-6.6,-7.5,-9.4,-11.1,-11.7,60.6,56.3,54.6,56.3,60.6,65.2,66.6,64.8,62.7,60.4,58.9,58.1,58.9,60.8,63.5,64.8,65.3,65.5,65.2,64.4,62.6,63.4,62.6,60.7,58.9,58.1,58.9,60.7,56.8,52.5,50.4,51.9,56.0,60.4,62.4,61.3,59.9,57.2,55.1,54.0,54.4,55.7,57.9,59.6,60.5,61.0,61.1,61.0,58.6,59.2,58.3,56.4,54.6,54.0,54.9,56.8,919.5,919.6,919.3,918.7,918.2,918.3,918.4,919.0,924.4,921.4,918.6,917.0,917.1,918.2,919.7,918.4,917.3,917.5,919.0,921.6,919.7,919.5,919.3,919.4,919.6,919.9,920.0,920.0,883.2,884.0,884.8,885.3,885.1,884.4,883.5,883.2,884.5,883.2,882.2,882.4,884.2,887.1,890.1,887.1,884.3,882.6,882.3,883.2,884.5,884.7,885.1,885.4,885.5,885.3,884.9,884.6,0.00,0.04,0.84,0.00,0.01,0.00,0.00,0.07,0.22,1.09,0.00,0.63,0.30,0.30,0.00,0.06,0.00,0.00,0.00,0.00,1.00,0.00,0.00,0.00,0.00,0.00,1.00,0.00,1.00,1.00,1.00,0.00,0.00,0.00,0.00
16,0,1.047,0.98,1,0.098950,0.105466,-0.989488,-0.071938,0.105682,-0.991794,0.014,0.106,202.5,203.5,205.9,208.2,209.2,208.4,205.8,203.5,199.5,200.9,202.9,205.4,208.0,210.0,211.5,209.8,207.5,205.1,202.8,200.9,204.8,205.9,206.9,207.4,206.9,205.9,204.9,204.4,232.4,233.2,235.5,238.0,239.2,238.5,236.2,233.5,230.1,231.6,233.6,236.3,238.9,240.9,242.3,241.0,239.2,236.9,234.4,232.0,234.8,235.9,236.9,237.3,236.7,235.6,234.6,234.3,354.5,352.1,351.1,352.1,354.6,357.2,358.0,357.0,355.6,354.4,353.6,353.2,353.7,354.7,356.1,356.9,357.3,357.4,357.2,356.6,355.7,356.1,355.7,354.6,353.5,353.1,353.5,354.6,353.5,351.0,349.7,350.5,353.0,355.5,356.8,356.2,355.3,353.7,352.5,351.9,352.1,352.7,353.8,355.0,355.6,356.0,356.1,356.0,354.5,354.9,354.3,353.2,352.1,351.8,352.3,353.4,-66.1,-64.3,-60.1,-56.0,-54.3,-55.7,-60.2,-64.4,-71.7,-69.1,-65.4,-60.9,-56.3,-52.7,-50.3,-53.1,-57.1,-61.4,-65.5,-69.1,-62.0,-60.2,-58.3,-57.6,-58.3,-60.1,-62.0,-62.7,-12.9,-11.7,-7.7,-3.4,-1.3,-2.5,-6.5,-11.1,-16.8,-14.4,-10.9,-6.3,-1.9,1.5,3.9,1.8,-1.4,-5.3,-9.5,-13.7,-8.8,-7.0,-5.2,-4.7,-5.6,-7.5,-9.2,-9.8,60.9,56.6,54.9,56.6,60.8,65.4,66.9,65.1,63.1,60.7,59.2,58.4,59.2,61.1,63.7,65.1,65.6,65.8,65.5,64.7,62.9,63.6,62.9,61.0,59.1,58.4,59.2,61.0,57.1,52.7,50.7,52.1,56.2,60.6,62.6,61.6,60.2,57.4,55.3,54.2,54.6,55.9,58.1,59.8,60.8,61.3,61.4,61.3,58.8,59.4,58.5,56.6,54.8,54.2,55.1,57.0,918.2,918.3,918.0,917.4,917.0,917.1,917.1,917.7,923.0,920.0,917.3,915.7,915.8,917.0,918.5,917.2,916.1,916.2,917.7,920.2,918.4,918.2,918.1,918.1,918.3,918.6,918.7,918.7,886.6,887.3,888.2,888.7,888.5,887.8,887.0,886.7,887.8,886.5,885.6,885.8,887.6,890.5,893.6,890.6,887.8,886.1,885.7,886.6,887.9,888.1,888.5,888.8,888.9,888.6,888.3,888.0,0.01,0.00,0.81,0.00,0.00,0.00,0.00,0.12,0.14,1.06,0.00,0.54,0.36,0.30,0.00,0.10,0.00,0.00,0.00,0.00,1.00,0.00,0.00,0.00,0.00,0.00,1.00,0.00,1.00,1.00,1.00,0.00,0.00,0.00,0.00
17,0,1.116,0.98,1,0.099108,0.104367,-0.989588,-0.071670,0.104745,-0.991913,0.014,0.105,202.5,203.5,205.9,208.3,209.2,208.4,205.8,203.5,199.6,200.9,202.9,205.4,208.0,210.1,211.5,209.9,207.6,205.1,202.9,200.9,204.9,205.9,206.9,207.4,207.0,205.9,204.9,204.5,232.4,233.2,235.5,238.0,239.3,238.5,236.2,233.5,230.1,231.6,233.6,236.3,238.9,240.9,242.3,241.0,239.2,236.9,234.4,232.0,234.8,235.9,236.9,237.3,236.7,235.6,234.6,234.3,354.6,352.1,351.1,352.2,354.6,357.2,358.0,357.0,355.6,354.4,353.6,353.2,353.7,354.7,356.1,357.0,357.3,357.4,357.2,356.7,355.7,356.1,355.7,354.6,353.6,353.1,353.6,354.6,353.5,351.0,349.7,350.5,352.9,355.5,356.8,356.2,355.3,353.7,352.5,351.8,352.0,352.7,353.8,355.0,355.6,356.0,356.1,356.0,354.5,354.9,354.3,353.2,352.1,351.8,352.3,353.4,-66.0,-64.3,-60.1,-55.9,-54.2,-55.7,-60.2,-64.3,-71.6,-69.1,-65.4,-60.8,-56.2,-52.7,-50.2,-53.1,-57.0,-61.3,-65.4,-69.0,-61.9,-60.1,-58.3,-57.5,-58.3,-60.1,-61.9,-62.7,-12.9,-11.7,-7.7,-3.4,-1.3,-2.5,-6.5,-11.1,-16.8,-14.4,-10.9,-6.3,-1.9,1.5,3.9,1.8,-1.4,-5.3,-9.5,-13.7,-8.8,-7.0,-5.2,-4.7,-5.6,-7.5,-9.2,-9.8,60.9,56.7,54.9,56.6,60.9,65.5,66.9,65.2,63.1,60.8,59.2,58.4,59.2,61.1,63.7,65.1,65.6,65.8,65.6,64.8,62.9,63.7,62.9,61.0,59.2,58.4,59.2,61.1,57.1,52.7,50.7,52.1,56.2,60.6,62.6,61.6,60.2,57.4,55.3,54.2,54.6,55.9,58.0,59.8,60.8,61.3,61.4,61.3,58.8,59.4,58.5,56.6,54.8,54.2,55.1,57.0,918.1,918.2,917.9,917.4,916.9,917.0,917.1,917.6,922.9,920.0,917.2,915.6,915.7,916.9,918.4,917.1,916.0,916.1,917.6,920.1,918.4,918.1,918.0,918.0,918.3,918.5,918.6,918.6,886.8,887.5,888.3,888.8,888.7,888.0,887.1,886.8,888.0,886.7,885.8,885.9,887.8,890.7,893.7,890.7,888.0,886.2,885.8,886.8,888.0,888.3,888.6,888.9,889.0,888.8,888.4,888.1,0.05,0.00,0.80,0.00,0.00,0.00,0.00,0.14,0.12,0.99,0.00,0.50,0.25,0.18,0.01,0.21,0.00,0.00,0.00,0.00,1.00,0.00,0.00,0.00,0.00,0.00,1.00,0.00,1.00,1.00,1.00,0.00,0.00,0.00,0.00
18,0,1.186,0.98,1,0.099696,0.105556,-0.989403,-0.070472,0.108802,-0.991562,0.015,0.108,202.8,203.8,206.2,208.5,209.5,208.6,206.1,203.7,199.8,201.1,203.1,205.7,208.3,210.3,211.8,210.1,207.8,205.4,203.1,201.2,205.1,206.2,207.2,207.6,207.2,206.2,205.1,204.7,232.6,233.4,235.7,238.2,239.5,238.7,236.4,233.7,230.4,231.8,233.8,236.5,239.1,241.1,242.5,241.3,239.4,237.1,234.6,232.2,235.0,236.1,237.2,237.5,236.9,235.8,234.8,234.5,354.7,352.3,351.3,352.3,354.7,357.3,358.2,357.1,355.8,354.5,353.7,353.3,353.8,354.8,356.3,357.1,357.5,357.6,357.4,356.8,355.8,356.3,355.8,354.8,353.7,353.2,353.7,354.8,353.6,351.0,349.8,350.6,353.0,355.6,356.9,356.3,355.4,353.8,352.6,351.9,352.1,352.7,353.9,355.1,355.8,356.2,356.2,356.1,354.6,355.0,354.4,353.3,352.2,351.9,352.4,353.5,-65.2,-63.5,-59.3,-55.1,-53.4,-54.8,-59.3,-63.5,-70.8,-68.2,-64.5,-60.0,-55.4,-51.9,-49.4,-52.3,-56.2,-60.5,-64.6,-68.2,-61.1,-59.3,-57.4,-56.7,-57.4,-59.3,-61.1,-61.9,-12.5,-11.3,-7.4,-3.1,-0.9,-2.1,-6.1,-10.6,-16.4,-14.0,-10.5,-5.9,-1.6,1.9,4.3,2.2,-1.0,-4.8,-9.1,-13.2,-8.4,-6.6,-4.8,-4.3,-5.2,-7.1,-8.8,-9.4,60.8,56.5,54.7,56.5,60.7,65.3,66.8,65.0,63.0,60.6,59.0,58.2,59.0,60.9,63.6,65.0,65.5,65.7,65.5,64.7,62.8,63.5,62.7,60.9,59.0,58.3,59.0,60.9,57.0,52.7,50.6,52.0,56.1,60.5,62.5,61.5,60.2,57.4,55.2,54.0,54.5,55.8,57.9,59.7,60.7,61.3,61.4,61.3,58.7,59.4,58.5,56.6,54.8,54.1,55.0,56.9,912.3,912.4,912.1,911.5,911.0,911.1,911.2,911.8,917.1,914.1,911.4,909.8,909.9,911.1,912.6,911.3,910.2,910.3,911.8,914.3,912.5,912.3,912.1,912.2,912.4,912.7,912.8,912.8,883.0,883.7,884.6,885.1,885.0,884.3,883.4,883.1,884.3,883.0,882.1,882.2,884.1,887.0,890.0,887.1,884.3,882.5,882.2,883.1,884.3,884.6,884.9,885.2,885.3,885.1,884.7,884.4,0.05,0.00,0.76,0.00,0.00,0.00,0.00,0.20,0.11,0.98,0.00,0.36,0.16,0.09,0.17,0.40,0.00,0.00,0.00,0.00,1.00,0.00,0.00,0.00,0.00,0.00,1.00,0.00,1.00,1.00,1.00,0.00,0.00,0.00,0.00
19,0,1.256,0.98,1,0.107149,0.111420,-0.987980,-0.061776,0.117740,-0.991121,0.023,0.115,203.0,204.0,206.4,208.8,209.8,209.0,206.4,204.0,200.1,201.4,203.4,205.9,208.6,210.7,212.1,210.5,208.2,205.7,203.4,201.5,205.4,206.5,207.5,207.9,207.5,206.5,205.4,205.0,232.9,233.6,235.9,238.4,239.7,239.0,236.7,234.0,230.6,232.0,234.1,236.7,239.3,241.3,242.7,241.5,239.7,237.4,234.9,232.5,235.3,236.4,237.4,237.7,237.1,236.0,235.0,234.7,354.9,352.4,351.4,352.4,354.8,357.4,358.3,357.3,356.0,354.7,353.9,353.5,353.9,354.9,356.4,357.2,357.6,357.7,357.6,357.0,356.0,356.4,355.9,354.9,353.8,353.4,353.8,354.9,353.6,351.0,349.7,350.5,352.9,355.5,356.8,356.2,355.4,353.8,352.5,351.8,352.0,352.6,353.7,354.9,355.6,356.0,356.1,356.1,354.5,354.9,354.3,353.2,352.1,351.8,352.3,353.5,-64.5,-62.8,-58.6,-54.4,-52.7,-54.1,-58.5,-62.7,-70.0,-67.5,-63.8,-59.3,-54.7,-51.1,-48.6,-51.5,-55.4,-59.7,-63.8,-67.4,-60.4,-58.5,-56.7,-55.9,-56.7,-58.5,-60.4,-61.1,-12.1,-10.9,-7.0,-2.7,-0.5,-1.7,-5.6,-10.2,-16.0,-13.6,-10.1,-5.6,-1.2,2.3,4.6,2.6,-0.6,-4.4,-8.7,-12.8,-8.0,-6.1,-4.4,-3.9,-4.9,-6.8,-8.5,-9.0,60.8,56.6,54.7,56.4,60.6,65.3,66.8,65.1,63.1,60.7,59.1,58.3,59.0,60.9,63.5,64.9,65.4,65.7,65.5,64.7,62.8,63.5,62.7,60.8,59.0,58.3,59.1,60.9,57.0,52.6,50.5,51.9,56.0,60.3,62.4,61.4,60.1,57.3,55.1,53.9,54.3,55.6,57.7,59.5,60.5,61.1,61.3,61.2,58.6,59.2,58.3,56.4,54.6,54.0,54.9,56.9,908.8,908.9,908.6,908.0,907.5,907.7,907.8,908.3,913.6,910.7,907.9,906.3,906.4,907.6,909.1,907.8,906.7,906.8,908.3,910.8,909.1,908.8,908.7,908.7,908.9,909.2,909.3,909.3,883.8,884.4,885.3,885.8,885.7,885.0,884.2,883.8,885.0,883.7,882.8,882.9,884.8,887.7,890.8,887.8,885.1,883.3,882.9,883.8,885.1,885.3,885.7,886.0,886.0,885.8,885.4,885.1,0.04,0.00,0.78,0.00,0.00,0.00,0.00,0.27,0.12,0.96,0.00,0.31,0.07,0.00,0.17,0.54,0.00,0.00,0.00,0.00,1.00,0.00,0.00,0.00,1.00,0.00,1.00,0.00,0.00,0.00,0.00,0.00,0.00,0.00,0.00
20,0,1.326,0.98,1,0.111103,0.105030,-0.988243,-0.057533,0.111026,-0.992151,0.027,0.109,203.3,204.2,206.6,209.0,210.0,209.2,206.7,204.3,200.3,201.6,203.6,206.2,208.8,210.9,212.4,210.7,208.4,206.0,203.7,201.7,205.7,206.7,207.7,208.2,207.7,206.7,205.6,205.2,233.1,233.8,236.1,238.6,239.9,239.2,236.9,234.2,230.8,232.2,234.3,236.9,239.5,241.5,242.9,241.7,239.9,237.6,235.1,232.7,235.5,236.6,237.6,237.9,237.4,236.2,235.2,234.9,354.8,352.4,351.3,352.3,354.7,357.4,358.3,357.3,355.9,354.7,353.9,353.4,353.8,354.9,356.3,357.2,357.6,357.7,357.5,357.0,355.9,356.4,355.9,354.8,353.8,353.3,353.8,354.9,353.4,350.8,349.5,350.3,352.7,355.3,356.6,356.0,355.3,353.6,352.4,351.6,351.8,352.4,353.6,354.7,355.5,355.9,356.0,355.9,354.3,354.7,354.1,353.0,351.9,351.6,352.2,353.3,-63.9,-62.2,-58.0,-53.8,-52.1,-53.4,-57.9,-62.1,-69.4,-66.9,-63.2,-58.7,-54.1,-50.5,-48.0,-50.9,-54.8,-59.0,-63.2,-66.8,-59.7,-57.9,-56.1,-55.3,-56.1,-57.9,-59.8,-60.5,-11.7,-10.5,-6.7,-2.3,-0.1,-1.3,-5.2,-9.8,-15.6,-13.2,-9.7,-5.2,-0.8,2.6,5.0,3.0,-0.2,-4.0,-8.3,-12.4,-7.6,-5.7,-4.0,-3.5,-4.5,-6.4,-8.1,-8.6,60.6,56.3,54.4,56.1,60.3,64.9,66.5,64.8,62.8,60.4,58.8,58.0,58.7,60.5,63.1,64.6,65.1,65.5,65.2,64.5,62.5,63.2,62.4,60.5,58.7,58.0,58.8,60.6,56.6,52.3,50.1,51.5,55.6,59.9,62.1,61.1,59.8,57.0,54.8,53.6,53.9,55.2,57.3,59.1,60.2,60.8,60.9,60.9,58.3,58.9,57.9,56.0,54.3,53.7,54.6,56.5,905.6,905.6,905.3,904.7,904.3,904.4,904.5,905.1,910.3,907.4,904.6,903.0,903.2,904.3,905.9,904.6,903.4,903.6,905.1,907.6,905.8,905.6,905.4,905.5,905.7,905.9,906.1,906.0,882.3,882.9,883.8,884.4,884.3,883.6,882.7,882.3,883.5,882.2,881.3,881.4,883.4,886.3,889.3,886.4,883.6,881.8,881.4,882.3,883.6,883.8,884.2,884.5,884.5,884.3,883.9,883.6,0.00,0.00,0.77,0.00,0.00,0.00,0.00,0.35,0.10,0.92,0.00,0.30,0.00,0.02,0.16,0.57,0.00,0.00,0.00,0.00,1.00,0.00,0.00,0.00,1.00,0.00,1.00,0.00,0.00,0.00,0.00,0.00,0.00,0.00,0.00
21,0,1.395,0.98,1,0.114854,0.100979,-0.988237,-0.053457,0.106894,-0.992832,0.031,0.105,203.5,204.5,206.9,209.3,210.3,209.5,206.9,204.5,200.5,201.9,203.9,206.4,209.1,211.2,212.6,211.0,208.7,206.2,203.9,201.9,205.9,207.0,208.0,208.4,208.0,206.9,205.9,205.5,233.3,234.0,236.3,238.8,240.1,239.4,237.2,234.4,231.1,232.5,234.5,237.1,239.7,241.7,243.1,241.9,240.1,237.9,235.3,232.9,235.7,236.8,237.8,238.1,237.6,236.5,235.5,235.1,354.7,352.2,351.2,352.1,354.6,357.2,358.1,357.1,355.8,354.5,353.7,353.3,353.7,354.7,356.1,357.0,357.4,357.6,357.4,356.8,355.8,356.2,355.7,354.7,353.6,353.2,353.6,354.7,353.2,350.6,349.3,350.1,352.5,355.1,356.4,355.8,355.1,353.4,352.2,351.4,351.6,352.2,353.4,354.5,355.2,355.7,355.8,355.7,354.1,354.5,353.9,352.8,351.7,351.4,352.0,353.1,-63.4,-61.8,-57.6,-53.4,-51.6,-53.0,-57.5,-61.7,-69.0,-66.5,-62.8,-58.2,-53.6,-50.1,-47.6,-50.4,-54.3,-58.6,-62.7,-66.3,-59.3,-57.5,-55.6,-54.9,-55.7,-57.5,-59.3,-60.1,-11.4,-10.2,-6.3,-2.0,0.2,-1.0,-4.8,-9.4,-15.2,-12.8,-9.3,-4.8,-0.5,3.0,5.3,3.3,0.2,-3.6,-7.9,-12.0,-7.3,-5.4,-3.7,-3.2,-4.2,-6.0,-7.7,-8.3,60.3,56.0,54.2,55.9,60.1,64.7,66.2,64.5,62.6,60.2,58.6,57.7,58.4,60.3,62.9,64.3,64.9,65.2,65.0,64.2,62.2,63.0,62.2,60.3,58.4,57.7,58.5,60.4,56.4,52.1,49.9,51.3,55.3,59.7,61.8,60.8,59.6,56.8,54.5,53.3,53.7,55.0,57.1,58.9,59.9,60.5,60.7,60.7,58.1,58.7,57.7,55.8,54.0,53.4,54.4,56.3,906.0,906.1,905.7,905.2,904.7,904.8,904.9,905.5,910.7,907.8,905.0,903.4,903.6,904.8,906.3,905.0,903.8,903.9,905.4,908.0,906.2,906.0,905.8,905.9,906.1,906.3,906.5,906.4,884.4,885.1,886.0,886.6,886.5,885.7,884.9,884.5,885.6,884.3,883.5,883.6,885.6,888.5,891.6,888.6,885.8,884.0,883.6,884.5,885.7,886.0,886.4,886.7,886.7,886.5,886.1,885.8,0.00,0.00,0.79,0.00,0.00,0.00,0.00,0.35,0.13,0.93,0.00,0.37,0.00,0.04,0.17,0.59,0.00,0.00,0.00,0.00,1.00,0.00,0.00,0.00,1.00,0.00,1.00,0.00,0.00,0.00,0.00,0.00,0.00,0.00,0.00
22,0,1.465,0.98,1,0.116208,0.098273,-0.988351,-0.053770,0.105093,-0.993008,0.032,0.102,203.6,204.6,207.0,209.4,210.4,209.6,207.0,204.6,200.6,202.0,204.0,206.5,209.2,211.3,212.8,211.1,208.8,206.3,204.0,202.0,206.0,207.1,208.1,208.5,208.1,207.1,206.0,205.6,233.4,234.1,236.4,238.9,240.2,239.5,237.3,234.5,231.2,232.5,234.6,237.2,239.8,241.8,243.2,242.0,240.2,238.0,235.4,233.0,235.8,236.9,237.9,238.2,237.6,236.5,235.5,235.2,354.6,352.1,351.1,352.1,354.5,357.2,358.0,357.0,355.7,354.5,353.6,353.2,353.6,354.6,356.0,356.9,357.3,357.4,357.3,356.8,355.7,356.1,355.7,354.6,353.5,353.1,353.5,354.6,353.2,350.6,349.3,350.0,352.4,355.0,356.3,355.8,355.0,353.4,352.1,351.4,351.5,352.1,353.3,354.4,355.1,355.6,355.7,355.6,354.1,354.4,353.8,352.7,351.7,351.3,351.9,353.0,-63.3,-61.6,-57.4,-53.2,-51.4,-52.8,-57.3,-61.5,-68.9,-66.3,-62.6,-58.1,-53.5,-49.9,-47.4,-50.2,-54.2,-58.4,-62.6,-66.2,-59.1,-57.3,-55.5,-54.7,-55.5,-57.4,-59.2,-59.9,-11.2,-10.1,-6.2,-1.9,0.4,-0.8,-4.7,-9.3,-15.0,-12.6,-9.2,-4.7,-0.3,3.1,5.5,3.5,0.4,-3.5,-7.7,-11.9,-7.1,-5.2,-3.5,-3.0,-4.0,-5.9,-7.6,-8.1,60.2,55.9,54.1,55.8,60.0,64.6,66.1,64.4,62.5,60.1,58.5,57.6,58.3,60.2,62.8,64.2,64.7,65.0,64.8,64.1,62.1,62.9,62.1,60.2,58.3,57.6,58.4,60.3,56.3,51.9,49.7,51.1,55.1,59.5,61.6,60.7,59.5,56.6,54.4,53.2,53.5,54.8,56.9,58.7,59.7,60.3,60.5,60.5,57.9,58.5,57.6,55.6,53.9,53.3,54.2,56.1,906.5,906.6,906.4,905.8,905.3,905.3,905.4,905.9,911.2,908.3,905.6,904.0,904.2,905.3,906.9,905.5,904.3,904.4,905.9,908.4,906.7,906.5,906.4,906.4,906.7,906.9,907.0,906.9,883.6,884.4,885.3,885.9,885.7,885.0,884.0,883.7,884.8,883.5,882.7,882.9,884.8,887.8,890.8,887.8,885.0,883.2,882.8,883.6,885.0,885.2,885.6,885.9,886.0,885.8,885.4,885.0,0.00,0.00,0.81,0.01,0.00,0.00,0.00,0.58,0.23,1.03,0.01,0.27,0.00,0.04,0.53,0.71,0.00,0.00,0.00,0.00,1.00,0.00,0.00,0.00,1.00,0.00,1.00,0.00,0.00,0.00,0.00,0.00,0.00,0.00,0.00
23,0,1.535,0.98,1,0.114709,0.094098,-0.988932,-0.058911,0.100704,-0.993171,0.028,0.098,203.8,204.8,207.2,209.5,210.5,209.7,207.1,204.8,200.8,202.1,204.1,206.7,209.3,211.4,212.9,211.2,208.9,206.5,204.2,202.2,206.2,207.2,208.2,208.7,208.2,207.2,206.2,205.7,233.5,234.2,236.5,239.0,240.3,239.6,237.3,234.6,231.2,232.6,234.7,237.3,239.9,241.9,243.3,242.1,240.3,238.0,235.5,233.1,235.9,237.0,238.0,238.3,237.7,236.6,235.6,235.3,354.4,352.0,350.9,351.9,354.4,357.0,357.8,356.9,355.6,354.3,353.5,353.1,353.5,354.5,355.9,356.8,357.1,357.2,357.1,356.6,355.5,356.0,355.5,354.4,353.4,352.9,353.4,354.5,353.1,350.5,349.2,350.0,352.4,355.0,356.3,355.7,354.9,353.3,352.1,351.3,351.5,352.1,353.3,354.4,355.1,355.5,355.6,355.6,354.0,354.4,353.8,352.7,351.6,351.3,351.9,353.0,-63.3,-61.6,-57.4,-53.2,-51.5,-52.9,-57.4,-61.6,-69.0,-66.4,-62.7,-58.1,-53.5,-50.0,-47.5,-50.3,-54.2,-58.5,-62.6,-66.3,-59.2,-57.4,-55.5,-54.8,-55.6,-57.4,-59.2,-60.0,-11.1,-9.9,-6.0,-1.7,0.5,-0.7,-4.5,-9.2,-14.9,-12.5,-9.1,-4.6,-0.2,3.3,5.7,3.6,0.5,-3.4,-7.6,-11.8,-7.0,-5.1,-3.4,-2.9,-3.9,-5.8,-7.5,-8.0,60.2,55.9,54.1,55.8,60.0,64.6,66.1,64.4,62.5,60.1,58.5,57.6,58.4,60.2,62.9,64.2,64.7,65.0,64.8,64.1,62.2,62.9,62.1,60.2,58.4,57.6,58.4,60.3,56.3,52.0,49.8,51.2,55.2,59.6,61.7,60.7,59.5,56.7,54.5,53.3,53.7,54.9,57.1,58.8,59.8,60.3,60.5,60.5,58.0,58.6,57.6,55.7,54.0,53.4,54.3,56.2,910.9,911.1,910.9,910.4,909.8,909.7,909.7,910.3,915.5,912.7,910.0,908.5,908.7,909.8,911.3,909.9,908.7,908.8,910.2,912.7,911.1,910.9,910.8,910.9,911.2,911.4,911.5,911.4,886.2,887.0,887.9,888.4,888.2,887.4,886.5,886.2,887.3,886.1,885.2,885.4,887.3,890.2,893.3,890.2,887.4,885.6,885.2,886.1,887.5,887.7,888.1,888.4,888.5,888.3,887.9,887.6,0.00,0.00,0.87,0.01,0.02,0.00,0.02,0.91,0.38,1.24,0.01,0.19,0.00,0.02,0.91,0.86,0.00,0.00,0.00,0.00,1.00,0.00,0.00,0.00,1.00,0.00,1.00,0.00,0.00,0.00,0.00,1.00,0.00,0.00,0.00
24,0,1.605,0.98,1,0.117834,0.093686,-0.988604,-0.057354,0.100231,-0.993310,0.031,0.098,204.0,205.0,207.3,209.7,210.7,209.9,207.3,204.9,200.9,202.3,204.3,206.9,209.5,211.6,213.0,211.4,209.1,206.6,204.3,202.4,206.3,207.4,208.4,208.9,208.4,207.4,206.3,205.9,233.7,234.3,236.6,239.2,240.5,239.8,237.5,234.8,231.4,232.8,234.8,237.5,240.1,242.1,243.5,242.3,240.4,238.2,235.7,233.3,236.1,237.2,238.2,238.5,237.9,236.8,235.8,235.5,354.3,351.9,350.8,351.8,354.3,356.9,357.7,356.7,355.5,354.2,353.4,353.0,353.4,354.4,355.8,356.6,356.9,357.1,356.9,356.4,355.4,355.9,355.4,354.3,353.3,352.8,353.3,354.4,353.0,350.4,349.2,349.9,352.3,354.9,356.2,355.6,354.8,353.2,352.0,351.3,351.4,352.1,353.2,354.3,355.0,355.4,355.5,355.5,353.9,354.3,353.7,352.6,351.6,351.2,351.8,352.9,-63.2,-61.4,-57.2,-53.0,-51.3,-52.7,-57.2,-61.4,-68.8,-66.2,-62.5,-57.9,-53.3,-49.8,-47.3,-50.1,-54.1,-58.3,-62.5,-66.1,-59.0,-57.2,-55.4,-54.6,-55.4,-57.2,-59.0,-59.8,-10.8,-9.7,-5.8,-1.5,0.8,-0.4,-4.3,-8.9,-14.7,-12.3,-8.8,-4.3,0.1,3.6,6.0,3.9,0.8,-3.1,-7.4,-11.5,-6.7,-4.8,-3.1,-2.6,-3.6,-5.5,-7.2,-7.7,60.1,55.9,54.1,55.8,60.0,64.6,66.1,64.4,62.5,60.1,58.5,57.6,58.4,60.2,62.8,64.2,64.6,64.9,64.7,64.0,62.1,62.9,62.1,60.2,58.4,57.6,58.4,60.3,56.4,52.0,49.9,51.2,55.3,59.7,61.8,60.8,59.5,56.7,54.6,53.3,53.7,55.0,57.1,58.8,59.8,60.3,60.5,60.5,58.0,58.6,57.7,55.8,54.0,53.4,54.3,56.3,913.0,913.3,913.1,912.6,912.0,911.9,911.9,912.4,917.7,914.8,912.2,910.7,910.9,912.1,913.6,912.1,910.9,910.9,912.4,914.9,913.3,913.1,913.0,913.1,913.4,913.6,913.7,913.6,889.1,889.9,890.8,891.3,891.1,890.3,889.4,889.1,890.2,889.0,888.2,888.3,890.2,893.1,896.1,893.1,890.3,888.5,888.1,889.0,890.4,890.6,891.0,891.3,891.4,891.2,890.8,890.5,0.00,0.00,0.93,0.03,0.05,0.00,0.06,1.25,0.48,1.42,0.01,0.09,0.00,0.00,1.11,0.88,0.00,0.00,0.00,0.00,1.00,0.00,0.00,0.00,1.00,0.00,1.00,0.00,0.00,0.00,0.00,1.00,0.00,0.00,0.00
25,0,1.674,0.98,1,0.118790,0.090190,-0.988815,-0.056896,0.096701,-0.993686,0.031,0.094,204.1,205.1,207.4,209.8,210.8,210.0,207.4,205.0,201.0,202.4,204.4,207.0,209.6,211.7,213.1,211.5,209.2,206.7,204.4,202.4,206.4,207.5,208.5,208.9,208.5,207.5,206.4,206.0,233.7,234.4,236.7,239.2,240.5,239.8,237.6,234.9,231.5,232.9,234.9,237.6,240.1,242.1,243.5,242.3,240.5,238.3,235.7,233.3,236.1,237.2,238.2,238.5,238.0,236.9,235.9,235.6,354.2,351.8,350.7,351.7,354.1,356.8,357.6,356.6,355.4,354.1,353.3,352.9,353.3,354.3,355.7,356.5,356.8,357.0,356.8,356.3,355.3,355.7,355.3,354.2,353.2,352.7,353.2,354.3,352.9,350.3,349.0,349.8,352.2,354.8,356.0,355.5,354.7,353.1,351.9,351.1,351.3,351.9,353.1,354.2,354.8,355.2,355.4,355.3,353.8,354.2,353.6,352.5,351.4,351.1,351.6,352.8,-63.1,-61.3,-57.2,-53.0,-51.2,-52.6,-57.1,-61.3,-68.7,-66.1,-62.4,-57.8,-53.2,-49.7,-47.2,-50.0,-53.9,-58.2,-62.4,-66.0,-58.9,-57.1,-55.3,-54.5,-55.3,-57.1,-59.0,-59.7,-10.7,-9.6,-5.7,-1.4,0.9,-0.3,-4.2,-8.8,-14.6,-12.2,-8.7,-4.2,0.2,3.7,6.1,4.0,0.9,-3.0,-7.3,-11.4,-6.6,-4.7,-3.0,-2.5,-3.5,-5.4,-7.1,-7.6,60.0,55.8,53.9,55.6,59.9,64.5,65.9,64.2,62.4,60.0,58.4,57.5,58.2,60.1,62.7,64.0,64.5,64.7,64.6,63.9,62.0,62.7,61.9,60.1,58.2,57.5,58.3,60.1,56.2,51.8,49.7,51.0,55.1,59.4,61.6,60.6,59.3,56.5,54.3,53.1,53.5,54.8,56.9,58.6,59.6,60.1,60.3,60.3,57.8,58.4,57.5,55.6,53.8,53.2,54.1,56.0,913.9,914.2,914.0,913.5,912.9,912.8,912.7,913.3,918.5,915.7,913.0,911.5,911.8,912.9,914.4,913.0,911.7,911.7,913.2,915.7,914.1,913.9,913.8,914.0,914.2,914.5,914.6,914.4,889.4,890.2,891.1,891.6,891.4,890.6,889.6,889.3,890.5,889.3,888.4,888.6,890.5,893.4,896.4,893.4,890.6,888.8,888.4,889.3,890.6,890.9,891.3,891.6,891.7,891.5,891.1,890.7,0.00,0.00,0.97,0.04,0.07,0.00,0.09,1.31,0.55,1.53,0.00,0.14,0.00,0.00,1.24,0.80,0.02,0.00,0.00,0.00,1.00,0.00,0.00,0.00,1.00,0.00,1.00,0.00,0.00,0.00,0.00,1.00,0.00,0.00,0.00
26,0,1.744,0.98,1,0.121793,0.093921,-0.988102,-0.057498,0.102253,-0.993095,0.032,0.099,204.2,205.1,207.4,209.8,210.8,210.0,207.5,205.2,201.1,202.5,204.5,207.0,209.6,211.6,213.1,211.5,209.2,206.8,204.5,202.6,206.5,207.5,208.5,209.0,208.5,207.5,206.5,206.1,233.5,234.2,236.4,238.9,240.2,239.6,237.3,234.6,231.3,232.7,234.7,237.3,239.8,241.8,243.2,242.0,240.2,238.0,235.5,233.1,235.9,237.0,238.0,238.3,237.7,236.6,235.6,235.3,355.0,352.5,351.5,352.4,354.8,357.4,358.3,357.3,356.1,354.9,354.1,353.6,354.0,355.0,356.3,357.1,357.5,357.6,357.5,357.0,356.0,356.4,356.0,354.9,353.9,353.5,353.9,355.0,353.4,350.8,349.6,350.3,352.7,355.2,356.5,355.9,355.2,353.6,352.4,351.7,351.8,352.4,353.5,354.6,355.2,355.7,355.8,355.8,354.3,354.6,354.1,352.9,351.9,351.6,352.1,353.3,-63.9,-62.3,-58.1,-53.9,-52.1,-53.4,-57.9,-62.1,-69.6,-67.0,-63.3,-58.7,-54.1,-50.6,-48.1,-50.9,-54.8,-59.0,-63.2,-66.9,-59.8,-57.9,-56.1,-55.4,-56.2,-58.0,-59.9,-60.6,-11.2,-10.1,-6.2,-1.9,0.4,-0.8,-4.6,-9.3,-15.1,-12.7,-9.2,-4.7,-0.3,3.2,5.6,3.6,0.4,-3.5,-7.8,-11.9,-7.1,-5.2,-3.5,-3.0,-4.0,-5.9,-7.6,-8.1,62.3,58.1,56.2,57.9,62.1,66.7,68.2,66.6,64.7,62.4,60.7,59.9,60.5,62.3,64.8,66.2,66.7,67.0,66.8,66.2,64.3,65.0,64.2,62.3,60.5,59.7,60.6,62.4,57.9,53.5,51.3,52.7,56.7,61.1,63.2,62.3,61.0,58.3,56.1,54.9,55.2,56.4,58.5,60.2,61.2,61.8,62.0,62.0,59.5,60.1,59.1,57.2,55.5,54.9,55.8,57.7,929.0,929.3,929.2,928.7,928.2,928.1,928.0,928.5,933.6,930.8,928.2,926.7,927.0,928.2,929.8,928.3,927.0,927.0,928.4,930.8,929.4,929.1,929.1,929.2,929.5,929.7,929.7,929.6,902.8,903.5,904.4,904.9,904.7,903.9,903.0,902.7,903.9,902.7,901.8,901.9,903.8,906.7,909.7,906.6,903.9,902.1,901.8,902.7,904.0,904.2,904.6,904.9,905.0,904.8,904.4,904.1,0.06,0.00,0.87,0.03,0.06,0.00,0.08,1.15,0.53,1.47,0.17,0.19,0.04,0.00,0.97,0.50,0.17,0.00,0.00,0.00,1.00,0.00,0.00,0.00,1.00,0.00,1.00,0.00,0.00,0.00,0.00,1.00,0.00,0.00,1.00
27,0,1.814,0.98,1,0.125295,0.102570,-0.986803,-0.051989,0.109831,-0.992590,0.037,0.107,204.2,205.1,207.4,209.7,210.7,210.0,207.6,205.2,201.3,202.6,204.5,207.0,209.6,211.6,213.0,211.5,209.3,206.9,204.6,202.7,206.5,207.6,208.6,208.9,208.5,207.5,206.5,206.1,233.3,234.0,236.2,238.7,239.9,239.3,237.1,234.4,231.1,232.5,234.5,237.1,239.6,241.5,242.9,241.7,239.9,237.7,235.3,232.9,235.7,236.8,237.7,238.0,237.4,236.4,235.4,235.1,356.1,353.7,352.6,353.5,355.8,358.4,359.3,358.4,357.2,356.0,355.2,354.8,355.1,355.9,357.2,358.0,358.4,358.7,358.6,358.1,357.1,357.4,357.0,355.9,354.9,354.5,355.0,356.0,354.1,351.6,350.3,351.1,353.4,355.9,357.2,356.6,355.8,354.4,353.2,352.5,352.6,353.1,354.1,355.2,355.9,356.3,356.5,356.4,355.0,355.3,354.8,353.6,352.6,352.3,352.9,354.0,-64.9,-63.3,-59.2,-54.9,-53.0,-54.3,-58.8,-63.0,-70.6,-68.0,-64.3,-59.7,-55.1,-51.5,-49.0,-51.8,-55.6,-59.9,-64.1,-67.8,-60.7,-58.9,-57.1,-56.4,-57.2,-59.1,-60.9,-61.6,-11.8,-10.6,-6.7,-2.4,-0.1,-1.3,-5.2,-9.8,-15.6,-13.2,-9.7,-5.2,-0.8,2.7,5.2,3.1,-0.1,-4.0,-8.3,-12.4,-7.6,-5.7,-4.0,-3.5,-4.5,-6.4,-8.1,-8.6,65.4,61.1,59.1,60.7,64.9,69.6,71.2,69.6,67.7,65.5,63.9,63.0,63.5,65.2,67.5,69.0,69.6,70.0,69.9,69.3,67.3,68.0,67.1,65.2,63.4,62.7,63.5,65.4,60.0,55.6,53.4,54.7,58.8,63.2,65.4,64.4,63.1,60.4,58.3,57.1,57.4,58.5,60.4,62.2,63.2,63.9,64.1,64.1,61.6,62.2,61.2,59.3,57.5,56.9,57.9,59.8,944.9,945.1,944.9,944.5,944.1,944.2,944.1,944.5,949.5,946.6,944.0,942.5,942.9,944.2,945.8,944.4,943.1,943.0,944.4,946.8,945.3,945.1,945.1,945.1,945.3,945.5,945.6,945.5,915.8,916.5,917.2,917.7,917.6,917.0,916.2,915.9,917.1,915.7,914.8,914.9,916.7,919.6,922.7,919.7,917.0,915.2,914.9,915.9,917.1,917.3,917.6,917.9,918.0,917.8,917.4,917.1,0.13,0.00,0.82,0.02,0.03,0.00,0.04,0.78,0.45,1.34,0.28,0.43,0.22,0.00,0.60,0.28,0.36,0.00,0.00,0.00,1.00,0.00,0.00,0.00,1.00,0.00,1.00,0.00,0.00,0.00,0.00,1.00,0.00,0.00,1.00
28,0,1.884,0.98,1,0.120099,0.101822,-0.987526,-0.054577,0.108143,-0.992636,0.033,0.106,204.1,205.0,207.3,209.7,210.7,209.9,207.5,205.1,201.2,202.5,204.4,206.9,209.5,211.5,213.0,211.4,209.2,206.8,204.5,202.6,206.4,207.5,208.5,208.9,208.4,207.4,206.4,206.0,233.2,233.9,236.2,238.6,239.9,239.2,237.0,234.3,231.1,232.4,234.4,237.0,239.5,241.5,242.9,241.7,239.9,237.7,235.2,232.9,235.6,236.7,237.7,238.0,237.4,236.3,235.3,235.0,355.6,353.2,352.1,353.1,355.4,358.0,358.9,358.0,356.7,355.5,354.7,354.3,354.6,355.5,356.8,357.7,358.1,358.3,358.2,357.7,356.6,357.0,356.6,355.5,354.5,354.1,354.5,355.6,353.9,351.3,350.1,350.8,353.2,355.7,357.0,356.4,355.6,354.1,352.9,352.2,352.3,352.9,353.9,355.0,355.8,356.2,356.3,356.2,354.8,355.1,354.5,353.4,352.4,352.1,352.6,353.7,-64.6,-63.0,-58.8,-54.6,-52.7,-54.1,-58.5,-62.7,-70.3,-67.7,-64.0,-59.4,-54.8,-51.2,-48.7,-51.5,-55.4,-59.7,-63.8,-67.5,-60.4,-58.6,-56.8,-56.1,-56.9,-58.7,-60.5,-61.2,-11.8,-10.6,-6.7,-2.4,-0.2,-1.3,-5.2,-9.9,-15.6,-13.2,-9.7,-5.2,-0.8,2.6,5.1,3.0,-0.2,-4.1,-8.3,-12.5,-7.7,-5.8,-4.1,-3.6,-4.5,-6.4,-8.1,-8.7,64.1,59.8,57.9,59.5,63.7,68.3,69.9,68.3,66.4,64.1,62.5,61.6,62.2,63.9,66.3,67.8,68.4,68.8,68.6,67.9,66.0,66.7,65.8,63.9,62.1,61.4,62.2,64.1,59.1,54.7,52.6,53.9,58.0,62.4,64.6,63.6,62.2,59.5,57.4,56.2,56.5,57.7,59.7,61.4,62.5,63.1,63.3,63.3,60.8,61.4,60.4,58.5,56.7,56.1,57.1,59.0,937.6,937.7,937.5,937.1,936.7,936.7,936.7,937.1,942.2,939.3,936.7,935.2,935.5,936.7,938.4,937.0,935.7,935.7,937.1,939.5,937.9,937.8,937.7,937.7,937.9,938.1,938.2,938.1,909.3,909.9,910.7,911.2,911.1,910.5,909.7,909.4,910.5,909.2,908.2,908.4,910.2,913.1,916.2,913.2,910.5,908.7,908.4,909.3,910.6,910.8,911.1,911.4,911.5,911.2,910.9,910.6,0.13,0.00,0.73,0.00,0.01,0.00,0.01,0.55,0.38,1.29,0.31,0.69,0.33,0.03,0.45,0.41,0.52,0.00,0.00,0.00,1.00,0.00,0.00,0.00,1.00,0.00,1.00,0.00,0.00,0.00,0.00,1.00,0.00,0.00,1.00
29,0,1.953,0.98,1,0.121217,0.105481,-0.987006,-0.053358,0.112965,-0.992165,0.034,0.110,204.0,205.0,207.3,209.7,210.7,209.9,207.4,205.0,201.0,202.4,204.4,206.9,209.5,211.5,213.0,211.3,209.1,206.7,204.4,202.4,206.4,207.4,208.4,208.8,208.4,207.4,206.4,205.9,233.3,234.0,236.3,238.8,240.1,239.4,237.1,234.4,231.1,232.5,234.5,237.1,239.7,241.7,243.0,241.9,240.0,237.8,235.3,232.9,235.7,236.8,237.8,238.1,237.5,236.4,235.5,235.2,354.9,352.5,351.5,352.4,354.8,357.4,358.3,357.3,356.0,354.8,354.0,353.6,354.0,354.9,356.3,357.1,357.4,357.6,357.5,357.0,356.0,356.4,355.9,354.9,353.8,353.4,353.9,354.9,353.5,350.9,349.6,350.4,352.8,355.3,356.6,356.0,355.2,353.7,352.5,351.8,351.9,352.5,353.6,354.7,355.4,355.8,355.9,355.9,354.4,354.7,354.2,353.0,352.0,351.7,352.2,353.3,-64.0,-62.3,-58.1,-53.9,-52.1,-53.5,-58.0,-62.2,-69.7,-67.1,-63.3,-58.8,-54.2,-50.6,-48.2,-51.0,-54.9,-59.1,-63.3,-67.0,-59.9,-58.0,-56.2,-55.5,-56.2,-58.1,-59.9,-60.7,-11.5,-10.3,-6.5,-2.1,0.1,-1.1,-5.0,-9.6,-15.4,-13.0,-9.5,-4.9,-0.6,2.9,5.3,3.2,0.1,-3.8,-8.1,-12.2,-7.4,-5.5,-3.8,-3.3,-4.3,-6.2,-7.9,-8.4,62.1,57.8,56.0,57.7,61.9,66.5,68.0,66.3,64.4,62.1,60.5,59.6,60.3,62.1,64.6,66.0,66.5,66.8,66.6,66.0,64.1,64.8,64.0,62.1,60.3,59.5,60.3,62.2,57.9,53.5,51.4,52.7,56.8,61.2,63.3,62.3,61.0,58.3,56.1,54.9,55.3,56.5,58.6,60.3,61.3,61.9,62.1,62.0,59.5,60.1,59.2,57.3,55.5,54.9,55.8,57.8,926.9,927.2,927.0,926.6,926.1,926.0,925.9,926.4,931.5,928.7,926.1,924.6,924.9,926.1,927.7,926.2,925.0,924.9,926.3,928.8,927.3,927.1,927.0,927.1,927.3,927.6,927.6,927.5,900.9,901.6,902.5,903.0,902.9,902.1,901.3,900.9,902.1,900.8,899.9,900.1,902.0,904.9,907.9,904.9,902.1,900.3,900.0,900.9,902.2,902.4,902.8,903.1,903.2,903.0,902.6,902.3,0.07,0.00,0.83,0.00,0.00,0.00,0.00,0.60,0.44,1.27,0.20,0.62,0.32,0.03,0.86,0.65,0.38,0.00,0.00,0.00,1.00,0.00,0.00,0.00,1.00,0.00,1.00,0.00,0.00,0.00,0.00,1.00,0.00,0.00,1.00
30,0,2.023,0.98,1,0.120003,0.102818,-0.987435,-0.055532,0.111007,-0.992267,0.033,0.108,203.8,204.8,207.2,209.5,210.5,209.7,207.2,204.8,200.8,202.2,204.2,206.7,209.3,211.4,212.8,211.2,208.9,206.5,204.2,202.2,206.2,207.2,208.2,208.7,208.2,207.2,206.2,205.7,233.2,233.9,236.2,238.7,240.0,239.3,237.0,234.4,231.0,232.4,234.4,237.0,239.6,241.6,243.0,241.8,240.0,237.7,235.2,232.8,235.6,236.7,237.7,238.0,237.5,236.4,235.4,235.1,354.7,352.2,351.2,352.2,354.6,357.2,358.0,357.1,355.8,354.6,353.8,353.3,353.7,354.7,356.1,356.9,357.2,357.4,357.3,356.8,355.8,356.2,355.7,354.7,353.6,353.2,353.6,354.7,353.3,350.7,349.5,350.2,352.6,355.2,356.4,355.9,355.1,353.5,352.3,351.6,351.7,352.3,353.4,354.5,355.2,355.6,355.7,355.7,354.2,354.5,354.0,352.9,351.8,351.5,352.0,353.2,-64.0,-62.3,-58.1,-53.9,-52.1,-53.5,-58.0,-62.2,-69.7,-67.1,-63.3,-58.7,-54.1,-50.6,-48.2,-51.0,-54.9,-59.1,-63.3,-67.0,-59.9,-58.0,-56.2,-55.4,-56.2,-58.1,-59.9,-60.6,-11.6,-10.5,-6.6,-2.2,-0.0,-1.2,-5.1,-9.7,-15.5,-13.1,-9.6,-5.1,-0.7,2.8,5.2,3.1,-0.0,-3.9,-8.2,-12.3,-7.5,-5.6,-3.9,-3.4,-4.4,-6.3,-8.0,-8.5,61.3,57.1,55.2,56.9,61.1,65.7,67.2,65.5,63.7,61.3,59.7,58.8,59.6,61.4,63.9,65.3,65.8,66.0,65.9,65.2,63.3,64.0,63.2,61.4,59.5,58.8,59.6,61.4,57.3,52.9,50.8,52.1,56.2,60.6,62.7,61.7,60.4,57.6,55.5,54.3,54.7,55.9,58.0,59.7,60.7,61.2,61.4,61.4,58.9,59.5,58.6,56.7,54.9,54.3,55.2,57.1,921.6,921.8,921.7,921.2,920.6,920.5,920.5,921.0,926.1,923.3,920.7,919.2,919.5,920.7,922.2,920.8,919.5,919.5,920.9,923.4,921.9,921.6,921.6,921.7,921.9,922.2,922.2,922.1,896.0,896.7,897.6,898.1,898.0,897.2,896.3,896.0,897.1,895.9,895.0,895.2,897.1,900.0,903.0,900.0,897.2,895.4,895.0,896.0,897.3,897.5,897.9,898.2,898.3,898.1,897.7,897.3,0.00,0.00,0.83,0.00,0.00,0.00,0.00,0.82,0.55,1.30,0.23,0.41,0.26,0.03,1.39,0.94,0.19,0.00,0.00,1.00,1.00,0.00,0.00,0.00,1.00,0.00,1.00,0.00,0.00,0.00,0.00,0.00,0.00,0.00,1.00
31,0,2.093,0.98,1,0.121193,0.100567,-0.987521,-0.053506,0.108767,-0.992626,0.034,0.105,203.7,204.7,207.1,209.4,210.4,209.6,207.1,204.7,200.7,202.1,204.1,206.6,209.2,211.3,212.7,211.1,208.8,206.4,204.1,202.1,206.1,207.1,208.1,208.6,208.1,207.1,206.1,205.6,233.1,233.8,236.0,238.5,239.8,239.2,236.9,234.2,230.9,232.3,234.3,236.9,239.4,241.4,242.8,241.6,239.8,237.6,235.1,232.7,235.5,236.6,237.6,237.9,237.3,236.2,235.2,234.9,354.5,352.1,351.0,352.0,354.4,357.0,357.9,356.9,355.6,354.4,353.6,353.1,353.5,354.5,355.9,356.8,357.1,357.2,357.1,356.6,355.6,356.0,355.6,354.5,353.4,353.0,353.5,354.5,353.1,350.5,349.2,350.0,352.3,354.9,356.2,355.6,354.9,353.3,352.0,351.3,351.5,352.1,353.2,354.3,355.0,355.4,355.5,355.5,354.0,354.3,353.7,352.6,351.6,351.3,351.8,352.9,-64.1,-62.4,-58.3,-54.1,-52.3,-53.7,-58.1,-62.4,-69.8,-67.2,-63.5,-58.9,-54.3,-50.8,-48.3,-51.1,-55.0,-59.3,-63.4,-67.1,-60.0,-58.2,-56.3,-55.6,-56.4,-58.2,-60.0,-60.8,-11.9,-10.7,-6.9,-2.5,-0.3,-1.4,-5.3,-9.9,-15.7,-13.3,-9.8,-5.3,-1.0,2.5,4.9,2.8,-0.3,-4.1,-8.4,-12.6,-7.8,-5.9,-4.2,-3.7,-4.7,-6.6,-8.3,-8.8,61.0,56.7,54.9,56.6,60.8,65.4,66.9,65.2,63.3,61.0,59.3,58.5,59.2,61.0,63.6,64.9,65.4,65.7,65.6,64.9,62.9,63.7,62.9,61.0,59.2,58.4,59.2,61.1,56.9,52.5,50.4,51.7,55.8,60.2,62.3,61.3,60.1,57.3,55.1,53.9,54.2,55.5,57.6,59.3,60.3,60.9,61.1,61.1,58.5,59.1,58.2,56.3,54.5,53.9,54.9,56.8,921.0,921.3,921.1,920.6,920.0,919.9,919.9,920.4,925.6,922.7,920.1,918.6,918.9,920.1,921.6,920.2,918.9,918.9,920.3,922.8,921.3,921.0,921.0,921.1,921.3,921.6,921.6,921.5,896.4,897.2,898.1,898.6,898.4,897.6,896.7,896.4,897.5,896.3,895.4,895.6,897.5,900.4,903.4,900.4,897.6,895.8,895.5,896.4,897.7,897.9,898.3,898.6,898.7,898.5,898.1,897.8,0.00,0.00,0.96,0.00,0.00,0.00,0.00,0.89,0.50,1.20,0.20,0.16,0.16,0.00,1.36,1.02,0.00,0.00,0.00,1.00,1.00,0.00,0.00,0.00,1.00,0.00,1.00,0.00,0.00,0.00,0.00,0.00,0.00,0.00,0.00
32,0,2.163,0.98,1,0.122473,0.100519,-0.987368,-0.050096,0.109316,-0.992744,0.037,0.106,203.5,204.5,206.8,209.2,210.2,209.4,206.9,204.5,200.5,201.8,203.8,206.4,209.0,211.0,212.5,210.9,208.6,206.2,203.9,201.9,205.9,206.9,207.9,208.3,207.9,206.9,205.8,205.4,233.0,233.7,235.9,238.4,239.7,239.1,236.8,234.1,230.8,232.2,234.2,236.8,239.3,241.3,242.7,241.5,239.7,237.5,235.0,232.6,235.4,236.5,237.5,237.8,237.2,236.1,235.1,234.8,354.5,352.1,351.0,352.0,354.4,357.0,357.9,356.9,355.7,354.4,353.6,353.1,353.5,354.5,355.9,356.7,357.1,357.3,357.1,356.6,355.6,356.0,355.5,354.5,353.4,353.0,353.5,354.5,353.0,350.4,349.1,349.9,352.2,354.8,356.1,355.5,354.8,353.2,351.9,351.2,351.4,352.0,353.1,354.2,354.9,355.3,355.4,355.4,353.9,354.2,353.6,352.5,351.5,351.2,351.7,352.8,-64.5,-62.8,-58.6,-54.4,-52.6,-54.0,-58.4,-62.7,-70.1,-67.5,-63.8,-59.2,-54.6,-51.1,-48.6,-51.4,-55.3,-59.6,-63.7,-67.4,-60.3,-58.5,-56.6,-55.9,-56.7,-58.6,-60.4,-61.1,-12.1,-10.9,-7.0,-2.7,-0.5,-1.6,-5.5,-10.1,-15.9,-13.5,-10.0,-5.5,-1.1,2.3,4.7,2.7,-0.5,-4.3,-8.6,-12.7,-8.0,-6.1,-4.4,-3.9,-4.8,-6.7,-8.4,-8.9,61.0,56.7,54.8,56.5,60.7,65.3,66.8,65.2,63.3,60.9,59.3,58.4,59.1,60.9,63.4,64.8,65.4,65.7,65.5,64.8,62.9,63.6,62.8,60.9,59.1,58.3,59.1,61.0,56.8,52.4,50.3,51.6,55.7,60.1,62.2,61.2,60.0,57.1,55.0,53.7,54.1,55.3,57.4,59.2,60.2,60.8,61.0,61.0,58.4,59.0,58.1,56.2,54.4,53.8,54.7,56.6,919.9,920.1,919.9,919.4,918.9,918.9,918.8,919.3,924.5,921.6,919.0,917.5,917.7,919.0,920.5,919.1,917.8,917.8,919.3,921.7,920.2,919.9,919.9,920.0,920.2,920.4,920.5,920.4,897.3,898.1,899.0,899.5,899.4,898.6,897.7,897.4,898.5,897.2,896.4,896.6,898.5,901.4,904.4,901.4,898.6,896.8,896.4,897.3,898.6,898.9,899.3,899.6,899.7,899.4,899.0,898.7,0.00,0.00,0.98,0.00,0.00,0.00,0.00,0.78,0.33,0.97,0.13,0.17,0.13,0.00,1.02,1.16,0.00,0.00,0.00,1.00,1.00,0.00,0.00,0.00,1.00,0.00,1.00,0.00,0.00,0.00,0.00,0.00,0.00,0.00,0.00
33,0,2.233,0.98,1,0.121741,0.096009,-0.987908,-0.048482,0.105312,-0.993257,0.037,0.101,203.3,204.3,206.6,209.0,210.0,209.3,206.7,204.4,200.4,201.7,203.7,206.2,208.9,210.9,212.4,210.8,208.5,206.1,203.8,201.8,205.7,206.8,207.8,208.2,207.8,206.7,205.7,205.3,233.0,233.6,235.9,238.4,239.7,239.0,236.8,234.1,230.7,232.1,234.1,236.8,239.3,241.3,242.7,241.5,239.7,237.5,235.0,232.6,235.4,236.5,237.4,237.7,237.2,236.1,235.1,234.8,354.4,351.9,350.9,351.8,354.2,356.9,357.7,356.8,355.5,354.3,353.4,353.0,353.3,354.3,355.7,356.6,357.0,357.2,357.1,356.5,355.4,355.9,355.4,354.3,353.3,352.9,353.3,354.4,352.7,350.2,348.9,349.7,352.0,354.6,355.9,355.3,354.6,353.0,351.7,351.0,351.1,351.7,352.9,354.0,354.7,355.2,355.3,355.2,353.7,354.0,353.4,352.3,351.3,350.9,351.5,352.6,-64.3,-62.7,-58.5,-54.3,-52.5,-53.8,-58.3,-62.5,-69.9,-67.4,-63.7,-59.1,-54.5,-51.0,-48.5,-51.3,-55.2,-59.4,-63.6,-67.2,-60.2,-58.3,-56.5,-55.8,-56.6,-58.4,-60.3,-61.0,-12.1,-10.9,-7.0,-2.7,-0.5,-1.7,-5.5,-10.1,-15.9,-13.5,-10.1,-5.5,-1.2,2.3,4.6,2.6,-0.5,-4.3,-8.6,-12.7,-8.0,-6.1,-4.4,-3.9,-4.9,-6.7,-8.4,-9.0,60.3,56.0,54.2,55.8,60.0,64.6,66.2,64.5,62.7,60.3,58.6,57.7,58.4,60.2,62.8,64.2,64.8,65.1,65.0,64.3,62.2,62.9,62.1,60.2,58.4,57.7,58.5,60.4,56.2,51.8,49.7,51.0,55.1,59.5,61.6,60.6,59.4,56.5,54.3,53.1,53.5,54.7,56.8,58.6,59.7,60.3,60.5,60.4,57.8,58.4,57.5,55.6,53.8,53.2,54.1,56.0,913.9,914.1,913.9,913.3,912.8,912.9,912.9,913.4,918.6,915.7,913.0,911.5,911.7,912.9,914.4,913.1,911.9,911.9,913.3,915.8,914.2,914.0,913.9,914.0,914.2,914.4,914.5,914.4,893.5,894.2,895.1,895.6,895.5,894.8,893.9,893.6,894.7,893.4,892.5,892.7,894.6,897.6,900.6,897.6,894.8,893.0,892.6,893.5,894.8,895.0,895.4,895.7,895.8,895.6,895.2,894.9,0.00,0.00,0.99,0.00,0.00,0.00,0.00,0.60,0.15,0.70,0.00,0.17,0.02,0.00,0.70,1.19,0.00,0.00,0.00,1.00,1.00,0.00,0.00,0.00,1.00,0.00,1.00,0.00,0.00,0.00,0.00,0.00,0.00,0.00,0.00
34,0,2.302,0.98,1,0.121361,0.098956,-0.987664,-0.047780,0.108102,-0.992991,0.037,0.104,203.3,204.3,206.6,209.0,210.0,209.3,206.7,204.3,200.3,201.6,203.6,206.2,208.8,210.9,212.4,210.7,208.5,206.0,203.7,201.7,205.7,206.7,207.8,208.2,207.7,206.7,205.7,205.2,232.9,233.6,235.9,238.4,239.7,239.0,236.8,234.1,230.7,232.1,234.1,236.7,239.3,241.3,242.7,241.5,239.7,237.5,235.0,232.6,235.3,236.4,237.4,237.7,237.2,236.1,235.1,234.8,354.4,351.9,350.8,351.8,354.2,356.8,357.7,356.8,355.5,354.2,353.4,352.9,353.3,354.3,355.7,356.6,357.0,357.2,357.0,356.5,355.4,355.8,355.4,354.3,353.2,352.8,353.3,354.4,352.6,350.1,348.8,349.5,351.9,354.5,355.8,355.2,354.5,352.9,351.6,350.9,351.0,351.6,352.7,353.9,354.6,355.0,355.2,355.1,353.5,353.9,353.3,352.2,351.2,350.8,351.4,352.5,-64.4,-62.7,-58.6,-54.4,-52.5,-53.9,-58.3,-62.5,-70.0,-67.4,-63.7,-59.2,-54.6,-51.0,-48.5,-51.3,-55.2,-59.5,-63.6,-67.3,-60.2,-58.4,-56.6,-55.8,-56.6,-58.5,-60.3,-61.0,-12.1,-10.9,-7.1,-2.8,-0.5,-1.7,-5.5,-10.2,-15.9,-13.5,-10.1,-5.6,-1.2,2.2,4.6,2.6,-0.5,-4.3,-8.6,-12.7,-8.0,-6.1,-4.4,-3.9,-4.9,-6.8,-8.5,-9.0,60.3,56.0,54.1,55.7,59.9,64.5,66.1,64.5,62.6,60.2,58.5,57.6,58.3,60.1,62.6,64.1,64.7,65.0,64.9,64.2,62.1,62.9,62.0,60.1,58.3,57.6,58.4,60.3,55.9,51.6,49.4,50.8,54.8,59.2,61.3,60.4,59.1,56.3,54.1,52.8,53.2,54.4,56.5,58.3,59.4,60.0,60.2,60.2,57.6,58.2,57.2,55.3,53.5,52.9,53.9,55.8,913.8,914.0,913.7,913.2,912.7,912.8,912.8,913.3,918.5,915.6,912.9,911.4,911.6,912.8,914.3,913.0,911.8,911.8,913.2,915.7,914.1,913.9,913.8,913.8,914.1,914.3,914.4,914.3,892.5,893.2,894.1,894.7,894.6,893.9,893.0,892.6,893.7,892.4,891.6,891.8,893.7,896.6,899.7,896.7,893.9,892.1,891.7,892.6,893.9,894.1,894.5,894.8,894.9,894.6,894.2,893.9,0.04,0.00,0.94,0.00,0.00,0.00,0.01,0.55,0.09,0.54,0.00,0.11,0.10,0.00,0.39,1.01,0.00,0.00,0.00,0.00,1.00,0.00,0.00,0.00,1.00,0.00,1.00,0.00,0.00,0.00,0.00,0.00,0.00,0.00,0.00
35,0,2.372,0.98,1,0.115426,0.093008,-0.988952,-0.052577,0.098837,-0.993714,0.032,0.096,203.1,204.1,206.4,208.8,209.8,209.0,206.5,204.1,200.2,201.5,203.5,206.0,208.6,210.7,212.1,210.5,208.2,205.8,203.5,201.6,205.5,206.5,207.6,208.0,207.5,206.5,205.5,205.1,232.7,233.4,235.7,238.2,239.5,238.8,236.6,233.9,230.5,231.9,233.9,236.6,239.1,241.1,242.5,241.3,239.5,237.3,234.8,232.4,235.1,236.2,237.2,237.5,237.0,235.9,234.9,234.6,354.2,351.8,350.7,351.7,354.1,356.7,357.6,356.6,355.4,354.1,353.3,352.8,353.2,354.2,355.6,356.4,356.8,357.0,356.9,356.4,355.3,355.7,355.2,354.2,353.1,352.7,353.2,354.2,352.6,350.1,348.8,349.6,352.0,354.5,355.8,355.2,354.5,352.9,351.6,350.9,351.1,351.7,352.8,353.9,354.6,355.0,355.1,355.1,353.6,353.9,353.4,352.2,351.2,350.8,351.4,352.5,-65.0,-63.4,-59.2,-55.0,-53.2,-54.5,-59.0,-63.2,-70.6,-68.1,-64.4,-59.8,-55.2,-51.7,-49.2,-52.0,-55.9,-60.1,-64.3,-67.9,-60.9,-59.0,-57.2,-56.5,-57.3,-59.1,-60.9,-61.7,-12.4,-11.3,-7.4,-3.0,-0.8,-2.0,-5.9,-10.5,-16.3,-13.9,-10.4,-5.9,-1.5,1.9,4.3,2.3,-0.9,-4.7,-9.0,-13.1,-8.3,-6.4,-4.7,-4.2,-5.2,-7.1,-8.8,-9.3,60.4,56.1,54.2,55.8,60.0,64.6,66.2,64.5,62.7,60.3,58.6,57.7,58.4,60.2,62.8,64.2,64.8,65.1,64.9,64.3,62.2,63.0,62.1,60.3,58.4,57.7,58.5,60.4,55.9,51.5,49.4,50.8,54.8,59.2,61.3,60.3,59.1,56.3,54.1,52.9,53.3,54.5,56.6,58.3,59.4,59.9,60.1,60.1,57.6,58.2,57.2,55.3,53.5,52.9,53.9,55.8,918.4,918.6,918.4,917.9,917.3,917.4,917.4,917.9,923.1,920.2,917.6,916.0,916.2,917.4,918.9,917.6,916.4,916.4,917.9,920.4,918.7,918.5,918.4,918.5,918.7,918.9,919.0,919.0,891.8,892.5,893.5,894.0,893.9,893.1,892.2,891.8,892.9,891.7,890.8,891.0,893.0,895.9,898.9,895.9,893.1,891.3,890.9,891.8,893.1,893.3,893.7,894.1,894.1,893.9,893.5,893.2,0.04,0.00,0.90,0.00,0.00,0.00,0.01,0.42,0.09,0.67,0.00,0.23,0.27,0.06,0.21,0.74,0.00,0.00,0.00,1.00,1.00,0.00,0.00,0.00,1.00,0.00,1.00,0.00,0.00,0.00,1.00,0.00,0.00,0.00,0.00
36,0,2.442,0.98,1,0.119581,0.087725,-0.988941,-0.049602,0.092609,-0.994466,0.035,0.091,203.1,204.1,206.4,208.8,209.8,209.0,206.5,204.1,200.1,201.5,203.5,206.0,208.6,210.7,212.1,210.5,208.2,205.8,203.5,201.5,205.5,206.5,207.6,208.0,207.5,206.5,205.5,205.0,232.8,233.4,235.7,238.2,239.5,238.8,236.6,233.9,230.5,231.9,234.0,236.6,239.1,241.1,242.5,241.3,239.5,237.3,234.8,232.4,235.2,236.3,237.2,237.5,237.0,235.9,234.9,234.6,354.2,351.7,350.7,351.6,354.0,356.7,357.5,356.6,355.3,354.1,353.3,352.8,353.2,354.2,355.5,356.4,356.7,356.9,356.8,356.3,355.3,355.7,355.2,354.1,353.1,352.7,353.1,354.2,352.6,350.0,348.8,349.5,351.9,354.5,355.8,355.2,354.4,352.8,351.6,350.9,351.0,351.7,352.8,353.9,354.6,355.0,355.1,355.0,353.5,353.9,353.3,352.2,351.1,350.8,351.4,352.5,-65.1,-63.4,-59.3,-55.0,-53.2,-54.6,-59.0,-63.3,-70.7,-68.1,-64.4,-59.9,-55.3,-51.7,-49.2,-52.0,-55.9,-60.2,-64.3,-68.0,-60.9,-59.1,-57.3,-56.5,-57.3,-59.2,-61.0,-61.7,-12.4,-11.3,-7.4,-3.1,-0.8,-2.0,-5.9,-10.5,-16.3,-13.8,-10.4,-5.9,-1.5,1.9,4.3,2.3,-0.8,-4.7,-8.9,-13.1,-8.3,-6.4,-4.7,-4.2,-5.2,-7.1,-8.8,-9.3,60.3,56.0,54.2,55.8,60.0,64.6,66.2,64.5,62.7,60.3,58.6,57.8,58.4,60.2,62.8,64.2,64.7,65.0,64.9,64.2,62.2,62.9,62.1,60.2,58.4,57.7,58.5,60.4,55.9,51.5,49.4,50.8,54.8,59.2,61.3,60.3,59.0,56.3,54.1,52.9,53.3,54.5,56.6,58.3,59.3,59.9,60.1,60.0,57.5,58.1,57.2,55.3,53.5,52.9,53.9,55.8,919.1,919.3,919.1,918.6,918.0,918.0,918.0,918.5,923.7,920.9,918.2,916.7,916.9,918.1,919.6,918.2,917.0,917.0,918.5,921.0,919.4,919.1,919.0,919.1,919.4,919.6,919.7,919.6,892.6,893.4,894.4,894.9,894.7,893.9,893.0,892.6,893.7,892.5,891.7,891.9,893.8,896.8,899.8,896.8,893.9,892.1,891.7,892.6,893.9,894.2,894.6,894.9,895.0,894.8,894.4,894.0,0.04,0.00,0.88,0.00,0.00,0.00,0.01,0.45,0.18,0.85,0.00,0.30,0.41,0.13,0.07,0.52,0.00,0.00,0.00,0.00,1.00,0.00,0.00,0.00,1.00,0.00,1.00,0.00,0.00,0.00,1.00,0.00,0.00,0.00,0.00
37,0,2.512,0.98,1,0.121519,0.089433,-0.988552,-0.050989,0.095405,-0.994132,0.036,0.093,203.1,204.1,206.5,208.8,209.8,209.1,206.5,204.1,200.1,201.5,203.5,206.0,208.6,210.7,212.2,210.5,208.3,205.8,203.5,201.5,205.5,206.5,207.6,208.0,207.6,206.5,205.5,205.1,232.8,233.5,235.7,238.3,239.6,238.9,236.6,233.9,230.6,232.0,234.0,236.6,239.2,241.2,242.5,241.4,239.6,237.3,234.8,232.4,235.2,236.3,237.3,237.6,237.0,235.9,234.9,234.6,354.2,351.7,350.7,351.6,354.1,356.7,357.5,356.6,355.3,354.1,353.3,352.8,353.2,354.2,355.6,356.4,356.7,356.9,356.8,356.3,355.3,355.7,355.2,354.1,353.1,352.7,353.1,354.2,352.6,350.1,348.8,349.6,351.9,354.5,355.8,355.2,354.5,352.9,351.6,350.9,351.1,351.7,352.8,353.9,354.6,355.0,355.1,355.1,353.6,353.9,353.3,352.2,351.2,350.8,351.4,352.5,-64.9,-63.3,-59.1,-54.9,-53.1,-54.5,-58.9,-63.1,-70.6,-68.0,-64.3,-59.7,-55.1,-51.6,-49.1,-51.9,-55.8,-60.1,-64.2,-67.9,-60.8,-59.0,-57.1,-56.4,-57.2,-59.0,-60.9,-61.6,-12.4,-11.2,-7.3,-3.0,-0.7,-1.9,-5.8,-10.4,-16.2,-13.8,-10.3,-5.8,-1.4,2.0,4.4,2.4,-0.8,-4.6,-8.9,-13.0,-8.3,-6.4,-4.7,-4.2,-5.1,-7.0,-8.7,-9.2,60.2,55.9,54.1,55.7,59.9,64.6,66.1,64.4,62.6,60.2,58.5,57.7,58.3,60.2,62.7,64.1,64.6,64.9,64.8,64.1,62.1,62.9,62.0,60.2,58.3,57.6,58.4,60.3,55.9,51.6,49.4,50.8,54.8,59.2,61.3,60.3,59.1,56.3,54.1,52.9,53.3,54.5,56.6,58.3,59.3,59.9,60.1,60.1,57.6,58.2,57.2,55.3,53.6,53.0,53.9,55.8,917.7,918.0,917.8,917.3,916.7,916.6,916.6,917.1,922.3,919.4,916.8,915.3,915.6,916.8,918.3,916.9,915.6,915.6,917.0,919.5,918.0,917.7,917.7,917.8,918.0,918.3,918.3,918.2,892.2,893.0,893.9,894.5,894.3,893.5,892.5,892.2,893.3,892.1,891.3,891.5,893.4,896.3,899.3,896.3,893.5,891.7,891.3,892.1,893.5,893.7,894.1,894.5,894.6,894.4,893.9,893.6,0.00,0.00,0.95,0.00,0.03,0.00,0.05,0.57,0.32,1.01,0.00,0.29,0.34,0.13,0.61,0.48,0.00,0.00,0.00,0.00,1.00,0.00,0.00,0.00,1.00,0.00,1.00,0.00,0.00,0.00,1.00,0.00,0.00,0.00,0.00
38,0,2.581,0.98,1,0.126727,0.088751,-0.987959,-0.049373,0.097553,-0.994005,0.039,0.094,203.2,204.1,206.5,208.9,209.9,209.1,206.6,204.2,200.1,201.5,203.5,206.1,208.7,210.8,212.2,210.6,208.3,205.9,203.6,201.6,205.5,206.6,207.6,208.0,207.6,206.6,205.5,205.1,232.9,233.5,235.8,238.3,239.6,239.0,236.7,234.0,230.6,232.0,234.0,236.7,239.2,241.2,242.6,241.5,239.7,237.4,234.9,232.5,235.3,236.4,237.4,237.7,237.1,236.0,235.0,234.7,354.2,351.7,350.7,351.6,354.1,356.7,357.6,356.6,355.4,354.1,353.3,352.8,353.2,354.2,355.6,356.4,356.7,356.9,356.8,356.3,355.3,355.7,355.2,354.2,353.1,352.7,353.2,354.2,352.6,350.0,348.7,349.4,351.8,354.4,355.7,355.1,354.4,352.8,351.5,350.8,350.9,351.5,352.6,353.7,354.4,354.9,355.0,355.0,353.5,353.8,353.2,352.1,351.1,350.7,351.3,352.4,-64.6,-63.0,-58.8,-54.6,-52.8,-54.1,-58.6,-62.8,-70.3,-67.7,-64.0,-59.4,-54.8,-51.3,-48.8,-51.6,-55.5,-59.7,-63.9,-67.6,-60.5,-58.6,-56.8,-56.1,-56.9,-58.7,-60.6,-61.3,-12.2,-11.1,-7.2,-2.9,-0.6,-1.7,-5.6,-10.2,-16.0,-13.6,-10.2,-5.7,-1.3,2.1,4.5,2.5,-0.6,-4.4,-8.7,-12.8,-8.1,-6.2,-4.5,-4.0,-5.0,-6.9,-8.6,-9.1,60.0,55.7,53.9,55.5,59.7,64.3,65.9,64.2,62.4,60.0,58.4,57.5,58.1,60.0,62.5,63.9,64.4,64.7,64.5,63.9,61.9,62.7,61.9,60.0,58.1,57.4,58.2,60.1,55.6,51.3,49.1,50.4,54.5,58.8,61.0,60.0,58.9,56.0,53.8,52.6,52.9,54.1,56.2,57.9,58.9,59.5,59.8,59.8,57.3,57.9,56.9,55.0,53.2,52.7,53.6,55.5,914.1,914.5,914.4,913.8,913.2,913.1,913.0,913.5,918.7,915.9,913.3,911.8,912.1,913.3,914.8,913.3,912.1,912.0,913.4,915.9,914.4,914.2,914.2,914.3,914.6,914.8,914.9,914.7,890.3,891.1,892.1,892.6,892.3,891.5,890.6,890.2,891.4,890.2,889.4,889.6,891.5,894.4,897.4,894.3,891.5,889.7,889.3,890.2,891.6,891.8,892.2,892.6,892.7,892.4,892.0,891.7,0.00,0.00,1.03,0.00,0.04,0.00,0.11,0.81,0.47,1.08,0.00,0.12,0.16,0.07,1.11,0.53,0.00,0.00,0.00,0.00,1.00,0.00,0.00,0.00,1.00,0.00,1.00,0.00,0.00,0.00,1.00,1.00,0.00,0.00,0.00
39,0,2.651,0.98,1,0.128123,0.088511,-0.987801,-0.048963,0.097103,-0.994069,0.040,0.093,203.2,204.2,206.6,208.9,209.9,209.2,206.6,204.2,200.2,201.5,203.6,206.1,208.8,210.8,212.3,210.6,208.4,205.9,203.6,201.6,205.6,206.6,207.7,208.1,207.7,206.6,205.6,205.2,232.9,233.6,235.8,238.3,239.7,239.0,236.8,234.1,230.7,232.1,234.1,236.7,239.3,241.3,242.7,241.5,239.7,237.4,234.9,232.5,235.3,236.4,237.4,237.7,237.1,236.0,235.0,234.7,354.1,351.7,350.6,351.6,354.0,356.6,357.5,356.6,355.3,354.1,353.2,352.8,353.2,354.1,355.5,356.4,356.7,356.9,356.7,356.3,355.2,355.6,355.2,354.1,353.1,352.6,353.1,354.2,352.5,350.0,348.7,349.4,351.8,354.4,355.6,355.1,354.4,352.8,351.5,350.8,350.9,351.5,352.6,353.7,354.4,354.8,355.0,355.0,353.4,353.8,353.2,352.1,351.1,350.7,351.3,352.4,-64.7,-63.0,-58.8,-54.6,-52.8,-54.2,-58.6,-62.8,-70.4,-67.7,-64.0,-59.4,-54.8,-51.3,-48.8,-51.6,-55.5,-59.8,-63.9,-67.6,-60.5,-58.7,-56.8,-56.1,-56.9,-58.8,-60.6,-61.3,-12.2,-11.0,-7.2,-2.8,-0.6,-1.7,-5.6,-10.2,-16.0,-13.6,-10.1,-5.6,-1.3,2.2,4.6,2.6,-0.6,-4.4,-8.7,-12.8,-8.1,-6.2,-4.5,-4.0,-5.0,-6.9,-8.6,-9.0,60.0,55.8,53.9,55.6,59.8,64.4,65.9,64.2,62.5,60.0,58.4,57.5,58.2,60.0,62.5,63.9,64.4,64.7,64.6,63.9,62.0,62.7,61.9,60.0,58.2,57.4,58.3,60.1,55.8,51.4,49.2,50.6,54.6,59.0,61.1,60.2,59.0,56.2,53.9,52.7,53.1,54.3,56.4,58.1,59.1,59.7,59.9,59.9,57.4,58.0,57.0,55.1,53.4,52.8,53.7,55.6,915.8,916.2,916.1,915.6,914.9,914.8,914.7,915.2,920.3,917.6,915.0,913.5,913.8,915.0,916.5,915.1,913.8,913.7,915.1,917.6,916.1,915.9,915.9,916.0,916.3,916.5,916.5,916.4,892.6,893.4,894.4,894.9,894.7,893.8,892.9,892.6,893.7,892.5,891.7,891.9,893.8,896.7,899.7,896.7,893.8,892.0,891.6,892.5,893.9,894.1,894.5,894.9,895.0,894.8,894.3,894.0,0.00,0.00,1.05,0.00,0.04,0.00,0.12,0.86,0.54,1.14,0.00,0.00,0.08,0.00,1.45,0.54,0.00,0.00,0.00,0.00,1.00,0.00,0.00,0.00,1.00,0.00,1.00,0.00,0.00,0.00,1.00,1.00,0.00,0.00,0.00
40,0,2.721,0.98,1,0.127002,0.086985,-0.988081,-0.049492,0.095191,-0.994228,0.039,0.092,203.0,203.9,206.3,208.7,209.7,209.0,206.4,204.0,200.0,201.3,203.3,205.9,208.5,210.6,212.1,210.4,208.2,205.7,203.4,201.4,205.4,206.4,207.5,207.9,207.4,206.4,205.3,204.9,232.7,233.4,235.6,238.2,239.5,238.9,236.6,233.9,230.5,231.9,233.9,236.5,239.1,241.1,242.5,241.4,239.5,237.3,234.8,232.4,235.2,236.3,237.3,237.5,237.0,235.8,234.9,234.6,354.3,351.9,350.8,351.7,354.1,356.8,357.7,356.7,355.5,354.2,353.4,352.9,353.3,354.3,355.7,356.5,356.8,357.0,356.9,356.5,355.4,355.8,355.3,354.3,353.2,352.8,353.3,354.3,352.6,350.0,348.7,349.4,351.8,354.4,355.7,355.1,354.4,352.8,351.5,350.8,350.9,351.5,352.6,353.7,354.4,354.9,355.0,355.0,353.5,353.8,353.2,352.1,351.1,350.7,351.3,352.4,-64.9,-63.3,-59.1,-54.9,-53.1,-54.4,-58.9,-63.1,-70.6,-68.0,-64.3,-59.7,-55.1,-51.5,-49.1,-51.8,-55.7,-60.0,-64.2,-67.9,-60.8,-58.9,-57.1,-56.4,-57.2,-59.0,-60.8,-61.6,-12.4,-11.3,-7.5,-3.1,-0.8,-1.9,-5.8,-10.4,-16.2,-13.8,-10.4,-5.9,-1.5,1.9,4.4,2.3,-0.8,-4.6,-8.9,-13.0,-8.3,-6.4,-4.7,-4.2,-5.2,-7.1,-8.8,-9.3,60.2,55.9,54.0,55.7,59.9,64.5,66.0,64.4,62.6,60.2,58.5,57.6,58.3,60.1,62.6,64.0,64.5,64.8,64.7,64.1,62.1,62.8,62.0,60.1,58.3,57.6,58.4,60.3,55.6,51.2,49.0,50.3,54.4,58.7,60.9,60.0,58.8,56.0,53.7,52.5,52.8,54.0,56.1,57.8,58.9,59.5,59.7,59.8,57.2,57.8,56.8,54.9,53.1,52.6,53.5,55.4,913.8,914.1,914.0,913.5,912.9,912.8,912.7,913.2,918.3,915.5,912.9,911.5,911.7,913.0,914.5,913.0,911.7,911.7,913.1,915.6,914.1,913.9,913.8,913.9,914.2,914.4,914.5,914.3,889.0,889.8,890.8,891.3,891.1,890.2,889.3,889.0,890.1,888.9,888.1,888.3,890.2,893.1,896.1,893.1,890.2,888.4,888.0,888.9,890.3,890.5,890.9,891.3,891.4,891.2,890.7,890.4,0.00,0.00,0.91,0.00,0.01,0.00,0.07,0.83,0.58,1.17,0.00,0.00,0.11,0.00,1.30,0.56,0.00,0.00,0.00,0.00,1.00,0.00,0.00,0.00,1.00,0.00,1.00,0.00,0.00,0.00,1.00,1.00,0.00,0.00,0.00
41,0,2.791,0.98,1,0.124390,0.085883,-0.988510,-0.052581,0.094671,-0.994119,0.036,0.091,202.7,203.7,206.0,208.4,209.4,208.7,206.1,203.8,199.7,201.1,203.1,205.6,208.2,210.3,211.8,210.1,207.9,205.5,203.1,201.1,205.1,206.1,207.2,207.6,207.1,206.1,205.1,204.7,232.4,233.0,235.3,237.8,239.2,238.5,236.3,233.6,230.2,231.5,233.6,236.2,238.8,240.8,242.2,241.0,239.2,236.9,234.4,232.0,234.8,235.9,236.9,237.2,236.6,235.5,234.5,234.2,354.5,352.0,351.0,351.9,354.3,357.0,357.8,356.9,355.7,354.4,353.6,353.1,353.5,354.4,355.8,356.7,357.0,357.2,357.1,356.7,355.6,356.0,355.5,354.4,353.4,353.0,353.4,354.5,352.7,350.1,348.8,349.5,351.9,354.5,355.8,355.2,354.5,352.9,351.6,350.9,351.0,351.6,352.7,353.8,354.5,355.0,355.1,355.1,353.6,353.9,353.3,352.2,351.1,350.8,351.4,352.5,-65.6,-63.9,-59.8,-55.5,-53.7,-55.0,-59.5,-63.7,-71.2,-68.6,-64.9,-60.3,-55.7,-52.2,-49.7,-52.5,-56.3,-60.6,-64.8,-68.5,-61.4,-59.5,-57.7,-57.0,-57.8,-59.7,-61.5,-62.2,-13.0,-11.9,-8.1,-3.7,-1.4,-2.5,-6.4,-11.0,-16.8,-14.4,-11.0,-6.5,-2.1,1.3,3.8,1.7,-1.4,-5.2,-9.5,-13.6,-8.9,-7.0,-5.3,-4.8,-5.8,-7.7,-9.4,-9.9,60.7,56.4,54.5,56.1,60.3,64.9,66.5,64.9,63.1,60.7,59.0,58.1,58.7,60.5,63.1,64.4,65.0,65.3,65.2,64.6,62.6,63.3,62.5,60.6,58.7,58.0,58.9,60.7,55.9,51.5,49.3,50.6,54.6,59.0,61.2,60.2,59.1,56.3,54.0,52.7,53.0,54.3,56.3,58.1,59.1,59.7,60.0,60.0,57.5,58.0,57.1,55.1,53.4,52.8,53.8,55.7,916.0,916.4,916.2,915.7,915.1,915.0,914.9,915.4,920.6,917.8,915.2,913.7,914.0,915.2,916.7,915.2,914.0,913.9,915.3,917.8,916.3,916.1,916.0,916.2,916.4,916.7,916.7,916.6,890.4,891.2,892.1,892.6,892.4,891.5,890.6,890.3,891.5,890.3,889.4,889.6,891.5,894.4,897.4,894.4,891.5,889.7,889.4,890.3,891.6,891.8,892.2,892.6,892.7,892.5,892.1,891.7,0.00,0.00,0.83,0.00,0.00,0.00,0.03,0.76,0.60,1.30,0.00,0.00,0.21,0.00,1.18,0.52,0.00,0.00,0.00,0.00,1.00,0.00,0.00,0.00,1.00,0.00,1.00,0.00,0.00,0.00,1.00,1.00,0.00,0.00,0.00
42,0,2.860,0.98,1,0.120731,0.086780,-0.988885,-0.055404,0.095783,-0.993859,0.033,0.092,202.2,203.2,205.5,207.9,209.0,208.2,205.7,203.3,199.2,200.6,202.6,205.1,207.8,209.8,211.3,209.7,207.4,205.0,202.7,200.7,204.6,205.7,206.7,207.1,206.7,205.6,204.6,204.2,232.0,232.6,234.8,237.4,238.8,238.1,235.9,233.1,229.8,231.1,233.1,235.8,238.3,240.4,241.8,240.6,238.8,236.5,234.0,231.6,234.4,235.5,236.5,236.8,236.2,235.1,234.1,233.8,354.6,352.1,351.1,352.0,354.4,357.0,357.9,357.0,355.8,354.5,353.7,353.2,353.5,354.5,355.9,356.8,357.1,357.3,357.2,356.8,355.7,356.1,355.6,354.5,353.5,353.1,353.5,354.6,352.7,350.1,348.8,349.5,351.9,354.5,355.8,355.3,354.6,352.9,351.6,350.9,351.0,351.6,352.7,353.8,354.5,355.0,355.1,355.1,353.6,353.9,353.3,352.2,351.2,350.8,351.4,352.6,-66.4,-64.8,-60.6,-56.4,-54.5,-55.9,-60.3,-64.5,-72.0,-69.5,-65.8,-61.2,-56.6,-53.0,-50.5,-53.3,-57.2,-61.5,-65.6,-69.3,-62.2,-60.4,-58.6,-57.8,-58.7,-60.5,-62.3,-63.0,-13.7,-12.6,-8.8,-4.4,-2.1,-3.2,-7.1,-11.7,-17.5,-15.1,-11.7,-7.2,-2.8,0.6,3.1,1.1,-2.1,-5.9,-10.2,-14.3,-9.6,-7.7,-6.0,-5.5,-6.5,-8.4,-10.1,-10.6,60.8,56.5,54.6,56.3,60.4,65.1,66.6,65.0,63.3,60.9,59.2,58.2,58.9,60.6,63.2,64.6,65.1,65.5,65.4,64.8,62.7,63.4,62.6,60.7,58.9,58.2,59.0,60.9,55.8,51.4,49.2,50.5,54.5,58.9,61.1,60.2,59.1,56.2,53.9,52.7,53.0,54.2,56.2,58.0,59.0,59.6,59.9,60.0,57.4,57.9,57.0,55.1,53.3,52.8,53.7,55.6,916.0,916.3,916.1,915.6,915.0,914.9,914.8,915.4,920.6,917.8,915.1,913.6,913.9,915.1,916.5,915.1,913.9,913.9,915.3,917.8,916.3,916.0,915.9,916.1,916.4,916.6,916.7,916.5,888.9,889.7,890.6,891.1,890.8,890.0,889.1,888.8,890.0,888.8,887.9,888.1,890.0,892.9,895.9,892.8,890.0,888.2,887.8,888.8,890.1,890.3,890.7,891.1,891.2,891.0,890.6,890.2,0.00,0.00,0.92,0.00,0.01,0.00,0.01,0.78,0.64,1.37,0.00,0.00,0.21,0.00,1.15,0.58,0.00,0.00,0.00,0.00,1.00,0.00,0.00,0.00,1.00,0.00,1.00,0.00,0.00,0.00,1.00,1.00,0.00,0.00,0.00
43,0,2.930,0.98,1,0.121939,0.091147,-0.988344,-0.054842,0.100611,-0.993413,0.034,0.096,201.9,202.8,205.1,207.5,208.6,207.8,205.3,202.9,198.9,200.2,202.2,204.7,207.4,209.4,210.9,209.3,207.0,204.6,202.3,200.3,204.3,205.3,206.3,206.7,206.3,205.2,204.2,203.8,231.6,232.2,234.5,237.0,238.4,237.8,235.5,232.8,229.4,230.8,232.8,235.4,238.0,240.0,241.4,240.3,238.4,236.2,233.7,231.3,234.1,235.2,236.1,236.4,235.8,234.7,233.7,233.5,354.9,352.5,351.4,352.3,354.7,357.3,358.2,357.3,356.1,354.9,354.0,353.5,353.9,354.8,356.2,357.0,357.4,357.6,357.5,357.1,356.0,356.4,355.9,354.8,353.8,353.4,353.8,354.9,352.9,350.3,349.0,349.7,352.1,354.7,356.0,355.5,354.8,353.2,351.9,351.1,351.2,351.8,352.9,354.0,354.7,355.1,355.3,355.3,353.8,354.1,353.5,352.4,351.4,351.0,351.6,352.8,-67.2,-65.6,-61.5,-57.2,-55.4,-56.7,-61.1,-65.4,-72.9,-70.3,-66.6,-62.0,-57.4,-53.8,-51.3,-54.1,-58.0,-62.3,-66.4,-70.1,-63.1,-61.2,-59.4,-58.7,-59.5,-61.3,-63.2,-63.9,-14.3,-13.3,-9.4,-5.1,-2.7,-3.8,-7.7,-12.3,-18.1,-15.8,-12.3,-7.9,-3.5,0.0,2.5,0.5,-2.7,-6.5,-10.8,-14.9,-10.2,-8.3,-6.6,-6.1,-7.2,-9.1,-10.7,-11.2,61.6,57.2,55.3,56.9,61.1,65.7,67.3,65.7,64.0,61.6,59.9,59.0,59.6,61.3,63.8,65.2,65.8,66.1,66.1,65.5,63.4,64.1,63.3,61.4,59.6,58.9,59.7,61.6,56.4,52.0,49.8,51.0,55.0,59.4,61.6,60.7,59.6,56.8,54.5,53.2,53.5,54.7,56.7,58.5,59.5,60.1,60.4,60.5,57.9,58.5,57.5,55.6,53.8,53.3,54.3,56.2,918.4,918.7,918.5,918.0,917.4,917.3,917.3,917.8,923.0,920.2,917.5,916.0,916.3,917.4,918.9,917.5,916.3,916.3,917.7,920.2,918.7,918.4,918.3,918.5,918.7,919.0,919.0,918.9,891.8,892.6,893.5,894.0,893.7,892.9,892.0,891.7,892.9,891.7,890.8,891.0,892.9,895.7,898.7,895.7,892.9,891.1,890.8,891.7,893.0,893.2,893.6,894.0,894.1,893.9,893.5,893.1,0.00,0.00,0.99,0.00,0.06,0.00,0.02,0.76,0.63,1.49,0.00,0.06,0.29,0.03,1.07,0.58,0.00,0.00,0.00,0.00,1.00,0.00,0.00,0.00,1.00,0.00,1.00,0.00,0.00,0.00,1.00,1.00,0.00,0.00,0.00
44,0,3.000,0.98,1,0.123881,0.090327,-0.988177,-0.051730,0.100959,-0.993545,0.036,0.096,201.7,202.6,205.0,207.4,208.4,207.7,205.2,202.8,198.7,200.0,202.0,204.6,207.2,209.3,210.8,209.2,206.9,204.5,202.2,200.2,204.1,205.2,206.2,206.6,206.1,205.1,204.0,203.6,231.4,232.0,234.3,236.8,238.2,237.6,235.3,232.6,229.2,230.6,232.6,235.2,237.7,239.8,241.2,240.0,238.2,236.0,233.5,231.1,233.8,234.9,235.9,236.2,235.6,234.5,233.5,233.2,355.1,352.6,351.5,352.4,354.8,357.5,358.4,357.5,356.3,355.0,354.2,353.7,354.0,354.9,356.3,357.2,357.5,357.8,357.7,357.2,356.1,356.5,356.0,355.0,353.9,353.5,354.0,355.1,353.0,350.4,349.1,349.8,352.1,354.7,356.0,355.5,354.8,353.2,351.9,351.2,351.2,351.8,352.9,354.0,354.7,355.2,355.4,355.4,353.8,354.1,353.6,352.4,351.4,351.1,351.7,352.8,-67.4,-65.8,-61.7,-57.4,-55.5,-56.8,-61.3,-65.5,-73.0,-70.5,-66.8,-62.2,-57.6,-54.0,-51.5,-54.3,-58.1,-62.4,-66.6,-70.3,-63.2,-61.4,-59.6,-58.9,-59.7,-61.5,-63.3,-64.0,-14.7,-13.7,-9.8,-5.5,-3.1,-4.2,-8.0,-12.7,-18.5,-16.1,-12.7,-8.2,-3.9,-0.4,2.1,0.1,-3.1,-6.9,-11.2,-15.3,-10.6,-8.7,-7.0,-6.5,-7.6,-9.5,-11.1,-11.6,61.8,57.4,55.5,57.1,61.3,65.9,67.5,65.9,64.2,61.8,60.1,59.1,59.7,61.5,64.0,65.4,65.9,66.3,66.3,65.7,63.6,64.3,63.4,61.6,59.7,59.0,59.9,61.8,56.4,52.0,49.8,51.1,55.1,59.5,61.7,60.8,59.7,56.9,54.6,53.3,53.5,54.7,56.8,58.5,59.5,60.2,60.5,60.6,58.0,58.5,57.6,55.7,53.9,53.4,54.3,56.3,917.0,917.3,917.1,916.6,916.0,915.9,915.9,916.4,921.6,918.8,916.1,914.6,914.9,916.1,917.6,916.1,914.9,914.9,916.3,918.8,917.3,917.0,917.0,917.1,917.3,917.6,917.7,917.5,891.5,892.3,893.2,893.6,893.4,892.6,891.7,891.4,892.6,891.4,890.5,890.7,892.5,895.4,898.4,895.4,892.6,890.8,890.5,891.4,892.7,892.9,893.3,893.7,893.8,893.6,893.2,892.8,0.08,0.00,0.99,0.00,0.07,0.00,0.01,0.70,0.59,1.60,0.00,0.27,0.32,0.11,0.76,0.54,0.04,0.00,0.00,0.00,1.00,0.00,0.00,0.00,1.00,0.00,1.00,0.00,0.00,0.00,1.00,1.00,0.00,0.00,0.00
45,0,3.070,0.98,1,0.121363,0.100433,-0.987514,-0.052184,0.110113,-0.992548,0.035,0.106,201.6,202.4,204.7,207.1,208.1,207.4,205.0,202.6,198.6,199.9,201.9,204.4,206.9,209.0,210.5,208.9,206.7,204.3,202.0,200.1,203.9,204.9,206.0,206.3,205.9,204.8,203.8,203.5,230.8,231.5,233.7,236.2,237.5,236.9,234.7,232.0,228.7,230.0,232.0,234.6,237.1,239.1,240.5,239.3,237.5,235.3,232.9,230.5,233.2,234.3,235.3,235.6,235.0,233.9,232.9,232.6,355.7,353.3,352.2,353.1,355.4,358.0,358.9,358.1,356.9,355.7,354.8,354.4,354.7,355.5,356.8,357.7,358.1,358.3,358.2,357.8,356.7,357.1,356.6,355.6,354.5,354.1,354.6,355.7,353.5,351.0,349.7,350.4,352.7,355.2,356.5,356.0,355.3,353.8,352.5,351.8,351.9,352.4,353.4,354.5,355.2,355.7,355.9,355.9,354.4,354.7,354.1,353.0,352.0,351.7,352.2,353.3,-69.1,-67.5,-63.4,-59.1,-57.2,-58.4,-62.9,-67.1,-74.7,-72.2,-68.5,-63.9,-59.3,-55.7,-53.1,-55.9,-59.8,-64.1,-68.2,-71.9,-64.9,-63.0,-61.2,-60.5,-61.4,-63.2,-65.0,-65.7,-16.0,-14.9,-11.1,-6.7,-4.4,-5.4,-9.3,-13.9,-19.7,-17.4,-13.9,-9.5,-5.1,-1.6,0.9,-1.1,-4.3,-8.1,-12.4,-16.6,-11.8,-9.9,-8.2,-7.7,-8.8,-10.7,-12.4,-12.8,64.2,59.8,57.9,59.4,63.6,68.3,69.9,68.4,66.6,64.3,62.6,61.6,62.1,63.8,66.2,67.7,68.3,68.7,68.7,68.1,66.0,66.7,65.8,63.9,62.1,61.4,62.3,64.2,58.4,54.0,51.8,53.1,57.1,61.5,63.7,62.8,61.6,58.9,56.6,55.4,55.6,56.7,58.7,60.5,61.5,62.2,62.5,62.6,60.0,60.5,59.6,57.6,55.9,55.3,56.3,58.2,936.1,936.3,936.1,935.6,935.1,935.1,935.1,935.6,940.7,937.9,935.2,933.7,934.0,935.2,936.7,935.3,934.1,934.1,935.5,938.0,936.4,936.2,936.1,936.2,936.4,936.7,936.7,936.6,908.1,908.9,909.7,910.2,910.0,909.2,908.4,908.1,909.3,908.0,907.1,907.3,909.1,912.0,915.0,912.0,909.2,907.5,907.1,908.1,909.4,909.6,909.9,910.3,910.4,910.2,909.8,909.5,0.14,0.00,0.90,0.00,0.09,0.00,0.01,0.67,0.54,1.77,0.00,0.47,0.41,0.18,0.44,0.41,0.08,0.00,0.00,0.00,1.00,0.00,0.00,0.00,1.00,0.00,1.00,0.00,0.00,0.00,1.00,1.00,0.00,0.00,0.00
46,0,3.140,0.98,1,0.120138,0.099797,-0.987728,-0.053086,0.109365,-0.992583,0.034,0.105,201.6,202.4,204.7,207.1,208.1,207.4,205.0,202.6,198.6,199.9,201.9,204.3,206.9,209.0,210.4,208.9,206.6,204.3,202.0,200.0,203.9,204.9,205.9,206.3,205.9,204.8,203.8,203.4,230.8,231.4,233.6,236.1,237.5,236.9,234.6,232.0,228.7,230.0,232.0,234.5,237.1,239.1,240.5,239.3,237.5,235.3,232.8,230.5,233.2,234.3,235.3,235.5,235.0,233.9,232.9,232.6,355.7,353.3,352.2,353.1,355.4,358.0,358.9,358.1,356.9,355.7,354.9,354.4,354.7,355.5,356.8,357.7,358.1,358.3,358.2,357.8,356.7,357.1,356.6,355.6,354.5,354.2,354.6,355.7,353.5,351.0,349.7,350.4,352.7,355.2,356.5,356.0,355.3,353.8,352.5,351.8,351.9,352.4,353.4,354.5,355.2,355.7,355.9,355.9,354.4,354.7,354.1,353.0,352.0,351.7,352.2,353.3,-69.2,-67.6,-63.5,-59.2,-57.3,-58.5,-63.0,-67.3,-74.8,-72.3,-68.6,-64.0,-59.4,-55.8,-53.2,-56.0,-59.9,-64.2,-68.3,-72.0,-65.0,-63.1,-61.3,-60.6,-61.5,-63.3,-65.1,-65.8,-16.0,-15.0,-11.1,-6.7,-4.4,-5.5,-9.4,-14.0,-19.8,-17.4,-14.0,-9.5,-5.1,-1.6,0.8,-1.2,-4.3,-8.2,-12.5,-16.6,-11.9,-10.0,-8.3,-7.8,-8.8,-10.7,-12.4,-12.9,64.3,59.9,58.0,59.5,63.7,68.3,70.0,68.4,66.7,64.4,62.7,61.7,62.2,63.9,66.3,67.8,68.4,68.8,68.8,68.2,66.1,66.8,65.9,64.0,62.2,61.5,62.4,64.3,58.4,54.0,51.8,53.1,57.1,61.5,63.7,62.8,61.7,58.9,56.7,55.4,55.6,56.8,58.7,60.5,61.5,62.2,62.5,62.6,60.0,60.6,59.6,57.7,55.9,55.4,56.3,58.3,937.0,937.2,937.0,936.5,936.0,936.0,936.0,936.5,941.6,938.8,936.1,934.6,934.9,936.1,937.6,936.2,935.0,935.0,936.4,938.9,937.3,937.1,937.0,937.1,937.3,937.6,937.6,937.5,908.5,909.2,910.1,910.5,910.3,909.6,908.8,908.5,909.7,908.4,907.5,907.6,909.5,912.3,915.3,912.4,909.6,907.8,907.5,908.5,909.7,909.9,910.3,910.6,910.7,910.5,910.2,909.8,0.22,0.00,0.76,0.00,0.07,0.00,0.00,0.78,0.61,1.93,0.00,0.47,0.43,0.15,0.70,0.53,0.31,0.00,0.00,0.00,1.00,0.00,0.00,0.00,1.00,1.00,1.00,0.00,0.00,0.00,1.00,1.00,0.00,0.00,0.00
47,0,3.209,0.98,1,0.126833,0.096359,-0.987233,-0.053340,0.109873,-0.992513,0.037,0.104,201.7,202.5,204.8,207.1,208.2,207.5,205.1,202.7,198.7,200.0,202.0,204.4,207.0,209.0,210.5,209.0,206.8,204.4,202.1,200.2,204.0,205.0,206.0,206.4,205.9,204.9,203.9,203.5,230.7,231.3,233.5,236.0,237.4,236.8,234.6,231.9,228.6,229.9,231.9,234.4,237.0,239.0,240.4,239.2,237.4,235.2,232.8,230.4,233.1,234.2,235.2,235.4,234.9,233.8,232.8,232.5,356.5,354.1,353.0,353.8,356.1,358.7,359.7,358.8,357.7,356.5,355.7,355.2,355.4,356.3,357.5,358.4,358.8,359.0,359.0,358.6,357.5,357.8,357.4,356.3,355.3,354.9,355.4,356.5,354.0,351.4,350.1,350.8,353.1,355.6,356.9,356.5,355.8,354.3,353.0,352.3,352.3,352.8,353.8,354.9,355.6,356.1,356.3,356.3,354.8,355.1,354.5,353.4,352.4,352.1,352.7,353.8,-69.5,-68.0,-63.9,-59.6,-57.6,-58.8,-63.2,-67.5,-75.2,-72.6,-68.9,-64.3,-59.7,-56.1,-53.5,-56.3,-60.1,-64.4,-68.6,-72.3,-65.3,-63.4,-61.6,-60.9,-61.8,-63.7,-65.5,-66.1,-16.3,-15.2,-11.4,-7.0,-4.6,-5.7,-9.5,-14.2,-20.0,-17.7,-14.2,-9.7,-5.3,-1.8,0.7,-1.4,-4.5,-8.4,-12.7,-16.8,-12.1,-10.2,-8.5,-8.0,-9.1,-11.0,-12.7,-13.1,66.2,61.8,59.8,61.3,65.5,70.2,71.9,70.4,68.7,66.4,64.7,63.6,64.1,65.7,68.0,69.5,70.1,70.6,70.6,70.1,68.0,68.6,67.8,65.8,64.0,63.4,64.2,66.2,59.6,55.2,52.9,54.1,58.1,62.5,64.8,64.0,62.8,60.1,57.8,56.5,56.7,57.8,59.6,61.4,62.5,63.2,63.6,63.7,61.1,61.6,60.6,58.7,57.0,56.4,57.4,59.4,944.3,944.6,944.5,944.0,943.5,943.5,943.4,943.8,948.9,946.0,943.5,942.0,942.3,943.6,945.2,943.7,942.4,942.3,943.7,946.1,944.7,944.5,944.5,944.6,944.8,945.0,945.0,944.9,913.5,914.2,915.0,915.4,915.2,914.5,913.7,913.5,914.8,913.4,912.5,912.6,914.4,917.2,920.2,917.2,914.5,912.8,912.5,913.5,914.7,914.9,915.3,915.6,915.6,915.5,915.1,914.8,0.20,0.00,0.67,0.00,0.10,0.00,0.00,0.98,0.75,1.93,0.00,0.30,0.41,0.07,1.31,0.79,0.51,0.00,0.00,0.00,1.00,0.00,0.00,0.00,1.00,1.00,1.00,0.00,0.00,0.00,1.00,1.00,0.00,0.00,1.00
48,0,3.279,0.98,1,0.126408,0.095171,-0.987402,-0.053725,0.108249,-0.992671,0.037,0.102,201.7,202.5,204.8,207.1,208.2,207.5,205.1,202.7,198.7,200.0,202.0,204.4,207.0,209.0,210.5,209.0,206.8,204.4,202.1,200.2,204.0,205.0,206.0,206.4,205.9,204.9,203.9,203.5,230.7,231.3,233.5,236.0,237.4,236.8,234.6,231.9,228.6,229.9,231.9,234.4,237.0,239.0,240.4,239.2,237.4,235.2,232.8,230.4,233.1,234.2,235.2,235.5,234.9,233.8,232.8,232.5,356.3,353.9,352.8,353.6,355.9,358.5,359.5,358.6,357.5,356.3,355.5,355.0,355.2,356.1,357.3,358.2,358.5,358.8,358.7,358.4,357.3,357.6,357.1,356.1,355.1,354.7,355.2,356.2,353.8,351.3,350.0,350.6,352.9,355.5,356.8,356.3,355.6,354.1,352.9,352.1,352.2,352.7,353.6,354.7,355.5,355.9,356.1,356.2,354.6,354.9,354.4,353.2,352.2,352.0,352.5,353.6,-69.4,-67.9,-63.8,-59.5,-57.5,-58.7,-63.2,-67.5,-75.1,-72.5,-68.8,-64.2,-59.6,-56.0,-53.5,-56.2,-60.1,-64.3,-68.5,-72.3,-65.2,-63.3,-61.5,-60.9,-61.7,-63.6,-65.4,-66.1,-16.2,-15.2,-11.4,-7.0,-4.6,-5.7,-9.5,-14.2,-20.0,-17.6,-14.2,-9.7,-5.3,-1.8,0.7,-1.3,-4.5,-8.4,-12.7,-16.8,-12.1,-10.1,-8.5,-8.0,-9.0,-11.0,-12.6,-13.1,65.7,61.4,59.4,60.9,65.0,69.7,71.4,69.9,68.2,65.9,64.2,63.2,63.7,65.3,67.6,69.1,69.7,70.1,70.1,69.6,67.5,68.2,67.3,65.4,63.6,62.9,63.8,65.7,59.3,54.9,52.6,53.8,57.8,62.2,64.5,63.7,62.5,59.8,57.5,56.2,56.4,57.5,59.4,61.1,62.2,62.9,63.2,63.4,60.8,61.3,60.4,58.4,56.7,56.1,57.1,59.1,943.4,943.7,943.6,943.2,942.6,942.6,942.4,942.9,948.0,945.2,942.6,941.1,941.4,942.7,944.3,942.8,941.5,941.4,942.8,945.2,943.8,943.6,943.5,943.7,943.9,944.1,944.2,944.0,913.0,913.8,914.6,915.0,914.8,914.1,913.3,913.0,914.3,913.0,912.0,912.1,913.9,916.8,919.8,916.8,914.0,912.3,912.0,913.0,914.3,914.4,914.8,915.1,915.2,915.0,914.7,914.3,0.18,0.00,0.63,0.00,0.17,0.00,0.01,1.18,0.89,1.91,0.00,0.13,0.42,0.00,1.95,1.04,0.58,0.00,0.00,0.00,1.00,0.00,0.00,0.00,1.00,1.00,1.00,0.00,0.00,0.00,1.00,1.00,0.00,0.00,1.00
49,0,3.349,0.98,1,0.126306,0.094386,-0.987491,-0.052461,0.106919,-0.992883,0.037,0.101,201.7,202.5,204.8,207.2,208.2,207.5,205.1,202.7,198.7,200.0,202.0,204.5,207.0,209.1,210.5,209.0,206.8,204.4,202.1,200.2,204.0,205.1,206.0,206.4,206.0,204.9,203.9,203.6,230.8,231.4,233.6,236.1,237.4,236.8,234.6,231.9,228.6,230.0,231.9,234.5,237.0,239.0,240.4,239.2,237.4,235.2,232.8,230.4,233.2,234.2,235.2,235.5,234.9,233.8,232.8,232.6,355.9,353.5,352.4,353.3,355.6,358.2,359.1,358.3,357.2,356.0,355.1,354.6,354.9,355.7,357.0,357.8,358.2,358.5,358.4,358.0,356.9,357.3,356.8,355.8,354.8,354.4,354.9,355.9,353.5,351.0,349.7,350.4,352.7,355.2,356.5,356.0,355.3,353.8,352.6,351.8,351.9,352.4,353.4,354.5,355.2,355.6,355.8,355.9,354.4,354.7,354.1,353.0,352.0,351.7,352.3,353.4,-69.4,-67.8,-63.7,-59.4,-57.5,-58.7,-63.1,-67.4,-75.1,-72.5,-68.8,-64.2,-59.6,-56.0,-53.5,-56.2,-60.0,-64.3,-68.5,-72.3,-65.2,-63.3,-61.5,-60.8,-61.7,-63.6,-65.4,-66.0,-16.2,-15.2,-11.3,-6.9,-4.6,-5.6,-9.5,-14.1,-20.0,-17.6,-14.2,-9.7,-5.3,-1.8,0.7,-1.3,-4.5,-8.4,-12.6,-16.8,-12.0,-10.1,-8.4,-8.0,-9.0,-10.9,-12.6,-13.1,65.1,60.7,58.8,60.3,64.4,69.1,70.8,69.2,67.6,65.2,63.5,62.5,63.0,64.7,67.0,68.5,69.1,69.5,69.5,69.0,66.9,67.6,66.7,64.8,63.0,62.3,63.2,65.1,58.9,54.5,52.2,53.4,57.4,61.9,64.1,63.3,62.1,59.4,57.1,55.8,56.0,57.1,59.1,60.8,61.8,62.5,62.8,63.0,60.4,61.0,60.0,58.0,56.3,55.8,56.7,58.7,943.3,943.6,943.5,943.0,942.5,942.4,942.2,942.7,947.8,945.0,942.4,941.0,941.3,942.5,944.1,942.6,941.3,941.2,942.6,945.0,943.6,943.4,943.4,943.5,943.8,944.0,944.0,943.9,914.3,915.1,916.0,916.4,916.1,915.4,914.5,914.3,915.6,914.3,913.3,913.5,915.3,918.1,921.1,918.1,915.3,913.6,913.3,914.3,915.6,915.7,916.1,916.4,916.5,916.4,916.0,915.7,0.15,0.00,0.72,0.00,0.26,0.00,0.03,1.23,0.91,1.82,0.00,0.11,0.42,0.00,2.08,1.01,0.45,0.00,0.00,0.00,1.00,0.00,0.00,0.00,1.00,1.00,1.00,0.00,0.00,0.00,1.00,1.00,0.00,0.00,1.00
50,0,3.419,0.98,1,0.126042,0.093881,-0.987573,-0.052680,0.106612,-0.992904,0.037,0.101,201.7,202.5,204.8,207.2,208.2,207.5,205.1,202.7,198.7,200.0,202.0,204.5,207.0,209.1,210.5,209.0,206.8,204.4,202.1,200.2,204.0,205.1,206.0,206.4,206.0,204.9,203.9,203.6,230.8,231.4,233.5,236.0,237.4,236.8,234.6,231.9,228.6,230.0,231.9,234.5,237.0,239.0,240.4,239.2,237.4,235.2,232.8,230.4,233.1,234.2,235.2,235.5,234.9,233.8,232.8,232.6,355.9,353.5,352.4,353.3,355.6,358.2,359.1,358.2,357.2,355.9,355.1,354.6,354.9,355.7,357.0,357.8,358.2,358.5,358.4,358.0,356.9,357.3,356.8,355.8,354.7,354.4,354.8,355.9,353.5,351.0,349.7,350.4,352.7,355.2,356.5,356.0,355.3,353.8,352.6,351.8,351.9,352.4,353.4,354.5,355.2,355.6,355.8,355.9,354.4,354.7,354.1,353.0,352.0,351.7,352.3,353.4,-69.4,-67.9,-63.7,-59.5,-57.5,-58.7,-63.2,-67.4,-75.1,-72.5,-68.8,-64.2,-59.6,-56.0,-53.5,-56.2,-60.1,-64.3,-68.5,-72.3,-65.2,-63.3,-61.5,-60.8,-61.7,-63.6,-65.4,-66.0,-16.2,-15.2,-11.4,-7.0,-4.6,-5.6,-9.5,-14.2,-20.0,-17.6,-14.2,-9.7,-5.3,-1.8,0.7,-1.3,-4.5,-8.4,-12.7,-16.8,-12.0,-10.1,-8.4,-8.0,-9.0,-10.9,-12.6,-13.1,65.1,60.7,58.7,60.3,64.4,69.1,70.8,69.2,67.6,65.2,63.5,62.5,63.0,64.7,67.0,68.5,69.1,69.5,69.5,69.0,66.9,67.6,66.7,64.8,63.0,62.3,63.2,65.1,58.9,54.5,52.2,53.4,57.4,61.9,64.1,63.3,62.1,59.4,57.1,55.8,56.0,57.1,59.1,60.8,61.9,62.5,62.9,63.0,60.4,61.0,60.0,58.0,56.3,55.8,56.7,58.7,943.4,943.7,943.6,943.1,942.6,942.5,942.3,942.8,947.9,945.1,942.5,941.1,941.4,942.6,944.2,942.7,941.4,941.3,942.7,945.1,943.7,943.5,943.5,943.6,943.9,944.1,944.1,944.0,914.6,915.3,916.2,916.6,916.3,915.6,914.7,914.5,915.8,914.5,913.5,913.7,915.5,918.3,921.3,918.3,915.5,913.8,913.5,914.5,915.8,915.9,916.3,916.6,916.8,916.6,916.2,915.9,0.14,0.00,0.79,0.00,0.32,0.00,0.03,1.25,0.90,1.88,0.00,0.16,0.37,0.00,1.94,0.99,0.22,0.00,0.00,0.00,1.00,0.00,0.00,0.00,1.00,1.00,1.00,0.00,0.00,0.00,1.00,1.00,0.00,0.00,1.00
51,0,3.488,0.98,1,0.124971,0.092180,-0.987869,-0.052701,0.105764,-0.992994,0.036,0.100,201.7,202.6,204.9,207.3,208.3,207.6,205.2,202.8,198.8,200.1,202.0,204.5,207.1,209.2,210.7,209.1,206.9,204.5,202.2,200.2,204.1,205.1,206.1,206.5,206.1,205.0,204.0,203.6,231.0,231.6,233.8,236.4,237.7,237.1,234.9,232.2,228.9,230.2,232.2,234.8,237.3,239.3,240.8,239.6,237.8,235.6,233.1,230.7,233.5,234.6,235.5,235.8,235.2,234.1,233.1,232.9,355.5,353.1,352.0,352.9,355.2,357.8,358.8,357.9,356.8,355.5,354.7,354.2,354.5,355.4,356.7,357.5,357.9,358.1,358.1,357.7,356.5,356.9,356.4,355.4,354.4,354.0,354.5,355.5,353.2,350.6,349.3,350.0,352.3,354.8,356.2,355.7,355.0,353.5,352.2,351.4,351.5,352.0,353.0,354.1,354.9,355.3,355.5,355.6,354.0,354.3,353.7,352.6,351.6,351.3,351.9,353.0,-68.4,-66.9,-62.8,-58.5,-56.6,-57.8,-62.2,-66.5,-74.1,-71.5,-67.8,-63.2,-58.6,-55.1,-52.5,-55.2,-59.1,-63.4,-67.6,-71.3,-64.2,-62.4,-60.6,-59.9,-60.7,-62.6,-64.4,-65.1,-15.6,-14.5,-10.7,-6.3,-3.9,-5.0,-8.8,-13.5,-19.3,-17.0,-13.5,-9.1,-4.7,-1.2,1.3,-0.7,-3.8,-7.7,-12.0,-16.1,-11.4,-9.5,-7.8,-7.3,-8.4,-10.3,-12.0,-12.4,63.5,59.2,57.2,58.8,62.9,67.6,69.2,67.7,66.1,63.7,61.9,60.9,61.5,63.1,65.6,67.0,67.6,68.0,68.0,67.5,65.4,66.0,65.2,63.3,61.5,60.8,61.6,63.5,57.6,53.2,51.0,52.2,56.2,60.6,62.8,62.0,60.9,58.1,55.8,54.5,54.7,55.8,57.8,59.5,60.6,61.3,61.6,61.8,59.2,59.7,58.7,56.8,55.0,54.5,55.5,57.4,931.1,931.5,931.3,930.8,930.2,930.1,930.0,930.5,935.7,932.9,930.3,928.8,929.1,930.3,931.8,930.3,929.0,929.0,930.4,932.9,931.4,931.2,931.1,931.3,931.6,931.8,931.8,931.7,904.3,905.1,906.0,906.4,906.2,905.4,904.5,904.2,905.5,904.2,903.3,903.5,905.3,908.2,911.1,908.1,905.3,903.6,903.3,904.2,905.5,905.7,906.1,906.5,906.6,906.4,906.0,905.6,0.10,0.00,0.85,0.00,0.28,0.00,0.06,1.24,0.85,1.88,0.00,0.18,0.28,0.00,1.84,0.99,0.11,0.00,0.00,0.00,1.00,0.00,0.00,0.00,1.00,1.00,1.00,0.00,0.00,0.00,1.00,1.00,0.00,0.00,0.00
52,0,3.558,0.98,1,0.123121,0.090720,-0.988236,-0.053303,0.103840,-0.993165,0.035,0.098,201.8,202.7,205.0,207.4,208.4,207.7,205.2,202.8,198.8,200.1,202.1,204.6,207.2,209.3,210.8,209.2,206.9,204.5,202.2,200.2,204.1,205.2,206.2,206.6,206.1,205.1,204.1,203.7,231.3,231.9,234.1,236.7,238.1,237.5,235.2,232.5,229.1,230.5,232.5,235.1,237.6,239.7,241.1,239.9,238.1,235.9,233.4,231.0,233.7,234.9,235.8,236.1,235.5,234.4,233.4,233.1,355.4,353.0,351.9,352.8,355.1,357.8,358.7,357.8,356.7,355.4,354.5,354.0,354.3,355.2,356.6,357.4,357.8,358.0,358.0,357.6,356.4,356.8,356.4,355.3,354.2,353.9,354.3,355.4,353.1,350.5,349.2,349.9,352.2,354.8,356.1,355.6,355.0,353.4,352.1,351.3,351.4,351.9,353.0,354.1,354.8,355.3,355.5,355.5,354.0,354.3,353.7,352.5,351.5,351.2,351.8,352.9,-67.7,-66.1,-62.0,-57.8,-55.8,-57.1,-61.5,-65.8,-73.3,-70.8,-67.1,-62.5,-57.9,-54.3,-51.8,-54.5,-58.4,-62.7,-66.8,-70.6,-63.5,-61.6,-59.8,-59.2,-60.0,-61.9,-63.7,-64.4,-14.9,-13.9,-10.1,-5.7,-3.3,-4.4,-8.2,-12.9,-18.7,-16.3,-12.9,-8.5,-4.1,-0.6,1.9,-0.1,-3.2,-7.1,-11.4,-15.5,-10.8,-8.9,-7.2,-6.7,-7.8,-9.7,-11.4,-11.8,62.7,58.4,56.4,58.0,62.1,66.8,68.4,66.9,65.3,62.8,61.1,60.1,60.7,62.4,64.8,66.2,66.8,67.2,67.2,66.7,64.6,65.2,64.4,62.5,60.7,60.0,60.8,62.7,56.9,52.4,50.2,51.4,55.4,59.8,62.1,61.2,60.1,57.3,55.0,53.7,53.9,55.1,57.0,58.8,59.8,60.5,60.8,61.0,58.4,58.9,57.9,56.0,54.3,53.7,54.7,56.6,922.4,922.7,922.5,922.0,921.4,921.3,921.2,921.7,926.9,924.1,921.5,920.0,920.3,921.5,923.0,921.5,920.2,920.2,921.6,924.1,922.6,922.4,922.3,922.5,922.8,923.0,923.0,922.9,894.4,895.2,896.1,896.6,896.3,895.5,894.6,894.4,895.6,894.3,893.4,893.6,895.4,898.3,901.3,898.3,895.5,893.7,893.4,894.3,895.7,895.8,896.2,896.6,896.7,896.5,896.1,895.8,0.05,0.00,0.90,0.00,0.27,0.00,0.10,1.21,0.81,1.92,0.00,0.16,0.22,0.00,1.71,0.96,0.02,0.00,0.00,0.00,1.00,0.00,0.00,0.00,1.00,1.00,1.00,0.00,0.00,0.00,1.00,1.00,0.00,0.00,0.00
53,0,3.628,0.98,1,0.122563,0.086356,-0.988697,-0.052533,0.098812,-0.993719,0.035,0.093,201.8,202.7,205.0,207.4,208.4,207.7,205.2,202.8,198.8,200.1,202.1,204.6,207.2,209.3,210.8,209.2,206.9,204.5,202.2,200.2,204.1,205.2,206.2,206.6,206.1,205.1,204.1,203.7,231.3,231.9,234.1,236.7,238.1,237.5,235.2,232.5,229.1,230.5,232.5,235.1,237.6,239.7,241.1,239.9,238.1,235.9,233.4,231.0,233.7,234.8,235.8,236.1,235.5,234.4,233.4,233.1,355.2,352.7,351.6,352.5,354.9,357.5,358.4,357.6,356.5,355.2,354.3,353.8,354.1,355.0,356.3,357.2,357.6,357.8,357.7,357.3,356.2,356.6,356.1,355.0,354.0,353.6,354.1,355.2,352.9,350.3,348.9,349.6,352.0,354.6,355.9,355.4,354.7,353.1,351.8,351.1,351.1,351.7,352.8,353.9,354.6,355.0,355.2,355.3,353.7,354.0,353.4,352.3,351.3,351.0,351.6,352.7,-67.7,-66.1,-62.0,-57.7,-55.8,-57.1,-61.5,-65.7,-73.3,-70.7,-67.0,-62.5,-57.9,-54.3,-51.7,-54.5,-58.4,-62.6,-66.8,-70.5,-63.5,-61.6,-59.8,-59.1,-60.0,-61.8,-63.6,-64.3,-14.9,-13.9,-10.1,-5.7,-3.3,-4.4,-8.2,-12.9,-18.7,-16.3,-12.9,-8.5,-4.1,-0.6,1.9,-0.1,-3.2,-7.1,-11.4,-15.5,-10.8,-8.9,-7.2,-6.7,-7.8,-9.7,-11.4,-11.8,62.3,57.9,56.0,57.5,61.7,66.3,68.0,66.4,64.8,62.4,60.6,59.6,60.2,61.9,64.4,65.8,66.3,66.8,66.7,66.2,64.1,64.8,63.9,62.0,60.2,59.5,60.4,62.3,56.4,52.0,49.8,51.0,55.0,59.4,61.6,60.8,59.7,56.9,54.6,53.3,53.5,54.6,56.7,58.4,59.4,60.1,60.4,60.6,58.0,58.5,57.5,55.6,53.9,53.3,54.3,56.2,921.7,922.1,921.9,921.4,920.8,920.6,920.6,921.1,926.3,923.5,920.9,919.4,919.6,920.8,922.3,920.9,919.6,919.6,921.0,923.5,922.0,921.8,921.7,921.9,922.1,922.4,922.4,922.3,894.2,895.1,896.0,896.4,896.2,895.3,894.4,894.2,895.4,894.1,893.3,893.5,895.3,898.2,901.2,898.1,895.3,893.5,893.2,894.1,895.5,895.7,896.1,896.4,896.5,896.3,895.9,895.6,0.00,0.00,0.94,0.00,0.27,0.00,0.13,1.19,0.79,1.87,0.00,0.07,0.20,0.00,1.68,0.94,0.01,0.00,0.00,0.00,1.00,0.00,0.00,0.00,1.00,1.00,1.00,0.00,0.00,0.00,1.00,1.00,0.00,0.00,0.00
54,0,3.698,0.98,1,0.122631,0.085522,-0.988761,-0.052617,0.098269,-0.993768,0.035,0.092,201.7,202.6,204.9,207.3,208.4,207.7,205.2,202.8,198.8,200.1,202.0,204.6,207.2,209.3,210.7,209.1,206.9,204.5,202.2,200.2,204.1,205.2,206.2,206.6,206.1,205.1,204.0,203.6,231.3,231.9,234.1,236.6,238.0,237.4,235.2,232.5,229.1,230.4,232.4,235.0,237.6,239.6,241.1,239.9,238.1,235.8,233.4,231.0,233.7,234.8,235.8,236.1,235.5,234.3,233.4,233.1,355.2,352.7,351.6,352.5,354.9,357.5,358.5,357.6,356.5,355.2,354.3,353.8,354.1,355.0,356.3,357.2,357.6,357.8,357.8,357.4,356.2,356.6,356.1,355.0,354.0,353.6,354.1,355.2,352.8,350.3,348.9,349.6,351.9,354.5,355.9,355.4,354.7,353.1,351.8,351.0,351.1,351.7,352.7,353.8,354.5,355.0,355.2,355.3,353.7,354.0,353.4,352.3,351.3,351.0,351.5,352.7,-67.7,-66.2,-62.0,-57.8,-55.8,-57.1,-61.5,-65.8,-73.3,-70.8,-67.1,-62.5,-57.9,-54.3,-51.8,-54.5,-58.4,-62.7,-66.8,-70.6,-63.5,-61.6,-59.8,-59.2,-60.0,-61.9,-63.7,-64.3,-15.0,-14.0,-10.2,-5.8,-3.4,-4.4,-8.2,-12.9,-18.7,-16.4,-13.0,-8.5,-4.1,-0.6,1.8,-0.2,-3.3,-7.1,-11.4,-15.5,-10.8,-8.9,-7.2,-6.8,-7.8,-9.7,-11.4,-11.9,62.3,57.9,56.0,57.5,61.7,66.3,67.9,66.4,64.8,62.4,60.6,59.6,60.1,61.9,64.3,65.7,66.3,66.7,66.7,66.2,64.1,64.7,63.9,62.0,60.2,59.5,60.4,62.3,56.4,52.0,49.7,51.0,54.9,59.3,61.6,60.7,59.7,56.8,54.5,53.2,53.4,54.6,56.6,58.3,59.4,60.1,60.4,60.5,57.9,58.5,57.5,55.5,53.8,53.3,54.3,56.2,921.4,921.7,921.6,921.0,920.4,920.3,920.2,920.7,926.0,923.2,920.5,919.1,919.3,920.5,921.9,920.5,919.2,919.2,920.6,923.2,921.6,921.4,921.3,921.5,921.8,922.0,922.1,921.9,894.1,894.9,895.8,896.3,896.0,895.2,894.3,894.0,895.2,894.0,893.1,893.3,895.1,898.0,901.0,897.9,895.1,893.4,893.0,894.0,895.3,895.5,895.9,896.3,896.4,896.2,895.8,895.4,0.00,0.00,0.94,0.00,0.27,0.00,0.11,1.12,0.77,1.89,0.00,0.02,0.21,0.00,1.59,0.83,0.01,0.00,0.00,0.00,1.00,0.00,0.00,0.00,1.00,1.00,1.00,0.00,0.00,0.00,1.00,1.00,0.00,0.00,0.00
55,0,3.767,0.98,1,0.123919,0.083568,-0.988767,-0.053026,0.095920,-0.993976,0.036,0.090,201.7,202.6,204.9,207.3,208.4,207.6,205.1,202.7,198.7,200.0,202.0,204.5,207.1,209.2,210.7,209.1,206.9,204.4,202.1,200.1,204.1,205.1,206.1,206.5,206.1,205.0,204.0,203.6,231.2,231.8,234.0,236.6,238.0,237.4,235.2,232.4,229.1,230.4,232.4,235.0,237.6,239.6,241.0,239.9,238.1,235.8,233.3,230.9,233.7,234.8,235.8,236.0,235.4,234.3,233.3,233.1,355.2,352.7,351.6,352.5,354.9,357.5,358.5,357.6,356.5,355.2,354.3,353.8,354.1,355.0,356.4,357.2,357.6,357.8,357.8,357.4,356.2,356.6,356.1,355.1,354.0,353.6,354.1,355.2,352.8,350.2,348.9,349.6,351.9,354.5,355.8,355.4,354.7,353.1,351.8,351.0,351.1,351.6,352.7,353.8,354.5,355.0,355.2,355.3,353.7,354.0,353.4,352.3,351.2,350.9,351.5,352.7,-67.7,-66.2,-62.0,-57.8,-55.9,-57.1,-61.5,-65.8,-73.3,-70.8,-67.1,-62.5,-57.9,-54.3,-51.8,-54.5,-58.4,-62.7,-66.9,-70.6,-63.5,-61.7,-59.9,-59.2,-60.0,-61.9,-63.7,-64.4,-15.1,-14.1,-10.2,-5.9,-3.5,-4.5,-8.3,-13.0,-18.8,-16.5,-13.1,-8.6,-4.2,-0.7,1.8,-0.2,-3.3,-7.2,-11.4,-15.6,-10.9,-9.0,-7.3,-6.9,-7.9,-9.8,-11.5,-11.9,62.2,57.9,55.9,57.5,61.6,66.3,67.9,66.4,64.8,62.3,60.5,59.5,60.1,61.8,64.3,65.7,66.3,66.7,66.7,66.2,64.0,64.7,63.8,61.9,60.1,59.5,60.3,62.2,56.3,51.9,49.6,50.8,54.8,59.2,61.5,60.7,59.6,56.7,54.4,53.1,53.3,54.5,56.5,58.2,59.3,60.0,60.3,60.5,57.8,58.4,57.4,55.4,53.7,53.2,54.2,56.1,920.4,920.7,920.6,920.0,919.4,919.3,919.2,919.7,924.9,922.1,919.5,918.0,918.3,919.4,920.9,919.5,918.2,918.2,919.6,922.1,920.6,920.4,920.3,920.5,920.7,921.0,921.0,920.9,893.0,893.8,894.7,895.2,894.9,894.1,893.2,892.9,894.1,892.9,892.0,892.2,894.1,896.9,899.9,896.9,894.1,892.3,891.9,892.9,894.2,894.4,894.8,895.2,895.3,895.1,894.7,894.3,0.00,0.00,0.92,0.00,0.25,0.00,0.08,1.09,0.77,1.87,0.00,0.01,0.18,0.00,1.54,0.79,0.00,0.00,0.00,0.00,1.00,0.00,0.00,0.00,1.00,0.00,1.00,0.00,0.00,0.00,1.00,1.00,0.00,0.00,0.00
56,0,3.837,0.98,1,0.123531,0.083172,-0.988849,-0.053308,0.095855,-0.993967,0.035,0.090,201.7,202.6,204.9,207.3,208.3,207.6,205.1,202.7,198.7,200.0,202.0,204.5,207.1,209.2,210.7,209.1,206.9,204.4,202.1,200.1,204.1,205.1,206.1,206.5,206.0,205.0,204.0,203.6,231.2,231.8,234.0,236.6,238.0,237.4,235.2,232.4,229.1,230.4,232.4,235.0,237.6,239.6,241.0,239.9,238.1,235.8,233.3,230.9,233.7,234.8,235.8,236.0,235.4,234.3,233.3,233.1,355.2,352.7,351.6,352.5,354.9,357.5,358.5,357.6,356.5,355.2,354.3,353.8,354.1,355.0,356.3,357.2,357.6,357.8,357.8,357.4,356.2,356.6,356.1,355.0,354.0,353.6,354.1,355.2,352.8,350.2,348.9,349.6,351.9,354.5,355.8,355.4,354.7,353.1,351.8,351.0,351.1,351.6,352.7,353.8,354.5,355.0,355.2,355.3,353.7,354.0,353.4,352.3,351.2,350.9,351.5,352.7,-67.7,-66.2,-62.1,-57.8,-55.9,-57.1,-61.6,-65.8,-73.4,-70.8,-67.1,-62.6,-58.0,-54.4,-51.8,-54.6,-58.5,-62.7,-66.9,-70.6,-63.6,-61.7,-59.9,-59.2,-60.0,-61.9,-63.7,-64.4,-15.1,-14.0,-10.2,-5.8,-3.5,-4.5,-8.3,-13.0,-18.8,-16.5,-13.1,-8.6,-4.2,-0.7,1.8,-0.2,-3.3,-7.2,-11.5,-15.6,-10.9,-9.0,-7.3,-6.9,-7.9,-9.8,-11.5,-11.9,62.2,57.9,55.9,57.5,61.6,66.3,67.9,66.4,64.8,62.3,60.5,59.5,60.1,61.8,64.3,65.7,66.3,66.7,66.7,66.2,64.0,64.7,63.8,61.9,60.1,59.5,60.3,62.2,56.3,51.9,49.7,50.9,54.8,59.2,61.5,60.7,59.6,56.8,54.4,53.1,53.3,54.5,56.5,58.2,59.3,60.0,60.3,60.5,57.8,58.4,57.4,55.5,53.7,53.2,54.2,56.1,920.6,920.9,920.8,920.2,919.6,919.5,919.4,919.9,925.1,922.3,919.7,918.2,918.5,919.7,921.1,919.7,918.4,918.4,919.8,922.3,920.8,920.6,920.5,920.7,921.0,921.2,921.3,921.1,893.2,894.0,894.9,895.4,895.1,894.3,893.4,893.1,894.3,893.1,892.2,892.4,894.2,897.1,900.1,897.0,894.2,892.5,892.1,893.1,894.4,894.6,895.0,895.4,895.5,895.3,894.9,894.5,0.00,0.00,0.94,0.00,0.21,0.00,0.11,1.06,0.73,1.85,0.00,0.01,0.14,0.00,1.44,0.81,0.00,0.00,0.00,0.00,1.00,0.00,0.00,0.00,1.00,0.00,1.00,0.00,0.00,0.00,1.00,1.00,0.00,0.00,0.00
57,0,3.907,0.98,1,0.123327,0.084673,-0.988747,-0.053124,0.097782,-0.993789,0.035,0.092,201.6,202.5,204.8,207.2,208.3,207.6,205.1,202.7,198.7,200.0,201.9,204.5,207.1,209.2,210.7,209.1,206.8,204.4,202.1,200.1,204.0,205.1,206.1,206.5,206.0,205.0,203.9,203.6,231.2,231.7,234.0,236.5,237.9,237.3,235.1,232.4,229.0,230.3,232.3,234.9,237.5,239.5,241.0,239.8,238.0,235.8,233.3,230.9,233.6,234.7,235.7,236.0,235.3,234.2,233.3,233.0,355.0,352.6,351.5,352.3,354.7,357.4,358.3,357.4,356.3,355.0,354.1,353.6,353.9,354.8,356.2,357.0,357.4,357.7,357.6,357.2,356.0,356.4,355.9,354.9,353.8,353.4,353.9,355.0,352.6,350.0,348.7,349.3,351.7,354.3,355.6,355.2,354.5,352.9,351.5,350.7,350.8,351.4,352.4,353.6,354.3,354.8,355.0,355.1,353.4,353.7,353.2,352.0,351.0,350.7,351.3,352.4,-67.7,-66.2,-62.1,-57.8,-55.9,-57.1,-61.5,-65.8,-73.3,-70.8,-67.1,-62.6,-57.9,-54.4,-51.8,-54.5,-58.4,-62.7,-66.9,-70.6,-63.5,-61.7,-59.9,-59.2,-60.0,-61.9,-63.7,-64.4,-15.2,-14.2,-10.3,-6.0,-3.6,-4.6,-8.4,-13.0,-18.9,-16.6,-13.2,-8.7,-4.3,-0.8,1.7,-0.3,-3.4,-7.3,-11.5,-15.7,-11.0,-9.1,-7.4,-7.0,-8.0,-9.9,-11.6,-12.0,61.8,57.5,55.5,57.1,61.2,65.9,67.5,66.0,64.4,61.9,60.2,59.1,59.7,61.4,63.9,65.3,65.9,66.3,66.3,65.8,63.6,64.3,63.4,61.6,59.7,59.1,59.9,61.8,55.9,51.5,49.2,50.4,54.4,58.8,61.0,60.2,59.2,56.3,54.0,52.6,52.9,54.0,56.0,57.8,58.8,59.5,59.9,60.1,57.4,57.9,56.9,55.0,53.3,52.7,53.7,55.7,919.4,919.7,919.6,919.0,918.4,918.3,918.3,918.8,924.0,921.2,918.6,917.1,917.3,918.5,920.0,918.5,917.3,917.3,918.7,921.2,919.7,919.4,919.4,919.5,919.8,920.0,920.1,920.0,892.3,893.2,894.1,894.5,894.3,893.4,892.5,892.3,893.5,892.2,891.4,891.6,893.4,896.3,899.3,896.2,893.4,891.7,891.3,892.3,893.6,893.8,894.2,894.5,894.6,894.4,894.0,893.7,0.04,0.00,0.95,0.00,0.14,0.00,0.10,0.95,0.62,1.64,0.00,0.07,0.08,0.00,1.23,0.98,0.00,0.00,0.00,0.00,1.00,0.00,0.00,0.00,1.00,0.00,1.00,0.00,0.00,0.00,1.00,1.00,0.00,0.00,0.00
58,0,3.977,0.98,1,0.122193,0.084827,-0.988875,-0.049263,0.098624,-0.993905,0.037,0.092,201.7,202.6,204.9,207.3,208.3,207.7,205.2,202.8,198.8,200.0,202.0,204.5,207.1,209.2,210.7,209.1,206.9,204.5,202.2,200.2,204.1,205.1,206.1,206.5,206.0,205.0,204.0,203.6,231.2,231.8,234.0,236.5,237.9,237.3,235.1,232.4,229.0,230.3,232.3,234.9,237.5,239.5,240.9,239.8,238.0,235.8,233.3,230.9,233.6,234.7,235.7,235.9,235.3,234.2,233.3,233.0,355.0,352.5,351.4,352.2,354.6,357.3,358.2,357.3,356.2,354.9,354.0,353.5,353.8,354.7,356.0,357.0,357.4,357.7,357.6,357.2,356.0,356.3,355.8,354.8,353.7,353.4,353.9,354.9,352.5,349.9,348.5,349.2,351.5,354.1,355.5,355.0,354.3,352.7,351.4,350.6,350.6,351.2,352.3,353.4,354.2,354.7,354.9,354.9,353.3,353.6,353.0,351.9,350.9,350.6,351.1,352.3,-67.7,-66.2,-62.1,-57.8,-55.9,-57.1,-61.5,-65.7,-73.2,-70.7,-67.1,-62.5,-57.9,-54.3,-51.8,-54.5,-58.4,-62.6,-66.8,-70.5,-63.5,-61.6,-59.8,-59.2,-60.0,-61.9,-63.7,-64.3,-15.2,-14.2,-10.4,-6.0,-3.6,-4.6,-8.4,-13.1,-18.9,-16.6,-13.2,-8.7,-4.3,-0.9,1.6,-0.4,-3.5,-7.3,-11.6,-15.7,-11.0,-9.1,-7.4,-7.0,-8.0,-9.9,-11.6,-12.1,61.8,57.5,55.4,56.9,61.1,65.7,67.4,65.9,64.4,61.8,60.0,59.0,59.5,61.2,63.7,65.2,65.9,66.4,66.4,65.8,63.6,64.2,63.3,61.4,59.6,59.0,59.8,61.7,55.8,51.4,49.1,50.3,54.3,58.7,61.0,60.1,59.1,56.2,53.9,52.5,52.7,53.9,55.9,57.7,58.8,59.6,59.9,60.0,57.3,57.8,56.8,54.9,53.2,52.6,53.6,55.6,920.1,920.4,920.2,919.6,919.1,919.0,919.0,919.6,924.8,921.9,919.3,917.7,917.9,919.1,920.6,919.2,918.0,918.0,919.5,922.0,920.4,920.2,920.1,920.2,920.4,920.6,920.7,920.6,895.2,896.0,896.8,897.3,897.1,896.4,895.5,895.2,896.4,895.1,894.2,894.4,896.3,899.2,902.2,899.2,896.4,894.6,894.2,895.2,896.5,896.7,897.1,897.4,897.5,897.3,896.9,896.5,0.06,0.00,0.93,0.02,0.06,0.00,0.08,0.80,0.46,1.30,0.00,0.07,0.03,0.00,1.03,1.06,0.00,0.00,0.00,0.00,1.00,0.00,0.00,0.00,1.00,0.00,1.00,0.00,0.00,0.00,1.00,0.00,0.00,0.00,0.00
59,0,4.047,0.98,1,0.123910,0.083224,-0.988797,-0.046801,0.098101,-0.994075,0.039,0.091,201.7,202.5,204.8,207.2,208.3,207.7,205.2,202.8,198.7,200.0,202.0,204.5,207.1,209.2,210.7,209.1,206.9,204.5,202.2,200.2,204.1,205.1,206.1,206.5,206.0,205.0,204.0,203.6,231.2,231.8,234.0,236.5,237.9,237.3,235.1,232.4,229.0,230.3,232.3,234.9,237.5,239.5,240.9,239.8,238.0,235.8,233.3,230.9,233.6,234.7,235.7,236.0,235.3,234.2,233.3,233.0,355.0,352.5,351.3,352.2,354.5,357.2,358.2,357.3,356.3,354.9,354.0,353.4,353.7,354.6,356.0,356.9,357.4,357.6,357.6,357.2,355.9,356.3,355.8,354.7,353.7,353.3,353.8,354.9,352.3,349.7,348.3,349.0,351.3,353.9,355.3,354.8,354.2,352.5,351.2,350.4,350.4,351.0,352.1,353.2,354.0,354.5,354.7,354.8,353.1,353.4,352.8,351.7,350.7,350.4,351.0,352.1,-67.4,-66.0,-61.9,-57.6,-55.6,-56.8,-61.2,-65.5,-73.0,-70.5,-66.8,-62.3,-57.7,-54.1,-51.5,-54.2,-58.1,-62.3,-66.5,-70.2,-63.2,-61.3,-59.6,-58.9,-59.8,-61.6,-63.4,-64.1,-15.1,-14.1,-10.3,-6.0,-3.6,-4.6,-8.4,-13.0,-18.8,-16.5,-13.2,-8.7,-4.3,-0.8,1.6,-0.3,-3.4,-7.2,-11.5,-15.6,-11.0,-9.0,-7.4,-6.9,-8.0,-9.9,-11.6,-12.0,61.5,57.2,55.1,56.6,60.7,65.4,67.1,65.6,64.1,61.6,59.7,58.7,59.2,60.8,63.3,64.9,65.6,66.1,66.1,65.6,63.2,63.9,63.0,61.1,59.3,58.6,59.5,61.4,55.3,50.9,48.6,49.8,53.8,58.2,60.5,59.6,58.6,55.7,53.4,52.0,52.2,53.3,55.4,57.2,58.4,59.1,59.4,59.5,56.8,57.3,56.3,54.4,52.7,52.1,53.1,55.1,916.3,916.5,916.3,915.8,915.2,915.2,915.2,915.8,921.0,918.1,915.4,913.9,914.1,915.3,916.8,915.4,914.2,914.2,915.7,918.2,916.6,916.3,916.2,916.3,916.6,916.8,916.9,916.8,892.4,893.2,894.1,894.6,894.4,893.6,892.8,892.4,893.6,892.4,891.5,891.7,893.5,896.4,899.4,896.4,893.7,891.9,891.5,892.4,893.7,893.9,894.3,894.7,894.7,894.5,894.1,893.8,0.16,0.00,0.80,0.03,0.00,0.00,0.02,0.65,0.31,0.91,0.01,0.06,0.00,0.00,0.87,1.25,0.00,0.00,0.00,0.00,1.00,0.00,0.00,0.00,1.00,0.00,1.00,0.00,0.00,0.00,1.00,0.00,0.00,0.00,0.00
60,0,4.116,0.98,1,0.125519,0.087190,-0.988252,-0.042688,0.103031,-0.993762,0.042,0.096,201.9,202.7,205.0,207.5,208.6,207.9,205.4,203.0,198.9,200.2,202.1,204.7,207.3,209.5,211.0,209.4,207.1,204.7,202.4,200.4,204.3,205.3,206.3,206.7,206.2,205.2,204.2,203.8,231.4,232.0,234.2,236.8,238.2,237.6,235.4,232.6,229.3,230.6,232.6,235.2,237.7,239.8,241.2,240.1,238.3,236.0,233.5,231.1,233.9,235.0,235.9,236.2,235.6,234.5,233.5,233.3,354.8,352.3,351.1,352.0,354.3,357.0,358.0,357.1,356.0,354.7,353.7,353.2,353.5,354.4,355.8,356.7,357.2,357.5,357.4,357.0,355.7,356.1,355.6,354.5,353.5,353.1,353.6,354.7,352.1,349.5,348.1,348.8,351.1,353.7,355.1,354.6,354.0,352.3,351.0,350.1,350.2,350.8,351.9,353.1,353.8,354.3,354.6,354.6,352.9,353.2,352.6,351.5,350.5,350.2,350.8,351.9,-66.7,-65.2,-61.1,-56.9,-54.9,-56.1,-60.4,-64.7,-72.2,-69.8,-66.1,-61.6,-56.9,-53.3,-50.8,-53.5,-57.4,-61.6,-65.8,-69.4,-62.5,-60.6,-58.8,-58.2,-59.0,-60.9,-62.7,-63.3,-14.6,-13.6,-9.8,-5.5,-3.1,-4.1,-7.9,-12.6,-18.4,-16.1,-12.7,-8.2,-3.9,-0.4,2.1,0.1,-3.0,-6.8,-11.0,-15.2,-10.5,-8.6,-6.9,-6.5,-7.5,-9.4,-11.1,-11.5,60.8,56.4,54.4,55.8,60.0,64.6,66.3,64.9,63.3,60.8,58.9,57.9,58.4,60.1,62.6,64.1,64.9,65.4,65.4,64.8,62.5,63.1,62.2,60.3,58.5,57.9,58.8,60.7,54.8,50.4,48.1,49.3,53.3,57.7,60.0,59.1,58.1,55.2,52.8,51.4,51.7,52.8,54.9,56.7,57.9,58.6,59.0,59.1,56.3,56.8,55.8,53.9,52.2,51.6,52.6,54.5,910.6,910.8,910.5,910.0,909.5,909.5,909.5,910.1,915.3,912.4,909.7,908.1,908.3,909.5,911.0,909.7,908.5,908.6,910.0,912.5,910.9,910.6,910.5,910.6,910.8,911.1,911.2,911.1,889.5,890.2,891.1,891.6,891.5,890.8,889.9,889.5,890.7,889.4,888.5,888.7,890.6,893.5,896.6,893.6,890.8,889.0,888.6,889.5,890.8,891.0,891.4,891.7,891.8,891.6,891.2,890.8,0.21,0.00,0.77,0.03,0.00,0.00,0.00,0.57,0.22,0.79,0.08,0.06,0.00,0.00,0.57,1.01,0.00,0.00,0.00,0.00,1.00,0.00,0.00,0.00,1.00,0.00,1.00,0.00,0.00,0.00,1.00,0.00,0.00,0.00,0.00
61,0,4.186,0.98,1,0.119326,0.077433,-0.989831,-0.048104,0.089450,-0.994829,0.036,0.084,201.8,202.6,205.0,207.4,208.5,207.8,205.3,202.9,198.8,200.1,202.1,204.6,207.2,209.3,210.9,209.3,207.0,204.6,202.3,200.3,204.2,205.2,206.3,206.6,206.2,205.1,204.1,203.7,231.4,232.0,234.2,236.8,238.2,237.5,235.3,232.6,229.2,230.5,232.5,235.2,237.7,239.8,241.2,240.0,238.2,236.0,233.5,231.1,233.8,234.9,235.9,236.2,235.6,234.5,233.5,233.2,354.6,352.1,351.0,351.9,354.2,356.9,357.9,357.0,355.9,354.6,353.6,353.1,353.4,354.3,355.7,356.6,357.1,357.3,357.3,356.8,355.6,356.0,355.5,354.4,353.4,353.0,353.5,354.6,352.1,349.5,348.1,348.8,351.2,353.8,355.1,354.6,354.0,352.3,351.0,350.2,350.3,350.9,352.0,353.1,353.9,354.4,354.5,354.6,352.9,353.2,352.7,351.5,350.5,350.2,350.8,351.9,-67.1,-65.6,-61.5,-57.2,-55.2,-56.4,-60.8,-65.1,-72.6,-70.1,-66.5,-61.9,-57.3,-53.7,-51.1,-53.9,-57.8,-62.0,-66.1,-69.8,-62.8,-61.0,-59.2,-58.5,-59.4,-61.3,-63.0,-63.7,-14.7,-13.7,-9.8,-5.5,-3.2,-4.2,-8.0,-12.6,-18.4,-16.1,-12.7,-8.3,-3.9,-0.4,2.0,0.1,-3.0,-6.9,-11.1,-15.2,-10.6,-8.7,-7.0,-6.5,-7.6,-9.5,-11.1,-11.6,60.7,56.4,54.4,55.9,60.0,64.6,66.3,64.9,63.3,60.8,59.0,57.9,58.4,60.1,62.6,64.1,64.8,65.3,65.3,64.8,62.5,63.1,62.2,60.3,58.5,57.9,58.8,60.7,54.7,50.3,48.1,49.3,53.3,57.7,59.9,59.1,58.0,55.1,52.8,51.5,51.7,52.9,55.0,56.8,57.9,58.6,58.9,59.0,56.3,56.8,55.8,53.9,52.2,51.6,52.6,54.5,913.6,913.8,913.5,913.0,912.4,912.5,912.5,913.0,918.3,915.4,912.7,911.1,911.3,912.5,914.0,912.6,911.5,911.5,913.0,915.5,913.8,913.6,913.5,913.6,913.8,914.1,914.2,914.1,888.5,889.3,890.2,890.7,890.5,889.8,888.9,888.5,889.7,888.4,887.6,887.8,889.7,892.6,895.6,892.6,889.8,888.0,887.6,888.5,889.8,890.0,890.4,890.8,890.8,890.6,890.2,889.9,0.28,0.00,0.83,0.01,0.00,0.00,0.00,0.53,0.20,0.79,0.10,0.14,0.00,0.00,0.27,0.84,0.00,0.00,0.00,0.00,1.00,0.00,0.00,0.00,1.00,0.00,1.00,0.00,0.00,0.00,1.00,0.00,0.00,0.00,0.00
62,0,4.256,0.98,1,0.120046,0.076652,-0.989805,-0.047708,0.088291,-0.994952,0.036,0.083,201.9,202.7,205.0,207.4,208.5,207.9,205.4,202.9,198.9,200.2,202.1,204.7,207.3,209.4,210.9,209.3,207.1,204.6,202.3,200.4,204.3,205.3,206.3,206.7,206.2,205.2,204.2,203.8,231.4,232.1,234.3,236.8,238.2,237.6,235.4,232.6,229.3,230.6,232.6,235.2,237.8,239.8,241.2,240.1,238.3,236.0,233.5,231.1,233.9,235.0,236.0,236.2,235.6,234.5,233.5,233.3,354.4,351.9,350.8,351.7,354.0,356.7,357.7,356.8,355.7,354.4,353.5,352.9,353.2,354.1,355.5,356.4,356.8,357.1,357.1,356.6,355.4,355.8,355.3,354.2,353.2,352.8,353.3,354.4,351.9,349.3,348.0,348.7,351.0,353.6,355.0,354.5,353.8,352.2,350.8,350.1,350.1,350.7,351.8,353.0,353.7,354.2,354.4,354.4,352.8,353.1,352.5,351.4,350.4,350.0,350.6,351.8,-67.0,-65.5,-61.4,-57.2,-55.2,-56.4,-60.8,-65.1,-72.6,-70.1,-66.4,-61.9,-57.3,-53.7,-51.1,-53.8,-57.7,-62.0,-66.1,-69.8,-62.8,-60.9,-59.2,-58.5,-59.4,-61.2,-63.0,-63.7,-14.6,-13.6,-9.8,-5.4,-3.1,-4.1,-7.9,-12.6,-18.4,-16.1,-12.6,-8.2,-3.8,-0.3,2.1,0.1,-3.0,-6.8,-11.0,-15.2,-10.5,-8.6,-6.9,-6.5,-7.5,-9.4,-11.1,-11.5,60.5,56.2,54.1,55.6,59.8,64.4,66.1,64.6,63.1,60.5,58.7,57.7,58.2,59.9,62.4,63.9,64.6,65.1,65.1,64.5,62.2,62.9,62.0,60.1,58.3,57.7,58.5,60.4,54.6,50.2,48.0,49.2,53.2,57.6,59.8,59.0,57.9,55.0,52.7,51.3,51.6,52.8,54.9,56.7,57.8,58.4,58.7,58.8,56.1,56.7,55.7,53.8,52.0,51.5,52.5,54.4,915.2,915.4,915.2,914.6,914.1,914.1,914.1,914.6,919.8,917.0,914.3,912.7,912.9,914.1,915.6,914.3,913.0,913.1,914.6,917.1,915.4,915.2,915.1,915.2,915.4,915.7,915.8,915.7,890.5,891.3,892.2,892.7,892.5,891.7,890.8,890.5,891.6,890.4,889.5,889.7,891.6,894.6,897.6,894.5,891.7,889.9,889.5,890.5,891.8,892.0,892.4,892.7,892.8,892.6,892.2,891.9,0.30,0.00,0.88,0.00,0.00,0.00,0.00,0.40,0.14,0.79,0.10,0.29,0.00,0.00,0.07,0.51,0.00,0.00,0.00,0.00,1.00,0.00,0.00,0.00,1.00,0.00,1.00,0.00,0.00,0.00,1.00,0.00,0.00,0.00,0.00
63,0,4.326,0.98,1,0.119579,0.085927,-0.989099,-0.045623,0.098678,-0.994073,0.037,0.093,201.9,202.8,205.1,207.5,208.6,207.9,205.4,203.0,199.0,200.2,202.2,204.7,207.4,209.5,211.0,209.4,207.1,204.7,202.4,200.4,204.3,205.4,206.4,206.8,206.3,205.2,204.2,203.8,231.5,232.2,234.4,236.9,238.3,237.7,235.5,232.7,229.4,230.7,232.7,235.3,237.9,239.9,241.3,240.2,238.4,236.1,233.6,231.2,234.0,235.1,236.1,236.3,235.7,234.6,233.6,233.4,354.4,351.9,350.7,351.6,354.0,356.6,357.6,356.8,355.6,354.3,353.4,352.8,353.1,354.0,355.4,356.4,356.8,357.1,357.0,356.6,355.4,355.7,355.2,354.1,353.1,352.7,353.2,354.3,351.8,349.2,347.9,348.6,350.9,353.5,354.9,354.4,353.7,352.0,350.7,349.9,350.0,350.6,351.7,352.9,353.7,354.1,354.3,354.3,352.7,353.0,352.4,351.3,350.2,349.9,350.5,351.6,-66.7,-65.2,-61.1,-56.8,-54.9,-56.0,-60.4,-64.7,-72.1,-69.7,-66.1,-61.5,-56.9,-53.3,-50.7,-53.5,-57.4,-61.6,-65.7,-69.4,-62.4,-60.6,-58.8,-58.1,-59.0,-60.9,-62.6,-63.3,-14.4,-13.4,-9.6,-5.2,-2.9,-3.9,-7.8,-12.4,-18.2,-15.9,-12.5,-8.0,-3.6,-0.2,2.3,0.3,-2.8,-6.6,-10.8,-15.0,-10.3,-8.4,-6.7,-6.3,-7.3,-9.2,-10.9,-11.3,60.1,55.8,53.8,55.2,59.4,64.0,65.7,64.3,62.7,60.1,58.3,57.3,57.8,59.5,62.0,63.6,64.3,64.8,64.8,64.2,61.9,62.5,61.6,59.7,57.9,57.3,58.2,60.1,54.3,49.9,47.6,48.9,52.9,57.3,59.5,58.6,57.6,54.6,52.3,51.0,51.2,52.4,54.5,56.3,57.5,58.2,58.5,58.5,55.8,56.3,55.4,53.4,51.7,51.2,52.1,54.1,911.3,911.5,911.2,910.6,910.1,910.2,910.2,910.8,916.0,913.1,910.4,908.8,909.0,910.2,911.7,910.4,909.2,909.3,910.7,913.3,911.6,911.3,911.2,911.3,911.5,911.7,911.9,911.8,888.2,888.9,889.8,890.4,890.2,889.5,888.6,888.2,889.3,888.1,887.2,887.4,889.3,892.3,895.3,892.3,889.5,887.7,887.3,888.2,889.5,889.7,890.1,890.4,890.5,890.3,889.9,889.6,0.32,0.00,0.80,0.02,0.00,0.00,0.00,0.33,0.14,0.68,0.03,0.34,0.00,0.00,0.18,0.52,0.00,0.00,0.00,0.00,1.00,0.00,0.00,0.00,1.00,0.00,1.00,0.00,0.00,0.00,1.00,0.00,0.00,0.00,0.00
64,0,4.395,0.98,1,0.117581,0.086835,-0.989260,-0.048856,0.099239,-0.993864,0.035,0.094,201.9,202.7,205.0,207.5,208.6,207.9,205.4,203.0,198.9,200.2,202.2,204.7,207.3,209.4,211.0,209.3,207.1,204.7,202.4,200.4,204.3,205.3,206.3,206.7,206.2,205.2,204.2,203.8,231.5,232.1,234.4,236.9,238.3,237.7,235.4,232.7,229.3,230.7,232.6,235.3,237.9,239.9,241.3,240.2,238.3,236.1,233.6,231.2,233.9,235.1,236.0,236.3,235.7,234.6,233.6,233.3,354.3,351.8,350.7,351.6,354.0,356.6,357.6,356.7,355.6,354.3,353.3,352.8,353.1,354.0,355.4,356.3,356.8,357.1,357.0,356.6,355.3,355.7,355.2,354.1,353.1,352.7,353.2,354.3,351.8,349.2,347.9,348.6,350.9,353.5,354.9,354.4,353.7,352.0,350.7,349.9,350.0,350.6,351.7,352.9,353.6,354.1,354.3,354.3,352.7,353.0,352.4,351.2,350.2,349.9,350.5,351.6,-66.8,-65.3,-61.2,-57.0,-55.0,-56.2,-60.6,-64.9,-72.3,-69.9,-66.2,-61.7,-57.1,-53.5,-50.9,-53.6,-57.5,-61.8,-65.9,-69.6,-62.6,-60.7,-58.9,-58.3,-59.1,-61.0,-62.8,-63.5,-14.5,-13.4,-9.6,-5.3,-2.9,-4.0,-7.8,-12.4,-18.2,-15.9,-12.5,-8.0,-3.7,-0.2,2.2,0.3,-2.8,-6.6,-10.9,-15.0,-10.3,-8.4,-6.8,-6.3,-7.3,-9.2,-10.9,-11.4,60.1,55.8,53.8,55.3,59.4,64.1,65.8,64.3,62.7,60.1,58.3,57.3,57.8,59.5,62.0,63.6,64.3,64.8,64.8,64.2,61.9,62.5,61.7,59.7,57.9,57.3,58.2,60.1,54.2,49.8,47.5,48.8,52.8,57.2,59.4,58.5,57.5,54.6,52.2,50.9,51.2,52.3,54.4,56.2,57.4,58.1,58.4,58.4,55.7,56.3,55.3,53.4,51.6,51.1,52.0,54.0,912.2,912.4,912.1,911.6,911.0,911.1,911.1,911.7,916.9,914.0,911.3,909.7,909.9,911.1,912.6,911.3,910.1,910.2,911.7,914.2,912.5,912.2,912.1,912.2,912.4,912.7,912.8,912.7,887.1,887.8,888.7,889.3,889.1,888.4,887.5,887.2,888.3,887.0,886.2,886.3,888.2,891.2,894.2,891.2,888.4,886.6,886.2,887.1,888.4,888.7,889.0,889.4,889.4,889.2,888.8,888.5,0.22,0.00,0.69,0.02,0.00,0.00,0.00,0.28,0.09,0.75,0.00,0.40,0.00,0.00,0.42,0.69,0.00,0.00,0.00,0.00,1.00,0.00,0.00,0.00,1.00,0.00,1.00,0.00,0.00,0.00,1.00,0.00,0.00,0.00,0.00
65,0,4.465,0.98,1,0.113917,0.080807,-0.990198,-0.054047,0.093790,-0.994124,0.030,0.088,201.7,202.6,204.9,207.3,208.4,207.7,205.2,202.8,198.8,200.1,202.0,204.5,207.2,209.3,210.8,209.2,206.9,204.5,202.2,200.2,204.1,205.2,206.2,206.6,206.1,205.1,204.0,203.6,231.3,231.9,234.2,236.7,238.1,237.5,235.2,232.5,229.1,230.5,232.5,235.1,237.7,239.7,241.1,240.0,238.2,235.9,233.4,231.0,233.8,234.9,235.9,236.1,235.5,234.4,233.4,233.2,353.9,351.4,350.3,351.2,353.5,356.2,357.1,356.3,355.2,353.8,352.9,352.3,352.7,353.6,355.0,355.9,356.3,356.6,356.5,356.1,354.9,355.3,354.8,353.7,352.7,352.3,352.8,353.8,351.5,348.9,347.5,348.2,350.6,353.2,354.5,354.0,353.4,351.7,350.4,349.6,349.7,350.3,351.4,352.5,353.3,353.7,353.9,353.9,352.3,352.6,352.0,350.9,349.9,349.6,350.2,351.3,-67.1,-65.5,-61.4,-57.2,-55.3,-56.5,-60.9,-65.1,-72.6,-70.1,-66.5,-61.9,-57.3,-53.7,-51.2,-53.9,-57.8,-62.1,-66.2,-69.9,-62.9,-61.0,-59.2,-58.5,-59.4,-61.2,-63.0,-63.7,-14.8,-13.7,-9.9,-5.6,-3.2,-4.3,-8.1,-12.7,-18.5,-16.2,-12.8,-8.4,-4.0,-0.5,2.0,-0.0,-3.1,-6.9,-11.2,-15.3,-10.7,-8.7,-7.1,-6.6,-7.6,-9.5,-11.2,-11.7,59.3,55.0,53.0,54.5,58.7,63.3,65.0,63.5,61.9,59.4,57.6,56.5,57.1,58.8,61.4,62.8,63.5,64.0,63.9,63.4,61.1,61.8,60.9,59.0,57.2,56.5,57.4,59.3,53.6,49.2,47.0,48.2,52.2,56.6,58.8,58.0,56.9,54.0,51.7,50.3,50.6,51.8,53.9,55.7,56.8,57.5,57.7,57.8,55.1,55.7,54.7,52.8,51.1,50.5,51.5,53.4,912.3,912.6,912.4,911.8,911.2,911.1,911.1,911.7,917.0,914.2,911.5,909.9,910.1,911.2,912.7,911.3,910.1,910.2,911.7,914.2,912.6,912.3,912.2,912.3,912.6,912.8,912.9,912.8,887.4,888.2,889.1,889.6,889.3,888.6,887.6,887.3,888.5,887.3,886.4,886.6,888.5,891.4,894.4,891.4,888.6,886.8,886.4,887.3,888.6,888.8,889.2,889.6,889.7,889.5,889.1,888.7,0.10,0.00,0.67,0.02,0.01,0.00,0.00,0.36,0.22,0.88,0.00,0.27,0.00,0.00,1.05,0.82,0.00,0.00,0.00,0.00,1.00,0.00,0.00,0.00,1.00,0.00,1.00,0.00,0.00,0.00,1.00,0.00,0.00,0.00,0.00
66,0,4.535,0.98,1,0.108097,0.078706,-0.991020,-0.062767,0.093725,-0.993618,0.023,0.087,201.4,202.2,204.6,207.0,208.1,207.4,204.8,202.4,198.4,199.7,201.7,204.2,206.8,208.9,210.4,208.8,206.6,204.1,201.8,199.9,203.8,204.8,205.8,206.2,205.8,204.7,203.7,203.3,231.0,231.6,233.8,236.4,237.8,237.2,234.9,232.2,228.8,230.1,232.1,234.8,237.3,239.4,240.9,239.7,237.9,235.6,233.1,230.7,233.4,234.6,235.5,235.8,235.2,234.1,233.1,232.8,353.9,351.4,350.3,351.2,353.6,356.2,357.2,356.3,355.2,353.9,352.9,352.4,352.7,353.7,355.0,355.9,356.4,356.6,356.6,356.1,354.9,355.3,354.8,353.7,352.7,352.3,352.8,353.9,351.4,348.8,347.5,348.2,350.5,353.1,354.5,354.0,353.3,351.7,350.3,349.5,349.6,350.2,351.3,352.5,353.2,353.7,353.9,353.9,352.3,352.6,352.0,350.9,349.8,349.5,350.1,351.3,-67.9,-66.3,-62.2,-58.0,-56.0,-57.2,-61.7,-65.9,-73.4,-70.9,-67.3,-62.7,-58.1,-54.5,-51.9,-54.7,-58.6,-62.8,-67.0,-70.6,-63.6,-61.8,-60.0,-59.3,-60.2,-62.0,-63.8,-64.5,-15.3,-14.3,-10.5,-6.1,-3.8,-4.8,-8.6,-13.3,-19.1,-16.8,-13.4,-8.9,-4.5,-1.0,1.5,-0.5,-3.7,-7.5,-11.8,-15.9,-11.2,-9.3,-7.6,-7.2,-8.2,-10.1,-11.8,-12.2,59.6,55.3,53.3,54.8,58.9,63.5,65.2,63.7,62.2,59.6,57.8,56.8,57.3,59.0,61.6,63.0,63.7,64.2,64.2,63.6,61.4,62.0,61.1,59.2,57.4,56.8,57.7,59.6,53.5,49.2,46.9,48.1,52.1,56.5,58.7,57.9,56.9,54.0,51.6,50.3,50.5,51.7,53.8,55.6,56.6,57.3,57.7,57.8,55.1,55.6,54.6,52.7,51.0,50.4,51.4,53.3,914.7,915.0,914.8,914.2,913.5,913.5,913.5,914.1,919.4,916.6,913.9,912.3,912.5,913.6,915.0,913.6,912.5,912.5,914.0,916.6,914.9,914.7,914.6,914.7,915.0,915.2,915.3,915.2,887.1,887.9,888.8,889.2,889.0,888.2,887.3,887.0,888.3,887.0,886.2,886.3,888.1,891.0,894.0,891.0,888.2,886.4,886.1,887.0,888.3,888.5,888.9,889.3,889.4,889.2,888.8,888.4,0.00,0.00,0.65,0.00,0.01,0.00,0.00,0.48,0.30,0.98,0.00,0.16,0.00,0.00,1.50,0.93,0.00,0.00,0.00,0.00,1.00,0.00,0.00,0.00,1.00,0.00,1.00,0.00,0.00,0.00,1.00,1.00,0.00,0.00,0.00
67,0,4.605,0.98,1,0.099634,0.079051,-0.991879,-0.071576,0.094656,-0.992934,0.014,0.087,200.8,201.7,204.0,206.4,207.4,206.8,204.3,201.9,197.9,199.2,201.1,203.6,206.2,208.3,209.8,208.2,206.0,203.6,201.3,199.3,203.2,204.3,205.3,205.6,205.2,204.1,203.1,202.7,230.3,230.9,233.1,235.7,237.1,236.5,234.3,231.5,228.1,229.5,231.4,234.0,236.6,238.7,240.2,239.0,237.2,234.9,232.4,230.0,232.8,233.9,234.9,235.1,234.5,233.4,232.4,232.1,354.1,351.7,350.5,351.4,353.7,356.4,357.4,356.5,355.5,354.1,353.2,352.6,352.9,353.8,355.2,356.1,356.5,356.8,356.8,356.4,355.1,355.5,355.0,353.9,352.9,352.5,353.0,354.1,351.5,348.9,347.5,348.2,350.5,353.1,354.5,354.0,353.4,351.7,350.4,349.5,349.6,350.2,351.3,352.4,353.2,353.7,353.9,354.0,352.3,352.6,352.0,350.9,349.9,349.6,350.1,351.3,-69.2,-67.7,-63.6,-59.3,-57.4,-58.6,-62.9,-67.2,-74.6,-72.2,-68.6,-64.1,-59.4,-55.8,-53.2,-56.0,-59.9,-64.1,-68.3,-71.9,-65.0,-63.1,-61.3,-60.6,-61.5,-63.4,-65.2,-65.8,-16.6,-15.6,-11.8,-7.4,-5.0,-6.0,-9.8,-14.4,-20.2,-18.0,-14.6,-10.2,-5.7,-2.2,0.3,-1.7,-4.8,-8.7,-12.9,-17.1,-12.4,-10.5,-8.8,-8.4,-9.4,-11.3,-13.0,-13.4,60.3,55.9,53.9,55.4,59.5,64.1,65.8,64.4,62.9,60.3,58.5,57.4,57.9,59.6,62.1,63.6,64.3,64.8,64.8,64.3,62.0,62.6,61.8,59.9,58.1,57.4,58.3,60.2,53.7,49.3,47.0,48.2,52.1,56.5,58.8,58.0,57.0,54.1,51.7,50.3,50.5,51.7,53.7,55.5,56.7,57.4,57.7,57.9,55.2,55.7,54.7,52.7,51.0,50.5,51.5,53.4,919.3,919.5,919.2,918.6,917.9,917.9,918.0,918.6,924.0,921.1,918.4,916.8,916.9,918.0,919.4,918.0,916.9,917.0,918.6,921.2,919.4,919.1,919.0,919.1,919.4,919.7,919.8,919.7,888.0,888.8,889.6,890.0,889.7,888.9,888.1,887.9,889.2,887.9,887.0,887.1,888.9,891.7,894.6,891.7,888.9,887.2,886.9,887.9,889.1,889.3,889.7,890.0,890.1,890.0,889.6,889.3,0.00,0.00,0.56,0.02,0.03,0.00,0.00,0.59,0.41,1.06,0.00,0.02,0.00,0.00,1.87,0.77,0.00,0.00,0.00,0.00,1.00,0.00,0.00,0.00,1.00,0.00,1.00,0.00,0.00,0.00,1.00,1.00,0.00,0.00,0.00
68,0,4.674,0.98,1,0.094240,0.076634,-0.992596,-0.077035,0.092854,-0.992695,0.009,0.085,200.5,201.3,203.6,206.0,207.1,206.4,203.9,201.6,197.6,198.9,200.8,203.2,205.9,207.9,209.5,207.9,205.6,203.2,201.0,199.0,202.9,203.9,204.9,205.3,204.8,203.8,202.8,202.4,229.8,230.4,232.6,235.1,236.6,236.0,233.8,231.0,227.7,228.9,230.9,233.5,236.1,238.2,239.7,238.5,236.7,234.4,231.9,229.5,232.2,233.4,234.3,234.6,234.0,232.9,231.9,231.6,354.1,351.7,350.5,351.3,353.7,356.3,357.3,356.4,355.4,354.1,353.1,352.6,352.8,353.7,355.1,356.0,356.5,356.7,356.7,356.3,355.1,355.4,354.9,353.9,352.8,352.5,353.0,354.1,351.3,348.7,347.3,348.0,350.3,352.9,354.3,353.8,353.2,351.5,350.2,349.3,349.4,349.9,351.0,352.2,353.0,353.5,353.7,353.8,352.1,352.4,351.8,350.7,349.6,349.4,350.0,351.1,-70.2,-68.7,-64.6,-60.4,-58.4,-59.5,-63.9,-68.2,-75.6,-73.2,-69.6,-65.1,-60.5,-56.8,-54.2,-57.0,-60.9,-65.1,-69.3,-72.9,-66.0,-64.1,-62.3,-61.7,-62.5,-64.4,-66.2,-66.8,-17.5,-16.5,-12.7,-8.3,-5.9,-6.9,-10.7,-15.3,-21.1,-18.9,-15.6,-11.1,-6.7,-3.1,-0.6,-2.6,-5.7,-9.6,-13.8,-17.9,-13.3,-11.4,-9.7,-9.3,-10.3,-12.2,-13.9,-14.3,60.6,56.2,54.2,55.6,59.7,64.4,66.1,64.7,63.3,60.7,58.8,57.7,58.2,59.8,62.4,63.9,64.6,65.1,65.1,64.7,62.3,62.9,62.0,60.1,58.3,57.7,58.6,60.5,53.5,49.1,46.8,48.0,51.9,56.3,58.6,57.8,56.9,53.9,51.6,50.1,50.3,51.4,53.5,55.3,56.4,57.2,57.5,57.7,55.0,55.5,54.5,52.5,50.8,50.3,51.3,53.3,924.9,925.2,924.9,924.2,923.6,923.5,923.6,924.3,929.7,926.8,924.1,922.4,922.5,923.6,925.0,923.7,922.5,922.7,924.2,926.8,925.1,924.8,924.6,924.8,925.0,925.3,925.5,925.4,890.8,891.6,892.4,892.8,892.5,891.7,890.9,890.7,892.0,890.8,889.8,889.9,891.7,894.5,897.4,894.4,891.7,890.0,889.7,890.7,892.0,892.1,892.5,892.8,893.0,892.8,892.4,892.1,0.02,0.00,0.53,0.02,0.03,0.00,0.04,0.63,0.46,1.17,0.00,0.00,0.01,0.00,1.69,0.63,0.00,0.00,0.00,0.00,1.00,0.00,0.00,0.00,1.00,0.00,1.00,0.00,0.00,0.00,1.00,1.00,0.00,0.00,0.00
69,0,4.744,0.98,1,0.092781,0.070978,-0.993154,-0.078984,0.086889,-0.993082,0.007,0.079,200.3,201.1,203.4,205.8,206.9,206.2,203.7,201.4,197.4,198.6,200.5,203.0,205.6,207.7,209.3,207.7,205.4,203.0,200.8,198.8,202.7,203.7,204.7,205.1,204.6,203.5,202.5,202.2,229.5,230.1,232.3,234.9,236.3,235.7,233.5,230.8,227.4,228.7,230.6,233.2,235.9,237.9,239.4,238.3,236.4,234.2,231.7,229.3,232.0,233.1,234.1,234.4,233.7,232.6,231.6,231.4,353.9,351.4,350.3,351.1,353.4,356.1,357.0,356.2,355.2,353.9,352.9,352.3,352.6,353.5,354.9,355.8,356.2,356.5,356.5,356.1,354.8,355.2,354.7,353.6,352.6,352.2,352.7,353.8,351.0,348.4,347.0,347.7,350.0,352.6,353.9,353.5,352.9,351.2,349.9,349.0,349.1,349.6,350.7,351.9,352.6,353.1,353.4,353.5,351.8,352.1,351.5,350.3,349.3,349.1,349.7,350.8,-70.7,-69.2,-65.1,-60.8,-58.9,-60.0,-64.4,-68.7,-76.1,-73.7,-70.1,-65.6,-61.0,-57.3,-54.7,-57.4,-61.4,-65.6,-69.7,-73.4,-66.4,-64.6,-62.8,-62.1,-63.0,-64.9,-66.7,-67.3,-17.9,-16.9,-13.2,-8.8,-6.3,-7.3,-11.1,-15.7,-21.5,-19.3,-16.0,-11.5,-7.1,-3.5,-1.0,-3.0,-6.1,-10.0,-14.2,-18.4,-13.7,-11.8,-10.1,-9.7,-10.7,-12.7,-14.3,-14.8,60.3,55.9,53.8,55.3,59.4,64.0,65.8,64.4,63.0,60.4,58.5,57.4,57.8,59.5,62.0,63.5,64.2,64.7,64.8,64.3,62.0,62.6,61.7,59.8,58.0,57.4,58.3,60.2,53.0,48.6,46.3,47.4,51.4,55.8,58.1,57.3,56.4,53.4,51.0,49.6,49.8,50.9,53.0,54.7,55.9,56.6,57.0,57.2,54.5,55.0,54.0,52.0,50.3,49.8,50.8,52.7,926.4,926.7,926.4,925.7,925.0,924.9,925.0,925.7,931.1,928.3,925.5,923.9,924.0,925.0,926.4,925.1,923.9,924.1,925.7,928.3,926.5,926.2,926.1,926.2,926.5,926.8,926.9,926.8,890.8,891.6,892.5,892.8,892.5,891.6,890.8,890.6,892.0,890.7,889.8,889.9,891.7,894.4,897.3,894.3,891.6,889.9,889.7,890.7,891.9,892.1,892.4,892.8,893.0,892.8,892.4,892.1,0.03,0.00,0.59,0.02,0.04,0.00,0.08,0.64,0.52,1.39,0.00,0.00,0.03,0.00,1.58,0.48,0.00,0.00,0.00,0.00,1.00,0.00,0.00,0.00,1.00,0.00,1.00,0.00,0.00,0.00,0.00,1.00,0.00,0.00,0.00
70,0,4.814,0.98,1,0.093367,0.065542,-0.993472,-0.076797,0.080979,-0.993753,0.008,0.074,200.4,201.2,203.5,205.9,207.0,206.3,203.9,201.5,197.5,198.8,200.6,203.1,205.8,207.9,209.4,207.8,205.5,203.1,200.9,198.9,202.8,203.8,204.8,205.2,204.7,203.7,202.7,202.3,229.7,230.3,232.5,235.1,236.5,235.9,233.7,231.0,227.6,228.9,230.8,233.4,236.0,238.1,239.6,238.4,236.6,234.3,231.8,229.4,232.2,233.3,234.3,234.5,233.9,232.8,231.8,231.5,353.6,351.2,350.0,350.8,353.2,355.8,356.8,356.0,355.0,353.6,352.6,352.1,352.3,353.2,354.6,355.5,355.9,356.2,356.2,355.9,354.6,354.9,354.4,353.4,352.3,352.0,352.5,353.6,350.7,348.1,346.7,347.4,349.7,352.3,353.7,353.3,352.7,351.0,349.6,348.8,348.8,349.4,350.5,351.6,352.4,352.9,353.1,353.2,351.5,351.8,351.2,350.1,349.1,348.8,349.4,350.5,-70.2,-68.8,-64.7,-60.4,-58.4,-59.6,-63.9,-68.2,-75.6,-73.2,-69.7,-65.2,-60.5,-56.9,-54.2,-57.0,-60.9,-65.2,-69.3,-72.9,-66.0,-64.1,-62.3,-61.7,-62.6,-64.4,-66.2,-66.9,-17.6,-16.6,-12.8,-8.4,-6.0,-7.0,-10.7,-15.4,-21.2,-19.0,-15.6,-11.2,-6.8,-3.2,-0.7,-2.7,-5.8,-9.6,-13.9,-18.0,-13.4,-11.4,-9.8,-9.4,-10.4,-12.3,-14.0,-14.4,59.6,55.2,53.2,54.6,58.7,63.4,65.1,63.7,62.3,59.7,57.8,56.6,57.1,58.8,61.3,62.8,63.5,64.1,64.1,63.7,61.3,61.9,61.0,59.1,57.3,56.7,57.6,59.5,52.4,48.0,45.7,46.8,50.7,55.1,57.4,56.7,55.8,52.8,50.4,49.0,49.1,50.3,52.3,54.1,55.2,56.0,56.4,56.6,53.8,54.3,53.3,51.4,49.7,49.2,50.2,52.1,923.0,923.3,923.0,922.3,921.6,921.5,921.6,922.3,927.7,924.9,922.1,920.5,920.5,921.6,923.0,921.7,920.5,920.7,922.2,924.9,923.1,922.8,922.7,922.8,923.1,923.4,923.5,923.4,887.7,888.5,889.4,889.7,889.4,888.6,887.7,887.5,888.8,887.6,886.7,886.8,888.6,891.4,894.3,891.3,888.5,886.8,886.5,887.6,888.8,889.0,889.3,889.7,889.9,889.7,889.3,889.0,0.04,0.00,0.71,0.04,0.05,0.00,0.16,0.58,0.51,1.40,0.00,0.03,0.07,0.00,1.31,0.48,0.00,0.00,0.00,0.00,1.00,0.00,0.00,0.00,1.00,0.00,1.00,0.00,0.00,0.00,0.00,1.00,0.00,0.00,0.00
71,0,4.884,0.98,1,0.097808,0.065620,-0.993040,-0.073030,0.080492,-0.994076,0.012,0.073,200.6,201.5,203.8,206.1,207.2,206.6,204.1,201.7,197.8,199.0,200.9,203.4,206.0,208.1,209.6,208.0,205.8,203.4,201.1,199.2,203.0,204.1,205.1,205.4,205.0,203.9,202.9,202.5,230.0,230.6,232.8,235.4,236.8,236.2,234.0,231.2,227.9,229.2,231.1,233.7,236.3,238.4,239.9,238.7,236.9,234.6,232.1,229.7,232.5,233.6,234.6,234.8,234.2,233.1,232.1,231.8,353.5,351.0,349.8,350.7,353.0,355.7,356.6,355.8,354.8,353.4,352.5,351.9,352.2,353.1,354.5,355.4,355.8,356.1,356.1,355.7,354.4,354.8,354.3,353.2,352.2,351.8,352.3,353.4,350.6,348.0,346.7,347.3,349.7,352.3,353.6,353.2,352.6,350.9,349.5,348.7,348.7,349.3,350.4,351.6,352.3,352.8,353.1,353.1,351.5,351.8,351.2,350.0,349.0,348.7,349.3,350.5,-69.6,-68.2,-64.1,-59.8,-57.8,-59.0,-63.4,-67.6,-75.1,-72.7,-69.1,-64.6,-59.9,-56.3,-53.7,-56.4,-60.3,-64.6,-68.7,-72.3,-65.4,-63.5,-61.7,-61.1,-62.0,-63.8,-65.6,-66.3,-17.1,-16.1,-12.3,-7.9,-5.5,-6.5,-10.3,-14.9,-20.7,-18.5,-15.1,-10.7,-6.3,-2.7,-0.2,-2.2,-5.3,-9.2,-13.4,-17.5,-12.9,-10.9,-9.3,-8.9,-9.9,-11.8,-13.5,-13.9,59.1,54.8,52.7,54.2,58.3,63.0,64.7,63.2,61.8,59.2,57.4,56.2,56.7,58.4,60.9,62.4,63.1,63.7,63.7,63.2,60.9,61.5,60.6,58.7,56.9,56.3,57.2,59.1,52.2,47.8,45.5,46.7,50.6,55.0,57.3,56.5,55.6,52.6,50.3,48.8,49.0,50.2,52.3,54.0,55.1,55.9,56.3,56.4,53.7,54.2,53.2,51.3,49.6,49.1,50.1,52.0,920.8,921.1,920.8,920.2,919.5,919.4,919.5,920.1,925.6,922.7,920.0,918.3,918.4,919.5,920.9,919.6,918.4,918.5,920.1,922.7,921.0,920.7,920.5,920.7,921.0,921.3,921.4,921.3,887.6,888.4,889.3,889.7,889.4,888.5,887.6,887.4,888.7,887.5,886.6,886.7,888.5,891.3,894.2,891.2,888.5,886.8,886.5,887.5,888.7,888.9,889.3,889.7,889.8,889.6,889.3,888.9,0.02,0.00,0.78,0.04,0.08,0.00,0.18,0.50,0.48,1.43,0.00,0.08,0.20,0.00,1.07,0.45,0.00,0.00,0.00,0.00,1.00,0.00,0.00,0.00,1.00,0.00,1.00,0.00,0.00,0.00,0.00,1.00,0.00,0.00,0.00
72,0,4.953,0.98,1,0.098676,0.066521,-0.992894,-0.072320,0.081063,-0.994082,0.013,0.074,200.6,201.5,203.8,206.2,207.3,206.6,204.1,201.7,197.8,199.0,200.9,203.4,206.0,208.1,209.7,208.1,205.8,203.4,201.1,199.2,203.0,204.1,205.1,205.5,205.0,203.9,202.9,202.5,230.0,230.6,232.8,235.4,236.8,236.3,234.0,231.3,227.9,229.2,231.2,233.8,236.4,238.5,239.9,238.8,236.9,234.7,232.2,229.8,232.5,233.6,234.6,234.9,234.2,233.1,232.1,231.9,353.5,351.0,349.8,350.7,353.0,355.7,356.6,355.8,354.8,353.4,352.5,351.9,352.2,353.1,354.5,355.4,355.8,356.1,356.1,355.7,354.4,354.8,354.3,353.2,352.2,351.8,352.3,353.4,350.7,348.1,346.7,347.3,349.7,352.3,353.6,353.2,352.6,350.9,349.5,348.7,348.8,349.3,350.5,351.6,352.3,352.8,353.1,353.1,351.5,351.8,351.2,350.0,349.0,348.7,349.3,350.5,-69.5,-68.1,-64.0,-59.7,-57.7,-58.9,-63.3,-67.6,-75.0,-72.6,-69.0,-64.5,-59.8,-56.2,-53.6,-56.3,-60.2,-64.5,-68.6,-72.3,-65.3,-63.4,-61.7,-61.0,-61.9,-63.7,-65.5,-66.2,-17.0,-16.0,-12.2,-7.8,-5.4,-6.4,-10.2,-14.8,-20.6,-18.4,-15.1,-10.6,-6.2,-2.6,-0.1,-2.1,-5.2,-9.1,-13.3,-17.5,-12.8,-10.9,-9.2,-8.8,-9.8,-11.8,-13.4,-13.8,59.1,54.7,52.7,54.1,58.2,62.9,64.6,63.2,61.8,59.2,57.3,56.2,56.7,58.4,60.9,62.4,63.1,63.6,63.6,63.1,60.8,61.4,60.5,58.6,56.8,56.2,57.1,59.0,52.2,47.8,45.5,46.7,50.6,55.0,57.3,56.5,55.6,52.6,50.2,48.8,49.0,50.2,52.3,54.0,55.1,55.9,56.2,56.4,53.7,54.2,53.2,51.3,49.6,49.0,50.0,52.0,919.8,920.1,919.8,919.1,918.4,918.4,918.4,919.1,924.5,921.7,918.9,917.3,917.4,918.5,919.9,918.5,917.4,917.5,919.1,921.7,919.9,919.6,919.5,919.6,919.9,920.2,920.3,920.2,886.9,887.8,888.7,889.0,888.7,887.9,887.0,886.8,888.1,886.9,886.0,886.1,887.9,890.7,893.6,890.6,887.8,886.1,885.8,886.8,888.1,888.3,888.7,889.0,889.2,889.0,888.6,888.2,0.02,0.00,0.80,0.04,0.09,0.00,0.20,0.42,0.44,1.39,0.00,0.11,0.34,0.00,0.92,0.48,0.00,0.00,0.00,0.00,1.00,0.00,0.00,0.00,1.00,0.00,1.00,0.00,0.00,0.00,0.00,0.00,0.00,0.00,0.00
73,0,5.023,0.98,1,0.098618,0.066089,-0.992928,-0.072786,0.080612,-0.994084,0.013,0.074,200.7,201.5,203.8,206.2,207.3,206.6,204.1,201.7,197.8,199.0,200.9,203.4,206.1,208.2,209.7,208.1,205.8,203.4,201.1,199.2,203.1,204.1,205.1,205.5,205.0,204.0,202.9,202.6,230.0,230.6,232.9,235.4,236.8,236.3,234.0,231.3,227.9,229.2,231.2,233.8,236.4,238.5,239.9,238.8,236.9,234.7,232.2,229.8,232.5,233.6,234.6,234.9,234.2,233.1,232.1,231.9,353.5,351.0,349.9,350.7,353.0,355.7,356.7,355.8,354.8,353.5,352.5,351.9,352.2,353.1,354.5,355.4,355.8,356.1,356.1,355.7,354.4,354.8,354.3,353.2,352.2,351.8,352.3,353.4,350.7,348.1,346.7,347.4,349.7,352.3,353.7,353.2,352.6,350.9,349.6,348.7,348.8,349.4,350.5,351.6,352.4,352.9,353.1,353.2,351.5,351.8,351.2,350.1,349.1,348.8,349.4,350.5,-69.5,-68.0,-64.0,-59.7,-57.7,-58.9,-63.3,-67.5,-74.9,-72.5,-69.0,-64.4,-59.8,-56.2,-53.6,-56.3,-60.2,-64.5,-68.6,-72.2,-65.3,-63.4,-61.6,-61.0,-61.8,-63.7,-65.5,-66.1,-17.0,-16.0,-12.2,-7.8,-5.4,-6.4,-10.2,-14.8,-20.6,-18.4,-15.0,-10.6,-6.2,-2.6,-0.1,-2.1,-5.2,-9.1,-13.3,-17.4,-12.8,-10.9,-9.2,-8.8,-9.8,-11.7,-13.4,-13.8,59.1,54.8,52.7,54.2,58.3,63.0,64.7,63.2,61.8,59.2,57.3,56.2,56.7,58.4,60.9,62.4,63.1,63.6,63.7,63.2,60.9,61.5,60.6,58.7,56.9,56.3,57.2,59.1,52.3,47.9,45.6,46.8,50.7,55.1,57.4,56.6,55.7,52.7,50.3,48.9,49.1,50.2,52.3,54.1,55.2,55.9,56.3,56.5,53.8,54.3,53.3,51.3,49.6,49.1,50.1,52.0,920.1,920.4,920.1,919.5,918.8,918.7,918.8,919.4,924.8,922.0,919.3,917.6,917.7,918.8,920.2,918.9,917.7,917.8,919.4,922.0,920.2,920.0,919.8,920.0,920.3,920.5,920.7,920.5,887.2,888.0,888.9,889.3,888.9,888.1,887.2,887.0,888.3,887.1,886.2,886.3,888.1,890.9,893.8,890.8,888.1,886.3,886.1,887.1,888.3,888.5,888.9,889.2,889.4,889.2,888.8,888.5,0.00,0.00,0.80,0.07,0.09,0.00,0.19,0.38,0.44,1.43,0.00,0.16,0.41,0.00,0.85,0.45,0.00,0.00,0.00,0.00,1.00,0.00,0.00,0.00,1.00,0.00,1.00,0.00,0.00,0.00,0.00,0.00,0.00,0.00,0.00
74,0,5.093,0.98,1,0.096803,0.065952,-0.993116,-0.074220,0.080413,-0.993995,0.011,0.074,200.6,201.4,203.7,206.1,207.2,206.5,204.0,201.7,197.7,198.9,200.8,203.3,206.0,208.1,209.6,208.0,205.7,203.3,201.1,199.1,203.0,204.0,205.0,205.4,204.9,203.9,202.9,202.5,230.0,230.6,232.8,235.4,236.8,236.2,234.0,231.2,227.8,229.1,231.1,233.7,236.3,238.4,239.9,238.7,236.9,234.6,232.1,229.7,232.5,233.6,234.6,234.8,234.2,233.1,232.1,231.8,353.5,351.0,349.8,350.7,353.0,355.7,356.7,355.8,354.8,353.4,352.5,351.9,352.2,353.1,354.5,355.4,355.8,356.1,356.1,355.7,354.4,354.8,354.3,353.2,352.2,351.8,352.3,353.4,350.7,348.1,346.7,347.4,349.7,352.3,353.7,353.2,352.6,350.9,349.6,348.7,348.8,349.4,350.5,351.6,352.4,352.9,353.1,353.2,351.5,351.8,351.2,350.1,349.0,348.7,349.3,350.5,-69.7,-68.2,-64.1,-59.9,-57.9,-59.1,-63.4,-67.7,-75.1,-72.7,-69.1,-64.6,-60.0,-56.4,-53.7,-56.5,-60.4,-64.6,-68.8,-72.4,-65.5,-63.6,-61.8,-61.2,-62.0,-63.9,-65.7,-66.3,-17.1,-16.1,-12.3,-7.9,-5.5,-6.5,-10.3,-14.9,-20.7,-18.5,-15.1,-10.7,-6.3,-2.7,-0.2,-2.2,-5.3,-9.2,-13.4,-17.5,-12.9,-11.0,-9.3,-8.9,-9.9,-11.8,-13.5,-13.9,59.1,54.8,52.7,54.2,58.3,63.0,64.7,63.2,61.8,59.2,57.3,56.2,56.7,58.4,60.9,62.4,63.1,63.6,63.7,63.2,60.9,61.5,60.6,58.7,56.9,56.3,57.2,59.1,52.2,47.9,45.6,46.7,50.7,55.1,57.3,56.6,55.6,52.7,50.3,48.9,49.1,50.2,52.3,54.1,55.2,55.9,56.3,56.5,53.7,54.2,53.2,51.3,49.6,49.1,50.1,52.0,920.4,920.7,920.4,919.8,919.1,919.0,919.1,919.8,925.2,922.3,919.6,917.9,918.0,919.1,920.5,919.2,918.0,918.2,919.7,922.3,920.6,920.3,920.1,920.3,920.6,920.9,921.0,920.9,887.2,888.0,888.9,889.3,888.9,888.1,887.2,887.0,888.3,887.1,886.2,886.3,888.1,890.9,893.8,890.8,888.1,886.3,886.1,887.1,888.3,888.5,888.9,889.2,889.4,889.2,888.8,888.5,0.00,0.00,0.70,0.07,0.05,0.00,0.20,0.39,0.43,1.37,0.00,0.21,0.39,0.00,0.87,0.45,0.00,0.00,0.00,0.00,1.00,0.00,0.00,0.00,1.00,0.00,1.00,0.00,0.00,0.00,0.00,0.00,0.00,0.00,0.00
75,0,5.163,0.98,1,0.096228,0.066988,-0.993103,-0.074612,0.081341,-0.993890,0.011,0.075,200.5,201.4,203.7,206.1,207.2,206.5,204.0,201.6,197.7,198.9,200.8,203.3,206.0,208.0,209.6,208.0,205.7,203.3,201.0,199.1,202.9,204.0,205.0,205.4,204.9,203.8,202.8,202.5,229.9,230.5,232.8,235.3,236.7,236.2,233.9,231.2,227.8,229.1,231.1,233.7,236.3,238.4,239.9,238.7,236.8,234.6,232.1,229.7,232.4,233.5,234.5,234.8,234.2,233.0,232.1,231.8,353.5,351.0,349.8,350.7,353.0,355.7,356.7,355.8,354.8,353.4,352.5,351.9,352.2,353.1,354.5,355.4,355.8,356.1,356.1,355.7,354.4,354.8,354.3,353.2,352.2,351.8,352.3,353.4,350.7,348.1,346.7,347.4,349.7,352.3,353.7,353.2,352.6,350.9,349.6,348.7,348.8,349.4,350.5,351.6,352.4,352.9,353.1,353.2,351.5,351.8,351.2,350.1,349.1,348.8,349.4,350.5,-69.8,-68.3,-64.2,-59.9,-57.9,-59.1,-63.5,-67.8,-75.2,-72.8,-69.2,-64.7,-60.0,-56.4,-53.8,-56.5,-60.5,-64.7,-68.8,-72.5,-65.5,-63.6,-61.9,-61.2,-62.1,-63.9,-65.7,-66.4,-17.1,-16.2,-12.4,-8.0,-5.6,-6.6,-10.4,-15.0,-20.8,-18.6,-15.2,-10.8,-6.3,-2.8,-0.3,-2.3,-5.4,-9.2,-13.5,-17.6,-12.9,-11.0,-9.4,-8.9,-10.0,-11.9,-13.6,-14.0,59.2,54.8,52.8,54.2,58.3,63.0,64.7,63.3,61.8,59.2,57.4,56.2,56.7,58.4,61.0,62.5,63.2,63.7,63.7,63.2,60.9,61.5,60.6,58.7,56.9,56.3,57.2,59.1,52.3,47.9,45.6,46.8,50.7,55.1,57.4,56.6,55.7,52.7,50.4,48.9,49.1,50.3,52.4,54.1,55.3,56.0,56.4,56.5,53.8,54.3,53.3,51.4,49.7,49.2,50.2,52.1,920.7,921.0,920.7,920.0,919.4,919.3,919.4,920.1,925.5,922.6,919.9,918.2,918.3,919.4,920.8,919.5,918.3,918.5,920.0,922.6,920.9,920.6,920.4,920.6,920.9,921.2,921.3,921.2,887.7,888.6,889.4,889.8,889.5,888.6,887.8,887.6,888.9,887.7,886.8,886.9,888.7,891.5,894.4,891.4,888.6,886.9,886.6,887.6,888.9,889.1,889.4,889.8,889.9,889.8,889.4,889.0,0.00,0.00,0.67,0.12,0.05,0.00,0.19,0.36,0.44,1.37,0.00,0.31,0.36,0.00,0.87,0.48,0.00,0.00,0.00,0.00,1.00,0.00,0.00,0.00,1.00,0.00,1.00,0.00,0.00,0.00,0.00,0.00,0.00,0.00,0.00
76,0,5.233,0.98,1,0.096551,0.067190,-0.993058,-0.074046,0.082198,-0.993861,0.011,0.075,200.6,201.4,203.7,206.1,207.2,206.5,204.1,201.7,197.7,198.9,200.8,203.3,206.0,208.1,209.6,208.0,205.7,203.3,201.1,199.1,203.0,204.0,205.0,205.4,204.9,203.9,202.9,202.5,230.0,230.5,232.8,235.3,236.7,236.2,233.9,231.2,227.8,229.1,231.1,233.7,236.3,238.4,239.9,238.7,236.9,234.6,232.1,229.7,232.4,233.6,234.5,234.8,234.2,233.0,232.1,231.8,353.6,351.1,350.0,350.8,353.1,355.8,356.8,355.9,354.9,353.6,352.6,352.0,352.3,353.2,354.6,355.5,355.9,356.2,356.2,355.8,354.5,354.9,354.4,353.3,352.3,351.9,352.4,353.5,350.7,348.1,346.8,347.4,349.7,352.3,353.7,353.3,352.7,351.0,349.6,348.8,348.8,349.4,350.5,351.7,352.4,352.9,353.1,353.2,351.6,351.8,351.2,350.1,349.1,348.8,349.4,350.5,-69.7,-68.2,-64.2,-59.9,-57.9,-59.1,-63.5,-67.7,-75.1,-72.7,-69.2,-64.7,-60.0,-56.4,-53.8,-56.5,-60.4,-64.7,-68.8,-72.4,-65.5,-63.6,-61.8,-61.2,-62.1,-63.9,-65.7,-66.4,-17.1,-16.2,-12.4,-8.0,-5.6,-6.5,-10.3,-15.0,-20.8,-18.5,-15.2,-10.8,-6.3,-2.8,-0.2,-2.2,-5.4,-9.2,-13.5,-17.6,-12.9,-11.0,-9.3,-8.9,-10.0,-11.9,-13.6,-14.0,59.4,55.0,53.0,54.4,58.5,63.2,64.9,63.5,62.1,59.5,57.6,56.4,56.9,58.6,61.1,62.7,63.4,63.9,63.9,63.4,61.1,61.7,60.8,58.9,57.1,56.5,57.4,59.3,52.4,48.0,45.7,46.9,50.8,55.2,57.5,56.7,55.8,52.8,50.5,49.0,49.2,50.4,52.4,54.2,55.3,56.1,56.5,56.7,53.9,54.4,53.4,51.5,49.8,49.2,50.3,52.2,921.0,921.2,921.0,920.3,919.6,919.5,919.6,920.3,925.7,922.9,920.1,918.5,918.6,919.6,921.0,919.7,918.6,918.7,920.3,922.9,921.1,920.8,920.7,920.8,921.1,921.4,921.5,921.4,888.4,889.2,890.1,890.5,890.1,889.3,888.4,888.2,889.6,888.3,887.4,887.5,889.3,892.1,895.0,892.0,889.3,887.5,887.3,888.3,889.5,889.7,890.1,890.4,890.6,890.4,890.0,889.7,0.00,0.00,0.67,0.05,0.03,0.00,0.17,0.40,0.44,1.29,0.00,0.31,0.38,0.00,0.89,0.49,0.00,0.00,0.00,0.00,1.00,0.00,0.00,0.00,1.00,0.00,1.00,0.00,0.00,0.00,0.00,0.00,0.00,0.00,0.00
77,0,5.302,0.98,1,0.097627,0.066869,-0.992974,-0.072829,0.082508,-0.993926,0.012,0.075,200.6,201.5,203.7,206.1,207.2,206.6,204.1,201.7,197.8,199.0,200.9,203.4,206.0,208.1,209.7,208.1,205.8,203.4,201.1,199.2,203.0,204.1,205.1,205.4,205.0,203.9,202.9,202.5,230.0,230.5,232.8,235.3,236.8,236.2,234.0,231.2,227.9,229.1,231.1,233.7,236.3,238.4,239.9,238.7,236.9,234.6,232.1,229.7,232.4,233.6,234.5,234.8,234.2,233.0,232.1,231.8,353.7,351.3,350.1,350.9,353.3,355.9,356.9,356.1,355.1,353.7,352.7,352.1,352.4,353.3,354.7,355.6,356.1,356.4,356.3,356.0,354.7,355.0,354.5,353.5,352.4,352.1,352.6,353.7,350.8,348.2,346.8,347.5,349.8,352.4,353.8,353.3,352.7,351.0,349.7,348.8,348.9,349.4,350.5,351.7,352.4,353.0,353.2,353.3,351.6,351.9,351.3,350.2,349.1,348.9,349.5,350.6,-69.6,-68.2,-64.1,-59.8,-57.8,-59.0,-63.4,-67.6,-75.0,-72.7,-69.1,-64.6,-59.9,-56.3,-53.7,-56.4,-60.3,-64.6,-68.7,-72.3,-65.4,-63.5,-61.7,-61.1,-62.0,-63.8,-65.6,-66.3,-17.1,-16.1,-12.4,-8.0,-5.5,-6.5,-10.3,-14.9,-20.7,-18.5,-15.2,-10.7,-6.3,-2.8,-0.2,-2.2,-5.3,-9.2,-13.4,-17.5,-12.9,-11.0,-9.3,-8.9,-10.0,-11.9,-13.5,-14.0,59.6,55.3,53.2,54.6,58.7,63.4,65.1,63.7,62.3,59.7,57.8,56.7,57.2,58.8,61.4,62.9,63.6,64.1,64.2,63.7,61.3,62.0,61.0,59.1,57.4,56.7,57.6,59.5,52.5,48.1,45.8,47.0,50.9,55.3,57.6,56.8,55.9,53.0,50.5,49.1,49.3,50.4,52.5,54.3,55.4,56.2,56.5,56.8,54.0,54.5,53.5,51.5,49.8,49.3,50.3,52.3,920.9,921.2,920.9,920.2,919.6,919.5,919.6,920.3,925.7,922.8,920.1,918.4,918.5,919.6,921.0,919.7,918.5,918.7,920.2,922.8,921.1,920.8,920.6,920.8,921.1,921.4,921.5,921.4,888.4,889.3,890.1,890.5,890.2,889.3,888.5,888.3,889.6,888.4,887.5,887.6,889.4,892.2,895.1,892.1,889.3,887.6,887.3,888.3,889.6,889.7,890.1,890.5,890.6,890.5,890.1,889.7,0.00,0.00,0.76,0.08,0.04,0.00,0.17,0.39,0.47,1.32,0.00,0.27,0.34,0.00,0.90,0.57,0.00,0.00,0.00,0.00,1.00,0.00,0.00,0.00,1.00,0.00,1.00,0.00,0.00,0.00,0.00,0.00,0.00,0.00,0.00
78,0,5.372,0.98,1,0.096456,0.068793,-0.992957,-0.073459,0.085060,-0.993664,0.012,0.077,200.6,201.4,203.7,206.1,207.2,206.6,204.1,201.7,197.8,199.0,200.9,203.3,206.0,208.1,209.6,208.0,205.8,203.4,201.1,199.2,203.0,204.1,205.0,205.4,204.9,203.9,202.9,202.5,230.0,230.5,232.7,235.3,236.7,236.2,233.9,231.2,227.8,229.1,231.1,233.7,236.3,238.4,239.8,238.7,236.8,234.6,232.1,229.7,232.4,233.5,234.5,234.8,234.1,233.0,232.0,231.8,353.8,351.3,350.2,351.0,353.3,356.0,357.0,356.1,355.1,353.8,352.8,352.2,352.5,353.4,354.7,355.7,356.1,356.4,356.4,356.0,354.7,355.1,354.6,353.5,352.5,352.1,352.6,353.7,350.8,348.2,346.8,347.5,349.8,352.4,353.8,353.4,352.8,351.1,349.7,348.9,348.9,349.5,350.6,351.7,352.5,353.0,353.2,353.3,351.6,351.9,351.3,350.2,349.2,348.9,349.5,350.6,-69.7,-68.3,-64.2,-59.9,-57.9,-59.1,-63.4,-67.7,-75.1,-72.8,-69.2,-64.7,-60.0,-56.4,-53.7,-56.5,-60.4,-64.6,-68.8,-72.4,-65.5,-63.6,-61.8,-61.2,-62.1,-63.9,-65.7,-66.4,-17.2,-16.2,-12.4,-8.0,-5.6,-6.6,-10.3,-15.0,-20.8,-18.6,-15.2,-10.8,-6.4,-2.8,-0.3,-2.3,-5.4,-9.2,-13.5,-17.6,-13.0,-11.0,-9.4,-9.0,-10.0,-11.9,-13.6,-14.0,59.8,55.4,53.4,54.8,58.9,63.5,65.3,63.9,62.5,59.9,58.0,56.9,57.3,59.0,61.5,63.0,63.7,64.3,64.4,63.9,61.5,62.1,61.2,59.3,57.5,56.9,57.8,59.7,52.6,48.2,45.9,47.0,51.0,55.4,57.7,56.9,56.0,53.1,50.6,49.2,49.4,50.5,52.6,54.4,55.5,56.2,56.6,56.9,54.1,54.6,53.6,51.6,49.9,49.4,50.4,52.4,921.7,921.9,921.6,921.0,920.3,920.2,920.3,921.0,926.4,923.6,920.8,919.2,919.3,920.3,921.7,920.4,919.3,919.4,921.0,923.6,921.8,921.5,921.4,921.5,921.8,922.1,922.2,922.1,889.1,889.9,890.8,891.1,890.8,890.0,889.1,888.9,890.3,889.0,888.1,888.2,890.0,892.8,895.7,892.7,890.0,888.2,888.0,889.0,890.2,890.4,890.8,891.1,891.3,891.1,890.7,890.4,0.00,0.00,0.74,0.03,0.03,0.00,0.20,0.46,0.45,1.32,0.00,0.22,0.41,0.00,0.98,0.65,0.00,0.00,0.00,0.00,1.00,0.00,0.00,0.00,1.00,0.00,1.00,0.00,0.00,0.00,0.00,0.00,0.00,0.00,0.00
79,0,5.442,0.98,1,0.095557,0.068668,-0.993053,-0.073981,0.085403,-0.993596,0.011,0.077,200.6,201.4,203.7,206.1,207.2,206.6,204.1,201.7,197.8,199.0,200.9,203.3,206.0,208.1,209.6,208.0,205.8,203.4,201.1,199.2,203.0,204.0,205.0,205.4,204.9,203.9,202.9,202.5,229.9,230.5,232.7,235.3,236.7,236.1,233.9,231.2,227.8,229.1,231.0,233.6,236.3,238.3,239.8,238.7,236.8,234.6,232.1,229.7,232.4,233.5,234.5,234.7,234.1,233.0,232.0,231.8,353.9,351.4,350.2,351.1,353.4,356.0,357.0,356.2,355.2,353.9,352.9,352.3,352.5,353.4,354.8,355.7,356.2,356.5,356.5,356.1,354.8,355.2,354.7,353.6,352.6,352.2,352.7,353.8,350.9,348.3,346.9,347.5,349.9,352.5,353.8,353.4,352.8,351.1,349.8,348.9,348.9,349.5,350.6,351.8,352.5,353.0,353.3,353.4,351.7,352.0,351.4,350.2,349.2,348.9,349.5,350.7,-69.8,-68.3,-64.3,-60.0,-58.0,-59.1,-63.5,-67.7,-75.1,-72.8,-69.2,-64.7,-60.1,-56.4,-53.8,-56.5,-60.4,-64.7,-68.8,-72.4,-65.5,-63.6,-61.9,-61.2,-62.1,-64.0,-65.8,-66.4,-17.2,-16.2,-12.4,-8.1,-5.6,-6.6,-10.4,-15.0,-20.8,-18.6,-15.3,-10.8,-6.4,-2.8,-0.3,-2.3,-5.4,-9.3,-13.5,-17.6,-13.0,-11.1,-9.4,-9.0,-10.0,-12.0,-13.6,-14.0,60.0,55.6,53.5,54.9,59.0,63.7,65.5,64.0,62.7,60.1,58.2,57.0,57.5,59.1,61.6,63.2,63.9,64.5,64.5,64.1,61.6,62.3,61.3,59.4,57.7,57.0,57.9,59.9,52.7,48.3,46.0,47.1,51.1,55.5,57.8,57.0,56.1,53.1,50.7,49.3,49.5,50.6,52.6,54.4,55.6,56.3,56.7,56.9,54.2,54.7,53.7,51.7,50.0,49.5,50.5,52.4,921.9,922.1,921.8,921.1,920.5,920.4,920.5,921.2,926.7,923.8,921.0,919.4,919.4,920.5,921.9,920.6,919.5,919.6,921.2,923.8,922.0,921.7,921.6,921.7,922.0,922.3,922.4,922.3,889.1,889.9,890.7,891.1,890.8,890.0,889.1,888.9,890.3,889.0,888.1,888.2,890.0,892.8,895.7,892.7,889.9,888.2,888.0,889.0,890.2,890.4,890.8,891.1,891.2,891.1,890.7,890.4,0.00,0.00,0.62,0.03,0.02,0.00,0.18,0.48,0.48,1.34,0.00,0.19,0.41,0.00,1.07,0.69,0.00,0.00,0.00,0.00,1.00,0.00,0.00,0.00,1.00,1.00,1.00,0.00,0.00,0.00,0.00,1.00,0.00,0.00,0.00
80,0,5.512,0.98,1,0.095876,0.072882,-0.992722,-0.078225,0.090704,-0.992801,0.009,0.082,200.8,201.6,203.8,206.2,207.3,206.7,204.2,201.9,198.0,199.2,201.0,203.5,206.1,208.1,209.6,208.1,205.9,203.5,201.3,199.4,203.1,204.2,205.1,205.5,205.0,204.0,203.0,202.7,229.6,230.2,232.4,234.9,236.3,235.8,233.6,230.9,227.6,228.8,230.7,233.3,235.9,237.9,239.4,238.3,236.4,234.2,231.7,229.4,232.1,233.2,234.1,234.4,233.8,232.7,231.7,231.5,354.5,352.1,351.0,351.8,354.0,356.6,357.6,356.8,355.9,354.6,353.6,353.0,353.3,354.1,355.4,356.3,356.8,357.1,357.1,356.7,355.5,355.8,355.3,354.2,353.2,352.9,353.4,354.5,351.5,348.9,347.5,348.2,350.4,353.0,354.4,353.9,353.3,351.7,350.4,349.6,349.6,350.1,351.1,352.3,353.0,353.5,353.8,353.9,352.2,352.5,351.9,350.8,349.8,349.5,350.1,351.3,-71.0,-69.6,-65.5,-61.2,-59.2,-60.3,-64.6,-68.9,-76.4,-74.0,-70.4,-65.9,-61.3,-57.6,-55.0,-57.7,-61.6,-65.9,-70.0,-73.7,-66.7,-64.8,-63.1,-62.5,-63.3,-65.2,-67.0,-67.6,-18.0,-17.0,-13.2,-8.8,-6.4,-7.4,-11.2,-15.9,-21.6,-19.4,-16.1,-11.6,-7.2,-3.6,-1.0,-3.0,-6.2,-10.1,-14.4,-18.5,-13.8,-11.9,-10.2,-9.8,-10.8,-12.8,-14.4,-14.8,62.5,58.2,56.0,57.4,61.5,66.2,68.0,66.6,65.3,62.7,60.8,59.6,60.1,61.7,64.1,65.6,66.4,66.9,67.1,66.6,64.2,64.8,63.9,62.0,60.2,59.6,60.5,62.4,54.7,50.3,48.0,49.1,53.0,57.5,59.8,59.0,58.1,55.2,52.8,51.4,51.5,52.6,54.5,56.4,57.5,58.3,58.7,58.9,56.2,56.6,55.6,53.7,52.0,51.5,52.5,54.4,942.8,943.0,942.8,942.2,941.5,941.5,941.5,942.1,947.5,944.6,941.9,940.3,940.4,941.6,943.0,941.7,940.5,940.6,942.1,944.7,943.0,942.7,942.6,942.7,943.0,943.2,943.3,943.2,905.8,906.5,907.3,907.6,907.3,906.6,905.8,905.7,907.0,905.7,904.7,904.8,906.5,909.2,912.2,909.2,906.5,904.9,904.6,905.7,906.9,907.0,907.4,907.7,907.8,907.7,907.3,907.0,0.00,0.00,0.37,0.00,0.06,0.00,0.14,0.68,0.56,1.32,0.00,0.13,0.39,0.00,1.31,0.62,0.17,0.00,0.00,0.00,1.00,0.00,0.00,0.00,1.00,1.00,1.00,0.00,0.00,0.00,0.00,1.00,0.00,0.00,0.00
81,0,5.581,0.98,1,0.096669,0.073850,-0.992573,-0.080675,0.092152,-0.992471,0.008,0.083,200.8,201.6,203.8,206.1,207.2,206.6,204.2,201.9,198.0,199.2,201.0,203.4,206.0,208.0,209.5,208.0,205.8,203.5,201.3,199.4,203.1,204.1,205.1,205.4,205.0,203.9,203.0,202.6,229.4,230.0,232.2,234.7,236.1,235.5,233.3,230.6,227.4,228.6,230.5,233.1,235.6,237.7,239.1,238.0,236.1,233.9,231.5,229.2,231.8,232.9,233.9,234.1,233.5,232.4,231.5,231.2,355.1,352.7,351.5,352.3,354.6,357.1,358.1,357.3,356.4,355.1,354.2,353.6,353.8,354.7,355.9,356.8,357.2,357.6,357.6,357.2,356.0,356.3,355.8,354.8,353.8,353.5,354.0,355.0,352.0,349.5,348.1,348.7,351.0,353.5,354.9,354.5,353.8,352.3,351.0,350.2,350.2,350.7,351.7,352.8,353.5,354.0,354.3,354.4,352.8,353.1,352.5,351.4,350.4,350.1,350.7,351.8,-71.9,-70.5,-66.5,-62.1,-60.1,-61.2,-65.5,-69.9,-77.4,-75.0,-71.4,-66.9,-62.2,-58.6,-55.9,-58.6,-62.5,-66.8,-70.9,-74.6,-67.7,-65.8,-64.0,-63.4,-64.3,-66.2,-67.9,-68.6,-18.6,-17.6,-13.8,-9.4,-7.0,-7.9,-11.8,-16.4,-22.2,-20.0,-16.6,-12.2,-7.7,-4.1,-1.5,-3.6,-6.8,-10.7,-15.0,-19.1,-14.4,-12.4,-10.8,-10.3,-11.4,-13.3,-15.0,-15.4,64.4,60.0,57.8,59.2,63.3,68.0,69.8,68.4,67.1,64.5,62.7,61.5,61.9,63.5,65.8,67.4,68.1,68.7,68.8,68.4,66.0,66.6,65.7,63.8,62.0,61.4,62.3,64.2,56.3,51.8,49.5,50.6,54.6,59.0,61.3,60.6,59.6,56.7,54.4,53.0,53.1,54.2,56.1,57.9,59.0,59.8,60.2,60.4,57.7,58.2,57.2,55.2,53.5,53.0,54.0,56.0,955.0,955.3,955.1,954.5,953.9,953.8,953.8,954.4,959.7,956.8,954.1,952.6,952.8,953.9,955.4,954.0,952.8,952.8,954.3,956.9,955.2,955.0,954.9,955.0,955.3,955.5,955.6,955.5,915.8,916.5,917.3,917.5,917.2,916.5,915.8,915.7,917.1,915.8,914.7,914.7,916.4,919.1,922.1,919.1,916.5,914.8,914.7,915.8,916.9,917.0,917.3,917.6,917.8,917.7,917.3,917.0,0.00,0.00,0.34,0.00,0.15,0.00,0.11,0.84,0.69,1.39,0.00,0.05,0.18,0.00,1.51,0.49,0.24,0.00,0.00,0.00,1.00,0.00,0.00,0.00,1.00,1.00,1.00,0.00,0.00,0.00,1.00,1.00,0.00,0.00,0.00
82,0,5.651,0.98,1,0.093480,0.073920,-0.992873,-0.083092,0.091039,-0.992375,0.005,0.083,200.5,201.3,203.5,205.9,207.0,206.3,203.9,201.6,197.8,198.9,200.8,203.2,205.7,207.8,209.3,207.7,205.6,203.2,201.0,199.1,202.9,203.9,204.9,205.2,204.7,203.7,202.7,202.4,229.2,229.8,232.0,234.5,235.8,235.3,233.1,230.4,227.2,228.4,230.3,232.9,235.4,237.5,238.9,237.8,235.9,233.7,231.3,228.9,231.6,232.7,233.7,233.9,233.3,232.2,231.3,231.0,354.6,352.2,351.1,351.9,354.1,356.7,357.6,356.8,355.9,354.6,353.7,353.1,353.4,354.2,355.4,356.3,356.8,357.1,357.1,356.7,355.5,355.9,355.4,354.3,353.3,353.0,353.5,354.5,351.6,349.1,347.7,348.4,350.6,353.2,354.5,354.1,353.5,351.9,350.6,349.8,349.8,350.3,351.3,352.4,353.2,353.7,353.9,354.0,352.4,352.7,352.1,351.0,350.0,349.7,350.3,351.4,-72.4,-70.9,-66.9,-62.6,-60.5,-61.6,-66.0,-70.3,-77.9,-75.4,-71.8,-67.3,-62.7,-59.0,-56.4,-59.1,-63.0,-67.3,-71.4,-75.1,-68.1,-66.2,-64.4,-63.8,-64.7,-66.6,-68.4,-69.0,-19.0,-18.0,-14.2,-9.7,-7.3,-8.3,-12.1,-16.8,-22.6,-20.4,-17.0,-12.5,-8.1,-4.5,-1.9,-4.0,-7.2,-11.1,-15.3,-19.4,-14.7,-12.8,-11.1,-10.7,-11.7,-13.7,-15.4,-15.8,63.4,59.1,57.0,58.4,62.5,67.2,68.9,67.5,66.2,63.6,61.8,60.6,61.0,62.6,65.0,66.5,67.2,67.8,67.9,67.5,65.1,65.7,64.8,62.9,61.1,60.5,61.4,63.3,55.6,51.2,48.9,50.0,54.0,58.4,60.7,59.9,58.9,56.1,53.8,52.4,52.5,53.6,55.5,57.3,58.4,59.1,59.5,59.7,57.1,57.6,56.6,54.6,52.9,52.4,53.4,55.3,955.1,955.4,955.2,954.6,953.9,953.8,953.8,954.5,959.8,956.9,954.3,952.7,952.8,954.0,955.4,954.0,952.8,952.9,954.4,956.9,955.3,955.0,954.9,955.1,955.4,955.6,955.7,955.6,916.0,916.7,917.5,917.8,917.4,916.6,915.9,915.8,917.3,915.9,914.9,914.9,916.6,919.3,922.2,919.2,916.6,914.9,914.8,915.9,917.0,917.1,917.5,917.8,918.0,917.8,917.5,917.2,0.00,0.00,0.46,0.00,0.24,0.00,0.17,0.98,0.82,1.38,0.00,0.00,0.05,0.00,1.72,0.37,0.27,0.00,0.00,1.00,1.00,0.00,0.00,0.00,1.00,1.00,1.00,0.00,0.00,0.00,1.00,1.00,0.00,0.00,0.00
83,0,5.721,0.98,1,0.089038,0.070761,-0.993512,-0.086764,0.087254,-0.992400,0.001,0.079,200.1,201.0,203.2,205.5,206.6,206.0,203.6,201.2,197.3,198.5,200.4,202.8,205.4,207.4,208.9,207.4,205.2,202.8,200.6,198.7,202.5,203.5,204.5,204.8,204.4,203.3,202.4,202.0,229.2,229.8,232.0,234.5,235.9,235.3,233.1,230.4,227.1,228.4,230.3,232.9,235.4,237.5,239.0,237.8,235.9,233.7,231.2,228.9,231.6,232.7,233.7,233.9,233.3,232.2,231.3,231.0,354.1,351.7,350.6,351.4,353.6,356.2,357.2,356.4,355.4,354.1,353.2,352.6,352.9,353.7,355.0,355.9,356.3,356.6,356.6,356.2,355.0,355.4,354.9,353.8,352.8,352.5,353.0,354.0,351.2,348.7,347.3,348.0,350.2,352.8,354.1,353.7,353.1,351.5,350.2,349.4,349.4,350.0,351.0,352.1,352.8,353.3,353.5,353.6,352.0,352.3,351.7,350.6,349.6,349.3,349.9,351.0,-72.6,-71.1,-67.1,-62.8,-60.8,-61.9,-66.3,-70.6,-78.1,-75.7,-72.1,-67.5,-62.9,-59.3,-56.6,-59.4,-63.3,-67.5,-71.7,-75.3,-68.4,-66.5,-64.7,-64.1,-64.9,-66.8,-68.6,-69.2,-18.9,-17.9,-14.1,-9.6,-7.2,-8.3,-12.1,-16.8,-22.6,-20.3,-16.9,-12.5,-8.0,-4.4,-1.8,-3.9,-7.1,-11.0,-15.3,-19.4,-14.7,-12.7,-11.1,-10.6,-11.7,-13.6,-15.3,-15.7,62.1,57.8,55.7,57.1,61.2,65.9,67.6,66.2,64.8,62.3,60.4,59.3,59.7,61.4,63.8,65.3,65.9,66.5,66.6,66.2,63.8,64.4,63.5,61.6,59.8,59.2,60.1,62.0,54.5,50.1,47.8,49.0,52.9,57.3,59.6,58.9,57.9,55.0,52.7,51.3,51.5,52.6,54.5,56.2,57.3,58.1,58.4,58.7,56.0,56.5,55.5,53.6,51.8,51.3,52.3,54.3,948.7,949.1,948.8,948.2,947.5,947.4,947.4,948.0,953.4,950.6,947.9,946.3,946.4,947.5,948.9,947.5,946.4,946.4,948.0,950.6,948.9,948.6,948.5,948.7,949.0,949.2,949.3,949.2,909.9,910.7,911.5,911.8,911.4,910.6,909.8,909.7,911.2,909.9,908.9,908.9,910.5,913.3,916.1,913.2,910.5,908.9,908.7,909.8,911.0,911.1,911.4,911.8,911.9,911.8,911.5,911.1,0.00,0.00,0.72,0.00,0.29,0.00,0.18,1.03,0.86,1.48,0.00,0.00,0.00,0.00,1.76,0.54,0.11,0.00,0.00,1.00,1.00,0.00,0.00,0.00,1.00,1.00,1.00,0.00,0.00,0.00,1.00,1.00,0.00,0.00,0.00
84,0,5.791,0.98,1,0.086631,0.069953,-0.993781,-0.089163,0.086591,-0.992246,-0.001,0.079,199.8,200.6,202.8,205.2,206.2,205.6,203.2,200.8,197.0,198.2,200.0,202.5,205.0,207.1,208.6,207.0,204.8,202.5,200.3,198.3,202.1,203.1,204.1,204.5,204.0,203.0,202.0,201.6,228.9,229.5,231.7,234.3,235.6,235.0,232.8,230.1,226.8,228.1,230.0,232.6,235.2,237.3,238.8,237.6,235.7,233.4,231.0,228.6,231.4,232.5,233.4,233.7,233.1,232.0,231.0,230.8,353.9,351.5,350.4,351.2,353.5,356.1,357.0,356.2,355.3,354.0,353.0,352.5,352.7,353.6,354.9,355.7,356.1,356.4,356.4,356.1,354.9,355.2,354.7,353.7,352.7,352.3,352.8,353.9,351.1,348.5,347.2,347.8,350.1,352.7,354.0,353.6,353.0,351.4,350.1,349.3,349.3,349.9,350.9,352.0,352.7,353.2,353.4,353.5,351.9,352.2,351.6,350.5,349.5,349.2,349.8,350.9,-73.0,-71.5,-67.4,-63.1,-61.2,-62.3,-66.7,-71.0,-78.5,-76.0,-72.4,-67.9,-63.3,-59.6,-57.0,-59.7,-63.7,-67.9,-72.1,-75.7,-68.7,-66.9,-65.1,-64.4,-65.3,-67.2,-69.0,-69.6,-19.3,-18.3,-14.4,-10.0,-7.6,-8.6,-12.5,-17.1,-22.9,-20.7,-17.3,-12.8,-8.4,-4.8,-2.2,-4.3,-7.5,-11.4,-15.7,-19.8,-15.0,-13.1,-11.4,-11.0,-12.0,-14.0,-15.6,-16.1,61.6,57.2,55.2,56.6,60.7,65.4,67.1,65.7,64.3,61.8,59.9,58.8,59.2,60.9,63.3,64.7,65.4,65.9,66.0,65.6,63.3,63.9,63.0,61.1,59.3,58.7,59.6,61.5,54.1,49.6,47.4,48.5,52.5,56.9,59.2,58.4,57.4,54.5,52.2,50.8,51.0,52.1,54.1,55.8,56.9,57.6,58.0,58.2,55.5,56.1,55.1,53.1,51.4,50.9,51.9,53.8,945.0,945.3,945.1,944.4,943.7,943.5,943.6,944.2,949.7,946.8,944.1,942.5,942.6,943.7,945.1,943.7,942.5,942.6,944.2,946.8,945.1,944.8,944.7,944.9,945.2,945.5,945.6,945.4,905.8,906.6,907.3,907.6,907.2,906.4,905.6,905.6,907.0,905.7,904.7,904.7,906.4,909.1,911.9,909.0,906.3,904.7,904.5,905.7,906.8,906.9,907.2,907.6,907.8,907.7,907.3,907.0,0.00,0.00,0.80,0.00,0.30,0.00,0.13,1.17,0.92,1.45,0.00,0.00,0.00,0.00,1.90,0.77,0.04,0.00,0.00,1.00,1.00,0.00,0.00,0.00,1.00,1.00,1.00,0.00,0.00,0.00,0.00,1.00,0.00,0.00,0.00
85,0,5.860,0.98,1,0.087455,0.072357,-0.993537,-0.088223,0.089358,-0.992085,-0.000,0.081,199.5,200.3,202.5,204.9,206.0,205.3,202.9,200.5,196.6,197.8,199.7,202.2,204.7,206.8,208.3,206.7,204.5,202.2,199.9,198.0,201.8,202.8,203.8,204.2,203.7,202.7,201.7,201.3,228.7,229.3,231.5,234.0,235.4,234.8,232.6,229.9,226.6,227.9,229.8,232.4,235.0,237.0,238.5,237.3,235.5,233.2,230.7,228.4,231.1,232.2,233.2,233.5,232.9,231.8,230.8,230.5,353.7,351.3,350.2,351.0,353.3,355.9,356.9,356.0,355.1,353.8,352.8,352.3,352.5,353.4,354.7,355.6,356.0,356.2,356.2,355.9,354.7,355.0,354.6,353.5,352.5,352.1,352.6,353.7,350.9,348.3,347.0,347.7,349.9,352.5,353.9,353.4,352.8,351.2,349.9,349.1,349.1,349.7,350.7,351.8,352.5,353.0,353.2,353.3,351.7,352.0,351.4,350.3,349.3,349.0,349.6,350.7,-73.3,-71.8,-67.8,-63.5,-61.5,-62.6,-67.0,-71.3,-78.8,-76.4,-72.8,-68.2,-63.6,-60.0,-57.3,-60.1,-64.0,-68.3,-72.4,-76.1,-69.1,-67.2,-65.4,-64.8,-65.6,-67.5,-69.3,-69.9,-19.6,-18.6,-14.8,-10.4,-8.0,-9.0,-12.8,-17.5,-23.3,-21.0,-17.7,-13.2,-8.8,-5.1,-2.5,-4.6,-7.9,-11.8,-16.0,-20.1,-15.4,-13.5,-11.8,-11.4,-12.4,-14.3,-16.0,-16.5,61.0,56.6,54.6,56.0,60.1,64.8,66.5,65.1,63.7,61.2,59.3,58.2,58.7,60.3,62.7,64.2,64.9,65.4,65.5,65.0,62.7,63.4,62.5,60.6,58.8,58.1,59.0,60.9,53.6,49.2,46.9,48.1,52.0,56.4,58.7,58.0,57.0,54.1,51.8,50.4,50.6,51.7,53.7,55.4,56.5,57.2,57.5,57.8,55.1,55.6,54.6,52.7,51.0,50.5,51.5,53.4,941.7,942.0,941.8,941.1,940.4,940.2,940.3,941.0,946.4,943.6,940.9,939.3,939.3,940.4,941.8,940.4,939.2,939.3,940.9,943.5,941.8,941.5,941.4,941.6,941.9,942.2,942.3,942.1,903.6,904.5,905.2,905.5,905.1,904.2,903.5,903.4,904.9,903.6,902.6,902.6,904.3,907.0,909.8,906.9,904.2,902.6,902.4,903.5,904.7,904.8,905.1,905.5,905.7,905.5,905.2,904.9,0.00,0.00,0.73,0.00,0.29,0.00,0.08,1.30,1.01,1.49,0.00,0.00,0.00,0.00,1.98,1.02,0.00,0.00,0.00,1.00,1.00,0.00,0.00,0.00,1.00,1.00,1.00,0.00,0.00,0.00,0.00,1.00,1.00,0.00,0.00
86,0,5.930,0.98,1,0.080058,0.063987,-0.994734,-0.095297,0.080577,-0.992182,-0.008,0.073,198.8,199.7,201.9,204.3,205.4,204.7,202.3,199.9,196.0,197.2,199.1,201.5,204.1,206.2,207.7,206.1,203.9,201.5,199.3,197.4,201.2,202.2,203.2,203.6,203.1,202.1,201.1,200.7,228.1,228.7,231.0,233.5,234.9,234.3,232.1,229.4,226.0,227.3,229.3,231.9,234.5,236.6,238.1,236.9,235.0,232.7,230.2,227.8,230.6,231.7,232.7,233.0,232.4,231.2,230.3,230.0,353.4,350.9,349.8,350.6,352.9,355.5,356.5,355.7,354.7,353.4,352.5,351.9,352.1,353.0,354.3,355.2,355.6,355.9,355.9,355.5,354.3,354.7,354.2,353.1,352.1,351.8,352.3,353.3,350.6,348.0,346.6,347.3,349.6,352.2,353.5,353.1,352.5,350.8,349.5,348.7,348.8,349.3,350.4,351.5,352.2,352.7,352.9,353.0,351.4,351.7,351.1,350.0,349.0,348.7,349.3,350.4,-74.1,-72.6,-68.6,-64.3,-62.3,-63.4,-67.8,-72.1,-79.6,-77.2,-73.6,-69.1,-64.4,-60.8,-58.1,-60.9,-64.8,-69.1,-73.2,-76.9,-69.9,-68.0,-66.2,-65.6,-66.4,-68.3,-70.1,-70.7,-20.4,-19.4,-15.6,-11.1,-8.7,-9.8,-13.6,-18.3,-24.1,-21.8,-18.4,-14.0,-9.5,-5.9,-3.3,-5.4,-8.6,-12.5,-16.8,-20.9,-16.2,-14.2,-12.6,-12.1,-13.2,-15.1,-16.8,-17.2,60.1,55.7,53.7,55.1,59.2,63.9,65.6,64.2,62.8,60.3,58.4,57.3,57.7,59.4,61.8,63.3,63.9,64.5,64.6,64.1,61.8,62.4,61.5,59.6,57.9,57.2,58.1,60.0,52.6,48.2,45.9,47.1,51.0,55.4,57.7,56.9,56.0,53.1,50.8,49.4,49.6,50.7,52.7,54.4,55.5,56.2,56.5,56.8,54.1,54.6,53.6,51.7,50.0,49.5,50.5,52.4,937.9,938.2,938.0,937.3,936.5,936.3,936.4,937.1,942.6,939.8,937.1,935.4,935.5,936.5,937.9,936.5,935.4,935.5,937.1,939.7,938.0,937.7,937.5,937.7,938.0,938.4,938.5,938.3,896.4,897.3,898.0,898.2,897.8,897.0,896.2,896.2,897.7,896.4,895.4,895.4,897.0,899.7,902.5,899.5,896.9,895.3,895.1,896.3,897.4,897.5,897.8,898.2,898.4,898.3,898.0,897.6,0.00,0.00,0.61,0.00,0.22,0.00,0.08,1.34,1.04,1.37,0.00,0.00,0.00,0.00,2.06,0.92,0.00,0.00,0.00,0.00,1.00,0.00,0.00,0.00,1.00,1.00,1.00,0.00,0.00,0.00,0.00,1.00,1.00,0.00,0.00
87,0,6.000,0.98,1,0.066536,0.054182,-0.996312,-0.104631,0.069173,-0.992103,-0.019,0.062,198.0,198.8,201.1,203.5,204.5,203.8,201.4,199.0,195.2,196.4,198.3,200.7,203.3,205.4,206.9,205.3,203.0,200.7,198.4,196.5,200.3,201.4,202.4,202.7,202.3,201.3,200.3,199.9,227.3,228.0,230.2,232.8,234.2,233.6,231.3,228.6,225.2,226.5,228.5,231.1,233.7,235.9,237.4,236.1,234.2,231.9,229.4,227.0,229.8,231.0,231.9,232.2,231.6,230.5,229.5,229.2,352.6,350.2,349.1,349.9,352.2,354.9,355.8,354.9,354.0,352.6,351.7,351.1,351.4,352.3,353.7,354.6,355.0,355.2,355.2,354.8,353.6,354.0,353.5,352.4,351.4,351.0,351.5,352.6,350.1,347.5,346.2,346.9,349.2,351.8,353.1,352.6,352.0,350.3,349.0,348.2,348.3,348.9,350.0,351.1,351.8,352.3,352.5,352.5,351.0,351.3,350.7,349.5,348.5,348.2,348.8,349.9,-75.3,-73.7,-69.6,-65.4,-63.4,-64.6,-69.1,-73.3,-80.7,-78.3,-74.7,-70.2,-65.6,-61.9,-59.3,-62.1,-66.0,-70.3,-74.4,-78.0,-71.0,-69.2,-67.4,-66.7,-67.6,-69.4,-71.2,-71.9,-21.6,-20.5,-16.7,-12.3,-9.9,-11.0,-14.8,-19.5,-25.3,-23.0,-19.6,-15.1,-10.7,-7.1,-4.5,-6.6,-9.8,-13.7,-18.0,-22.1,-17.4,-15.4,-13.8,-13.3,-14.3,-16.2,-17.9,-18.4,58.5,54.1,52.1,53.6,57.7,62.3,64.0,62.5,61.2,58.6,56.7,55.6,56.1,57.8,60.3,61.8,62.4,62.9,63.0,62.5,60.2,60.8,60.0,58.1,56.3,55.6,56.5,58.4,51.3,46.9,44.7,45.9,49.8,54.2,56.5,55.6,54.6,51.7,49.4,48.1,48.3,49.5,51.6,53.3,54.3,54.9,55.3,55.5,52.8,53.4,52.4,50.5,48.7,48.2,49.2,51.1,932.9,933.2,932.9,932.1,931.3,931.2,931.3,932.1,937.7,934.8,932.1,930.4,930.4,931.3,932.6,931.3,930.2,930.4,932.0,934.7,932.9,932.6,932.4,932.6,932.9,933.3,933.4,933.3,887.9,888.8,889.5,889.8,889.3,888.4,887.7,887.6,889.1,887.9,886.9,886.9,888.5,891.2,894.0,891.0,888.4,886.8,886.6,887.7,888.9,889.0,889.3,889.7,889.9,889.8,889.5,889.1,0.20,0.20,0.38,0.00,0.12,0.00,0.07,1.30,0.98,1.23,0.00,0.00,0.00,0.00,2.05,0.83,0.00,1.00,0.00,0.00,1.00,0.00,0.00,0.00,1.00,1.00,1.00,0.00,0.00,0.00,0.00,1.00,1.00,0.00,0.00
88,0,6.070,0.98,1,0.053995,0.049541,-0.997311,-0.111620,0.061853,-0.991824,-0.029,0.056,197.5,198.4,200.7,203.0,204.0,203.3,200.8,198.5,194.7,195.9,197.7,200.2,202.8,204.9,206.4,204.8,202.5,200.1,197.9,196.0,199.8,200.9,201.9,202.3,201.8,200.8,199.8,199.4,227.0,227.7,230.0,232.6,234.0,233.3,231.0,228.2,224.8,226.2,228.2,230.9,233.5,235.7,237.2,235.9,234.0,231.7,229.1,226.7,229.5,230.7,231.7,232.0,231.4,230.2,229.2,228.9,352.6,350.2,349.1,350.0,352.3,354.9,355.9,355.0,353.9,352.6,351.6,351.1,351.4,352.4,353.8,354.7,355.1,355.3,355.2,354.8,353.6,354.0,353.5,352.5,351.4,351.1,351.5,352.6,350.5,347.8,346.5,347.3,349.6,352.3,353.6,353.1,352.4,350.7,349.4,348.6,348.7,349.4,350.6,351.7,352.3,352.8,352.9,353.0,351.4,351.7,351.1,350.0,348.9,348.6,349.2,350.3,-75.3,-73.8,-69.6,-65.4,-63.6,-64.8,-69.2,-73.5,-80.7,-78.3,-74.8,-70.3,-65.6,-62.0,-59.4,-62.2,-66.2,-70.5,-74.5,-78.1,-71.1,-69.3,-67.5,-66.8,-67.6,-69.5,-71.3,-72.0,-21.8,-20.7,-16.8,-12.4,-10.1,-11.2,-15.1,-19.7,-25.5,-23.2,-19.8,-15.3,-10.9,-7.3,-4.7,-6.9,-10.1,-14.0,-18.3,-22.4,-17.6,-15.7,-14.0,-13.5,-14.5,-16.4,-18.1,-18.6,57.8,53.5,51.5,53.0,57.1,61.8,63.4,61.9,60.4,57.8,55.9,54.9,55.5,57.3,59.9,61.3,61.9,62.4,62.4,61.8,59.6,60.2,59.4,57.5,55.7,55.0,55.9,57.8,51.1,46.7,44.5,45.8,49.8,54.2,56.3,55.5,54.4,51.5,49.2,47.9,48.2,49.5,51.6,53.3,54.3,54.9,55.2,55.3,52.7,53.2,52.3,50.4,48.6,48.1,49.0,50.9,922.5,922.8,922.4,921.5,920.7,920.6,920.8,921.7,927.4,924.5,921.7,919.9,919.8,920.7,921.9,920.7,919.7,920.0,921.7,924.4,922.4,922.1,921.9,922.0,922.4,922.7,922.9,922.8,873.5,874.4,875.1,875.4,875.0,874.1,873.3,873.3,874.7,873.5,872.5,872.5,874.2,876.9,879.7,876.8,874.1,872.4,872.2,873.4,874.5,874.6,875.0,875.4,875.6,875.4,875.1,874.7,0.46,0.48,0.27,0.00,0.04,0.00,0.03,1.27,0.93,1.10,0.00,0.01,0.00,0.00,1.93,0.70,0.00,1.00,0.00,0.00,1.00,0.00,0.00,0.00,1.00,1.00,1.00,0.00,0.00,0.00,0.00,1.00,1.00,0.00,0.00
89,0,6.140,0.98,1,0.059930,0.056302,-0.996614,-0.105207,0.066394,-0.992231,-0.023,0.062,197.9,198.8,201.1,203.5,204.5,203.7,201.2,198.9,195.1,196.3,198.1,200.6,203.3,205.4,206.9,205.2,202.9,200.5,198.3,196.4,200.2,201.3,202.3,202.7,202.2,201.2,200.2,199.8,227.6,228.3,230.6,233.2,234.6,233.9,231.6,228.8,225.4,226.7,228.8,231.5,234.1,236.3,237.8,236.5,234.6,232.2,229.7,227.2,230.1,231.2,232.3,232.6,232.0,230.8,229.8,229.5,353.1,350.7,349.6,350.5,352.9,355.5,356.4,355.5,354.4,353.1,352.1,351.6,352.0,353.0,354.4,355.3,355.7,355.9,355.8,355.3,354.2,354.6,354.1,353.0,352.0,351.6,352.1,353.1,351.2,348.5,347.2,348.0,350.4,353.0,354.3,353.8,353.1,351.4,350.1,349.3,349.5,350.1,351.3,352.4,353.1,353.5,353.7,353.7,352.1,352.4,351.9,350.7,349.7,349.3,349.9,351.0,-74.3,-72.6,-68.5,-64.3,-62.5,-63.8,-68.2,-72.4,-79.6,-77.2,-73.7,-69.2,-64.5,-60.9,-58.3,-61.2,-65.1,-69.4,-73.5,-77.0,-70.1,-68.2,-66.4,-65.7,-66.5,-68.3,-70.2,-70.9,-20.7,-19.6,-15.7,-11.4,-9.1,-10.2,-14.1,-18.7,-24.5,-22.2,-18.8,-14.3,-9.8,-6.3,-3.8,-5.9,-9.1,-13.0,-17.3,-21.4,-16.6,-14.7,-13.0,-12.5,-13.5,-15.4,-17.1,-17.6,58.4,54.1,52.1,53.7,57.8,62.5,64.1,62.5,60.9,58.4,56.6,55.5,56.2,58.0,60.6,62.0,62.6,63.0,63.0,62.4,60.2,60.9,60.0,58.2,56.3,55.7,56.5,58.4,52.1,47.7,45.6,46.9,50.9,55.3,57.4,56.5,55.4,52.5,50.2,49.0,49.3,50.6,52.7,54.4,55.4,56.0,56.2,56.3,53.7,54.3,53.3,51.4,49.7,49.1,50.1,52.0,917.6,917.8,917.4,916.6,915.8,915.8,916.0,916.8,922.5,919.6,916.7,914.9,914.9,915.8,917.1,915.8,914.8,915.1,916.8,919.5,917.6,917.2,917.0,917.1,917.5,917.8,918.0,917.9,870.6,871.4,872.2,872.5,872.1,871.3,870.5,870.4,871.8,870.5,869.6,869.6,871.3,874.1,876.9,874.0,871.3,869.6,869.4,870.5,871.7,871.8,872.1,872.5,872.7,872.6,872.2,871.8,0.61,0.55,0.28,0.00,0.00,0.00,0.00,1.26,0.90,1.07,0.00,0.07,0.00,0.00,1.79,0.66,0.00,1.00,0.00,0.00,1.00,0.00,0.00,0.00,1.00,1.00,1.00,0.00,0.00,0.00,1.00,1.00,0.00,0.00,0.00
90,0,6.209,0.98,1,0.072632,0.057635,-0.995692,-0.094684,0.066992,-0.993251,-0.011,0.063,198.7,199.6,202.0,204.4,205.4,204.6,202.1,199.7,195.8,197.1,199.0,201.5,204.2,206.2,207.8,206.1,203.8,201.4,199.1,197.2,201.1,202.1,203.1,203.6,203.1,202.1,201.1,200.6,228.4,229.1,231.4,234.0,235.4,234.7,232.4,229.6,226.2,227.6,229.6,232.3,234.9,237.1,238.5,237.3,235.4,233.1,230.5,228.0,230.9,232.0,233.1,233.4,232.8,231.6,230.6,230.3,353.4,350.9,349.9,350.8,353.2,355.8,356.7,355.8,354.7,353.3,352.4,351.9,352.3,353.3,354.7,355.6,355.9,356.2,356.0,355.6,354.5,354.9,354.4,353.3,352.3,351.9,352.3,353.4,351.6,348.9,347.6,348.4,350.8,353.4,354.7,354.2,353.5,351.8,350.5,349.7,349.9,350.5,351.7,352.8,353.5,353.9,354.1,354.1,352.5,352.8,352.3,351.1,350.1,349.7,350.3,351.4,-72.4,-70.8,-66.7,-62.5,-60.6,-62.0,-66.4,-70.6,-77.9,-75.4,-71.8,-67.3,-62.7,-59.1,-56.5,-59.4,-63.3,-67.6,-71.7,-75.3,-68.3,-66.4,-64.6,-63.9,-64.7,-66.5,-68.3,-69.1,-19.4,-18.3,-14.4,-10.0,-7.8,-8.9,-12.8,-17.4,-23.2,-20.8,-17.4,-12.9,-8.5,-4.9,-2.5,-4.5,-7.7,-11.6,-15.9,-20.0,-15.2,-13.3,-11.6,-11.1,-12.1,-14.0,-15.7,-16.2,58.6,54.3,52.4,54.0,58.1,62.7,64.3,62.7,61.1,58.6,56.8,55.8,56.5,58.3,60.9,62.3,62.9,63.2,63.2,62.6,60.4,61.1,60.3,58.4,56.6,55.9,56.7,58.6,52.9,48.5,46.3,47.6,51.7,56.0,58.2,57.2,56.1,53.2,51.0,49.7,50.1,51.3,53.5,55.2,56.1,56.7,57.0,57.0,54.5,55.1,54.1,52.2,50.4,49.9,50.8,52.7,913.5,913.8,913.4,912.6,911.9,911.8,912.0,912.8,918.4,915.5,912.7,910.9,910.9,911.9,913.2,911.9,910.9,911.1,912.7,915.4,913.5,913.2,913.0,913.1,913.5,913.8,914.0,913.9,871.9,872.8,873.6,874.0,873.6,872.7,871.9,871.7,873.1,871.9,871.0,871.1,872.8,875.6,878.4,875.4,872.7,871.0,870.8,871.8,873.0,873.2,873.6,873.9,874.1,874.0,873.6,873.2,0.41,0.35,0.44,0.09,0.02,0.00,0.00,1.20,0.91,1.11,0.00,0.07,0.02,0.00,1.64,0.66,0.00,1.00,0.00,0.00,1.00,0.00,0.00,0.00,1.00,1.00,1.00,0.00,0.00,0.00,1.00,1.00,0.00,0.00,0.00
91,0,6.279,0.98,1,0.083689,0.056250,-0.994903,-0.085469,0.064613,-0.994244,-0.001,0.061,199.3,200.2,202.6,205.0,206.0,205.2,202.7,200.3,196.4,197.7,199.6,202.1,204.8,206.9,208.4,206.7,204.4,202.0,199.7,197.8,201.7,202.7,203.8,204.2,203.7,202.7,201.7,201.2,229.1,229.8,232.1,234.7,236.1,235.4,233.1,230.3,226.9,228.3,230.3,233.0,235.6,237.8,239.2,238.0,236.1,233.8,231.2,228.8,231.6,232.8,233.8,234.1,233.5,232.3,231.3,231.0,353.5,351.0,349.9,350.9,353.3,355.9,356.8,355.9,354.7,353.4,352.5,352.0,352.4,353.4,354.8,355.7,356.0,356.2,356.1,355.7,354.5,355.0,354.5,353.4,352.4,351.9,352.4,353.5,351.7,349.1,347.7,348.5,350.9,353.5,354.8,354.3,353.6,351.9,350.6,349.8,350.0,350.7,351.8,352.9,353.6,354.0,354.2,354.2,352.6,352.9,352.4,351.2,350.2,349.8,350.4,351.6,-71.2,-69.6,-65.4,-61.2,-59.4,-60.7,-65.2,-69.4,-76.7,-74.2,-70.6,-66.1,-61.4,-57.8,-55.3,-58.1,-62.1,-66.3,-70.4,-74.0,-67.0,-65.2,-63.4,-62.6,-63.4,-65.3,-67.1,-67.8,-18.2,-17.1,-13.2,-8.9,-6.6,-7.7,-11.6,-16.2,-22.0,-19.7,-16.2,-11.7,-7.3,-3.8,-1.3,-3.4,-6.6,-10.5,-14.7,-18.9,-14.1,-12.2,-10.5,-10.0,-11.0,-12.9,-14.6,-15.1,58.5,54.3,52.3,53.9,58.1,62.7,64.3,62.7,61.1,58.6,56.8,55.8,56.5,58.3,60.9,62.3,62.8,63.2,63.1,62.5,60.4,61.1,60.3,58.4,56.6,55.9,56.7,58.6,53.2,48.8,46.7,48.0,52.0,56.3,58.5,57.5,56.4,53.5,51.3,50.0,50.4,51.7,53.8,55.5,56.4,57.0,57.2,57.3,54.8,55.4,54.4,52.5,50.8,50.2,51.1,53.0,910.9,911.2,910.9,910.2,909.4,909.3,909.4,910.1,915.7,912.8,910.1,908.4,908.4,909.4,910.7,909.4,908.3,908.5,910.1,912.8,910.9,910.6,910.5,910.6,911.0,911.3,911.4,911.3,873.9,874.7,875.6,876.0,875.6,874.7,873.8,873.7,875.0,873.8,872.9,873.0,874.8,877.6,880.4,877.4,874.6,872.9,872.7,873.7,875.0,875.1,875.5,875.9,876.1,875.9,875.5,875.1,0.15,0.07,0.56,0.09,0.05,0.00,0.06,1.14,0.83,1.14,0.00,0.05,0.02,0.00,1.53,0.67,0.00,0.00,0.00,0.00,1.00,0.00,0.00,0.00,1.00,1.00,1.00,0.00,0.00,0.00,1.00,1.00,0.00,0.00,0.00
92,0,6.349,0.98,1,0.085997,0.056651,-0.994684,-0.085425,0.065272,-0.994204,0.000,0.061,199.6,200.6,202.9,205.3,206.3,205.6,203.0,200.6,196.7,198.0,199.9,202.5,205.1,207.2,208.7,207.1,204.8,202.3,200.0,198.1,202.0,203.1,204.1,204.5,204.1,203.0,202.0,201.6,229.6,230.2,232.6,235.2,236.5,235.8,233.5,230.7,227.3,228.7,230.7,233.4,236.1,238.2,239.7,238.4,236.5,234.2,231.6,229.2,232.0,233.2,234.2,234.5,233.9,232.8,231.8,231.5,353.6,351.1,350.0,351.0,353.4,356.0,356.9,356.0,354.8,353.5,352.6,352.1,352.5,353.5,354.9,355.8,356.1,356.3,356.2,355.8,354.6,355.1,354.6,353.5,352.5,352.0,352.5,353.6,351.8,349.2,347.9,348.7,351.1,353.7,355.0,354.4,353.7,352.0,350.7,350.0,350.2,350.8,352.0,353.1,353.8,354.2,354.3,354.3,352.8,353.1,352.5,351.4,350.3,350.0,350.6,351.7,-70.6,-68.9,-64.8,-60.5,-58.7,-60.1,-64.5,-68.7,-76.1,-73.6,-69.9,-65.4,-60.8,-57.2,-54.7,-57.5,-61.4,-65.7,-69.8,-73.4,-66.4,-64.5,-62.7,-62.0,-62.8,-64.7,-66.5,-67.2,-17.5,-16.4,-12.5,-8.1,-5.9,-7.0,-10.9,-15.5,-21.3,-18.9,-15.5,-11.0,-6.6,-3.0,-0.6,-2.7,-5.9,-9.8,-14.0,-18.1,-13.4,-11.5,-9.8,-9.2,-10.2,-12.1,-13.9,-14.4,58.7,54.4,52.5,54.1,58.3,62.9,64.4,62.8,61.2,58.7,56.9,56.0,56.6,58.4,61.0,62.4,62.9,63.3,63.2,62.7,60.6,61.3,60.4,58.6,56.7,56.0,56.9,58.7,53.3,49.0,46.8,48.2,52.2,56.5,58.7,57.7,56.6,53.7,51.5,50.2,50.6,51.9,54.0,55.7,56.6,57.2,57.4,57.5,55.0,55.6,54.6,52.7,51.0,50.4,51.3,53.2,910.4,910.7,910.5,909.7,909.0,908.9,908.9,909.7,915.1,912.3,909.6,907.9,908.0,909.0,910.4,909.0,907.9,908.0,909.6,912.2,910.5,910.2,910.1,910.2,910.5,910.8,911.0,910.8,873.1,874.0,874.9,875.2,874.8,873.9,873.1,872.9,874.3,873.0,872.2,872.3,874.0,876.8,879.7,876.6,873.9,872.2,871.9,873.0,874.2,874.4,874.8,875.1,875.3,875.2,874.8,874.4,0.05,0.08,0.65,0.24,0.08,0.00,0.17,1.09,0.78,1.21,0.00,0.00,0.06,0.00,1.49,0.72,0.00,0.00,0.00,0.00,1.00,0.00,0.00,0.00,1.00,1.00,1.00,0.00,0.00,0.00,1.00,1.00,0.00,0.00,0.00
93,0,6.419,0.98,1,0.088509,0.057793,-0.994397,-0.083020,0.065862,-0.994369,0.003,0.062,200.4,201.3,203.7,206.1,207.1,206.3,203.8,201.4,197.4,198.7,200.7,203.2,205.9,208.0,209.5,207.8,205.5,203.1,200.8,198.8,202.8,203.8,204.8,205.3,204.8,203.8,202.7,202.3,230.2,230.9,233.3,235.9,237.2,236.5,234.2,231.4,228.0,229.4,231.4,234.1,236.8,238.9,240.3,239.1,237.2,234.9,232.3,229.9,232.7,233.9,234.9,235.2,234.6,233.5,232.4,232.1,353.8,351.3,350.2,351.2,353.6,356.3,357.1,356.2,355.0,353.7,352.8,352.3,352.7,353.7,355.2,356.0,356.3,356.5,356.4,356.0,354.8,355.3,354.8,353.7,352.7,352.2,352.7,353.8,352.2,349.5,348.2,349.0,351.4,354.1,355.3,354.8,354.0,352.4,351.1,350.3,350.5,351.2,352.4,353.5,354.1,354.5,354.7,354.6,353.1,353.4,352.9,351.7,350.7,350.3,350.9,352.0,-69.2,-67.5,-63.4,-59.1,-57.4,-58.7,-63.2,-67.4,-74.7,-72.2,-68.6,-64.0,-59.4,-55.8,-53.3,-56.1,-60.1,-64.3,-68.4,-72.1,-65.0,-63.2,-61.4,-60.6,-61.4,-63.3,-65.1,-65.8,-16.4,-15.2,-11.3,-7.0,-4.7,-5.9,-9.8,-14.4,-20.2,-17.8,-14.3,-9.8,-5.4,-1.9,0.6,-1.5,-4.7,-8.6,-12.9,-17.0,-12.2,-10.3,-8.6,-8.1,-9.1,-11.0,-12.7,-13.2,58.9,54.7,52.8,54.4,58.6,63.2,64.7,63.1,61.5,58.9,57.2,56.2,56.9,58.8,61.4,62.8,63.3,63.6,63.5,62.9,60.8,61.5,60.7,58.9,57.0,56.3,57.1,59.0,53.9,49.6,47.5,48.8,52.8,57.2,59.3,58.3,57.1,54.3,52.1,50.8,51.2,52.5,54.7,56.4,57.3,57.8,58.0,58.1,55.6,56.2,55.2,53.3,51.6,51.0,51.9,53.8,909.3,909.6,909.3,908.6,907.9,907.8,907.8,908.5,914.0,911.1,908.4,906.8,906.9,907.9,909.3,907.9,906.8,906.9,908.5,911.1,909.4,909.1,908.9,909.1,909.4,909.7,909.8,909.7,873.5,874.4,875.3,875.7,875.3,874.4,873.5,873.4,874.7,873.5,872.6,872.7,874.5,877.3,880.2,877.1,874.4,872.7,872.4,873.4,874.7,874.8,875.2,875.6,875.8,875.6,875.2,874.8,0.06,0.08,0.73,0.17,0.12,0.00,0.22,1.10,0.73,1.30,0.00,0.00,0.11,0.00,1.55,0.80,0.00,0.00,0.00,0.00,1.00,0.00,0.00,0.00,1.00,1.00,1.00,0.00,0.00,0.00,1.00,1.00,0.00,0.00,0.00
94,0,6.488,0.98,1,0.093611,0.058647,-0.993880,-0.078203,0.065612,-0.994776,0.008,0.062,201.6,202.6,205.0,207.4,208.4,207.6,205.0,202.6,198.6,200.0,202.0,204.5,207.2,209.3,210.7,209.1,206.8,204.3,202.0,200.0,204.0,205.1,206.1,206.5,206.1,205.1,204.0,203.6,231.6,232.3,234.6,237.2,238.5,237.8,235.5,232.7,229.3,230.7,232.8,235.5,238.1,240.2,241.6,240.4,238.5,236.2,233.6,231.2,234.0,235.2,236.2,236.5,235.9,234.8,233.8,233.5,353.8,351.4,350.3,351.3,353.8,356.4,357.3,356.3,355.1,353.8,352.9,352.4,352.8,353.9,355.3,356.2,356.5,356.6,356.5,356.0,355.0,355.4,354.9,353.9,352.8,352.4,352.8,353.9,352.5,349.9,348.6,349.4,351.8,354.5,355.7,355.1,354.4,352.7,351.4,350.7,350.9,351.6,352.8,353.9,354.5,354.9,355.0,355.0,353.5,353.8,353.3,352.1,351.1,350.7,351.3,352.4,-66.8,-65.0,-60.9,-56.7,-54.9,-56.3,-60.8,-65.0,-72.3,-69.8,-66.1,-61.5,-56.9,-53.4,-50.9,-53.7,-57.7,-61.9,-66.1,-69.7,-62.6,-60.8,-58.9,-58.2,-59.0,-60.8,-62.6,-63.4,-14.2,-13.0,-9.1,-4.7,-2.5,-3.7,-7.6,-12.2,-18.0,-15.6,-12.1,-7.6,-3.2,0.3,2.7,0.6,-2.6,-6.4,-10.7,-14.8,-10.0,-8.1,-6.4,-5.9,-6.9,-8.8,-10.5,-11.0,58.9,54.6,52.8,54.4,58.6,63.2,64.7,63.1,61.3,58.8,57.1,56.2,57.0,58.8,61.5,62.8,63.3,63.5,63.4,62.8,60.8,61.5,60.7,58.9,57.0,56.3,57.1,59.0,54.6,50.2,48.2,49.5,53.6,57.9,60.0,59.0,57.8,54.9,52.7,51.5,52.0,53.3,55.5,57.1,58.0,58.6,58.7,58.7,56.3,56.9,56.0,54.1,52.3,51.7,52.6,54.5,905.9,906.2,906.0,905.3,904.6,904.4,904.5,905.2,910.6,907.8,905.1,903.5,903.6,904.6,906.0,904.6,903.4,903.6,905.1,907.7,906.0,905.7,905.6,905.8,906.1,906.4,906.5,906.3,874.4,875.3,876.2,876.6,876.2,875.3,874.4,874.2,875.5,874.3,873.5,873.6,875.4,878.2,881.1,878.1,875.3,873.6,873.3,874.3,875.6,875.7,876.1,876.5,876.7,876.5,876.1,875.7,0.09,0.08,0.82,0.17,0.14,0.00,0.19,1.16,0.77,1.44,0.00,0.05,0.14,0.00,1.54,0.98,0.00,0.00,0.00,0.00,1.00,0.00,0.00,0.00,1.00,1.00,1.00,0.00,0.00,0.00,1.00,1.00,0.00,0.00,0.00
95,0,6.558,0.98,1,0.103442,0.064286,-0.992556,-0.068477,0.069410,-0.995235,0.018,0.067,203.6,204.7,207.1,209.5,210.5,209.6,207.0,204.6,200.6,202.0,204.0,206.6,209.3,211.3,212.8,211.1,208.8,206.3,204.0,202.0,206.0,207.1,208.1,208.6,208.2,207.1,206.1,205.6,233.7,234.5,236.8,239.4,240.7,239.9,237.6,234.8,231.4,232.9,235.0,237.7,240.3,242.3,243.7,242.5,240.6,238.3,235.7,233.3,236.2,237.3,238.3,238.6,238.1,237.0,235.9,235.6,353.9,351.4,350.4,351.4,353.9,356.5,357.3,356.3,355.1,353.8,352.9,352.5,352.9,354.0,355.5,356.3,356.6,356.7,356.5,356.0,355.0,355.5,355.0,353.9,352.9,352.4,352.9,353.9,352.9,350.3,349.1,349.9,352.4,355.0,356.2,355.6,354.8,353.1,351.9,351.2,351.5,352.2,353.4,354.4,355.1,355.4,355.5,355.4,353.9,354.3,353.8,352.6,351.6,351.2,351.7,352.9,-63.0,-61.2,-57.0,-52.8,-51.1,-52.6,-57.1,-61.2,-68.6,-66.0,-62.3,-57.7,-53.1,-49.6,-47.1,-50.0,-53.9,-58.2,-62.3,-65.9,-58.8,-57.0,-55.2,-54.4,-55.2,-57.0,-58.8,-59.6,-10.5,-9.3,-5.4,-1.0,1.1,-0.1,-4.1,-8.7,-14.4,-12.0,-8.5,-3.9,0.5,3.9,6.3,4.2,1.0,-2.9,-7.2,-11.3,-6.4,-4.6,-2.8,-2.3,-3.2,-5.1,-6.8,-7.4,58.7,54.4,52.6,54.4,58.6,63.2,64.6,62.9,61.0,58.6,56.9,56.1,56.9,58.8,61.5,62.8,63.2,63.4,63.2,62.5,60.7,61.4,60.6,58.8,56.9,56.2,57.0,58.8,55.3,51.0,49.0,50.4,54.5,58.8,60.8,59.8,58.4,55.7,53.5,52.4,52.9,54.3,56.5,58.1,58.9,59.4,59.5,59.5,57.1,57.7,56.8,54.9,53.1,52.5,53.4,55.3,902.0,902.3,902.2,901.5,900.8,900.6,900.6,901.2,906.6,903.8,901.1,899.6,899.7,900.9,902.3,900.8,899.6,899.7,901.2,903.7,902.1,901.9,901.8,901.9,902.3,902.5,902.6,902.4,874.6,875.5,876.5,876.9,876.6,875.7,874.8,874.5,875.7,874.5,873.7,873.9,875.8,878.6,881.6,878.5,875.7,873.9,873.6,874.5,875.9,876.1,876.5,876.9,877.0,876.8,876.4,876.0,0.04,0.00,0.80,0.03,0.13,0.00,0.11,1.23,0.78,1.44,0.00,0.06,0.09,0.00,1.58,1.23,0.00,0.00,0.00,0.00,1.00,0.00,0.00,0.00,1.00,1.00,1.00,0.00,0.00,0.00,1.00,1.00,1.00,0.00,0.00
96,0,6.628,0.98,1,0.114521,0.063729,-0.991375,-0.058620,0.065896,-0.996103,0.028,0.065,206.2,207.3,209.7,212.1,213.0,212.1,209.5,207.1,203.0,204.5,206.6,209.2,211.9,213.9,215.3,213.6,211.3,208.8,206.5,204.4,208.5,209.6,210.7,211.1,210.7,209.7,208.6,208.1,236.2,237.0,239.4,241.9,243.2,242.4,240.0,237.3,233.9,235.4,237.5,240.2,242.8,244.8,246.2,245.0,243.1,240.8,238.2,235.8,238.7,239.8,240.8,241.1,240.6,239.5,238.5,238.1,353.6,351.2,350.2,351.3,353.8,356.4,357.2,356.1,354.8,353.5,352.7,352.3,352.8,353.9,355.5,356.2,356.5,356.5,356.3,355.8,354.9,355.3,354.9,353.8,352.7,352.3,352.7,353.8,353.3,350.7,349.5,350.4,352.9,355.5,356.7,356.0,355.1,353.5,352.3,351.6,351.9,352.7,353.9,355.0,355.6,355.9,355.9,355.8,354.3,354.7,354.2,353.1,352.0,351.6,352.1,353.3,-58.1,-56.2,-52.0,-47.8,-46.2,-47.8,-52.3,-56.5,-63.8,-61.1,-57.4,-52.8,-48.2,-44.7,-42.3,-45.2,-49.1,-53.4,-57.5,-61.2,-54.0,-52.2,-50.3,-49.5,-50.2,-52.1,-53.9,-54.7,-6.3,-5.0,-1.0,3.3,5.3,4.0,0.1,-4.5,-10.2,-7.7,-4.2,0.3,4.7,8.1,10.4,8.3,5.2,1.3,-3.0,-7.1,-2.3,-0.4,1.4,1.9,1.0,-0.9,-2.6,-3.2,57.7,53.6,51.9,53.7,57.9,62.5,63.8,62.0,60.0,57.6,56.0,55.3,56.2,58.2,60.9,62.1,62.4,62.6,62.3,61.5,59.8,60.6,59.9,58.1,56.2,55.4,56.2,58.0,55.8,51.5,49.5,51.0,55.1,59.4,61.4,60.2,58.8,56.1,54.0,52.9,53.5,55.0,57.3,58.8,59.6,60.0,60.0,59.9,57.6,58.3,57.4,55.5,53.7,53.1,53.9,55.8,894.0,894.4,894.3,893.7,893.0,892.8,892.7,893.3,898.5,895.7,893.2,891.7,891.9,893.0,894.5,893.0,891.7,891.7,893.2,895.7,894.2,893.9,893.9,894.1,894.4,894.6,894.7,894.5,872.0,872.9,873.9,874.4,874.2,873.2,872.2,871.9,873.1,871.9,871.1,871.4,873.3,876.2,879.2,876.1,873.2,871.4,871.0,871.9,873.3,873.5,874.0,874.4,874.5,874.3,873.8,873.4,0.07,0.01,0.77,0.00,0.10,0.00,0.08,1.26,0.76,1.37,0.00,0.10,0.03,0.00,1.51,1.34,0.00,0.00,0.00,0.00,1.00,0.00,0.00,0.00,1.00,1.00,1.00,0.00,0.00,0.00,1.00,1.00,1.00,0.00,0.00
97,0,6.698,0.98,1,0.129235,0.067080,-0.989342,-0.044246,0.066449,-0.996808,0.043,0.067,208.8,209.9,212.4,214.8,215.7,214.7,212.1,209.7,205.6,207.1,209.2,211.9,214.6,216.6,218.0,216.3,213.9,211.4,209.1,207.0,211.2,212.2,213.3,213.8,213.4,212.4,211.3,210.8,238.9,239.7,242.1,244.6,245.8,245.0,242.6,239.9,236.5,238.0,240.2,242.9,245.5,247.4,248.7,247.5,245.7,243.4,240.8,238.4,241.3,242.4,243.4,243.8,243.2,242.1,241.1,240.7,353.2,350.7,349.8,350.9,353.5,356.1,356.8,355.7,354.3,353.0,352.2,351.9,352.5,353.6,355.2,355.9,356.1,356.1,355.9,355.3,354.5,355.0,354.5,353.5,352.4,351.9,352.3,353.4,353.4,350.8,349.6,350.6,353.1,355.6,356.8,356.1,355.1,353.6,352.4,351.8,352.1,352.9,354.2,355.2,355.7,356.0,356.0,355.8,354.5,354.9,354.4,353.2,352.2,351.7,352.3,353.4,-53.4,-51.4,-47.2,-43.1,-41.5,-43.1,-47.7,-51.8,-59.2,-56.4,-52.6,-48.0,-43.4,-40.0,-37.7,-40.5,-44.5,-48.7,-52.9,-56.5,-49.3,-47.5,-45.7,-44.8,-45.5,-47.3,-49.2,-50.0,-1.8,-0.5,3.5,7.7,9.8,8.4,4.4,-0.1,-5.9,-3.3,0.3,4.8,9.2,12.5,14.8,12.7,9.5,5.7,1.4,-2.7,2.1,4.0,5.7,6.4,5.5,3.6,1.9,1.3,56.8,52.6,51.0,52.9,57.2,61.7,62.9,61.0,59.0,56.6,55.1,54.5,55.4,57.5,60.2,61.4,61.6,61.6,61.3,60.5,59.0,59.8,59.1,57.3,55.4,54.6,55.3,57.1,56.1,51.8,49.9,51.5,55.7,60.0,61.8,60.6,59.1,56.4,54.4,53.4,54.1,55.6,57.9,59.4,60.2,60.5,60.4,60.2,58.0,58.7,57.9,56.0,54.2,53.5,54.3,56.2,890.8,891.3,891.3,890.8,890.1,889.8,889.6,890.1,895.2,892.5,890.0,888.6,888.9,890.1,891.6,890.1,888.7,888.6,890.0,892.4,891.1,890.9,890.9,891.1,891.4,891.6,891.6,891.4,875.3,876.2,877.3,877.9,877.6,876.7,875.6,875.2,876.3,875.2,874.5,874.8,876.8,879.7,882.8,879.6,876.7,874.8,874.3,875.1,876.6,876.9,877.4,877.8,877.9,877.6,877.2,876.8,0.09,0.08,0.57,0.00,0.05,0.00,0.04,1.20,0.72,1.22,0.00,0.15,0.00,0.00,1.60,1.36,0.00,0.00,0.00,0.00,1.00,0.00,0.00,0.00,1.00,1.00,1.00,0.00,0.00,0.00,1.00,1.00,1.00,0.00,0.00
98,0,6.767,0.98,1,0.142731,0.066398,-0.987532,-0.029763,0.064427,-0.997478,0.057,0.066,211.2,212.4,214.9,217.3,218.2,217.2,214.5,212.1,207.9,209.4,211.6,214.3,217.0,219.1,220.4,218.7,216.4,213.9,211.4,209.4,213.6,214.6,215.7,216.2,215.9,214.8,213.7,213.2,241.3,242.2,244.5,247.1,248.2,247.4,245.0,242.3,238.9,240.5,242.6,245.4,247.9,249.8,251.1,249.9,248.1,245.8,243.3,240.8,243.7,244.8,245.8,246.2,245.7,244.6,243.5,243.2,352.9,350.5,349.6,350.7,353.3,356.0,356.7,355.5,354.0,352.8,352.0,351.7,352.3,353.5,355.1,355.8,355.9,355.9,355.6,355.1,354.3,354.8,354.4,353.3,352.2,351.7,352.1,353.1,353.5,350.9,349.7,350.7,353.2,355.8,356.9,356.2,355.2,353.6,352.5,351.9,352.3,353.1,354.4,355.4,355.9,356.1,356.1,355.9,354.6,355.0,354.5,353.4,352.3,351.9,352.4,353.5,-48.8,-46.9,-42.6,-38.5,-37.0,-38.6,-43.2,-47.3,-54.7,-51.9,-48.0,-43.4,-38.9,-35.5,-33.2,-36.0,-39.9,-44.2,-48.4,-52.0,-44.8,-43.0,-41.2,-40.3,-41.0,-42.8,-44.6,-45.5,2.3,3.7,7.6,11.9,13.8,12.4,8.5,3.9,-1.8,0.8,4.4,9.0,13.3,16.6,18.8,16.7,13.6,9.7,5.5,1.3,6.2,8.1,9.8,10.4,9.5,7.7,6.0,5.3,55.9,51.7,50.2,52.1,56.4,60.9,62.1,60.1,58.0,55.7,54.2,53.6,54.6,56.7,59.5,60.6,60.7,60.7,60.4,59.6,58.1,58.9,58.3,56.5,54.6,53.7,54.4,56.2,56.0,51.8,49.9,51.6,55.8,60.0,61.8,60.6,59.0,56.3,54.3,53.4,54.1,55.7,58.0,59.5,60.2,60.5,60.4,60.1,58.0,58.7,57.9,56.0,54.2,53.5,54.3,56.2,883.0,883.5,883.6,883.1,882.4,882.1,881.8,882.3,887.3,884.7,882.2,880.9,881.3,882.5,884.0,882.4,881.0,880.8,882.1,884.6,883.3,883.1,883.2,883.4,883.7,883.9,883.9,883.7,872.2,873.2,874.3,874.9,874.7,873.8,872.6,872.1,873.1,872.0,871.4,871.8,873.9,876.9,879.9,876.8,873.8,871.8,871.3,872.0,873.6,873.9,874.4,874.8,874.9,874.6,874.1,873.7,0.16,0.11,0.48,0.00,0.03,0.00,0.02,1.14,0.71,1.13,0.03,0.33,0.00,0.00,1.72,1.36,0.03,0.00,0.00,0.00,1.00,0.00,0.00,0.00,1.00,1.00,1.00,0.00,0.00,0.00,1.00,1.00,1.00,0.00,0.00
99,0,6.837,0.98,1,0.147693,0.061908,-0.987094,-0.023674,0.059074,-0.997973,0.062,0.061,212.9,214.1,216.7,219.1,219.9,218.9,216.2,213.8,209.6,211.2,213.4,216.1,218.8,220.8,222.2,220.5,218.1,215.6,213.2,211.1,215.3,216.4,217.5,218.0,217.6,216.6,215.5,214.9,243.1,244.0,246.4,248.9,250.0,249.2,246.8,244.1,240.7,242.3,244.4,247.2,249.7,251.6,252.9,251.7,249.8,247.6,245.0,242.6,245.5,246.6,247.6,248.0,247.5,246.4,245.3,245.0,352.7,350.2,349.3,350.5,353.1,355.7,356.4,355.3,353.8,352.5,351.7,351.4,352.0,353.2,354.8,355.5,355.7,355.7,355.4,354.8,354.0,354.5,354.1,353.0,351.9,351.4,351.8,352.9,353.3,350.8,349.7,350.6,353.1,355.7,356.8,356.1,355.1,353.5,352.4,351.8,352.2,353.0,354.3,355.3,355.8,356.1,356.0,355.8,354.5,354.9,354.4,353.3,352.2,351.8,352.3,353.4,-45.7,-43.7,-39.5,-35.4,-33.9,-35.6,-40.1,-44.2,-51.6,-48.8,-44.9,-40.3,-35.8,-32.4,-30.1,-33.0,-36.9,-41.1,-45.3,-48.9,-41.7,-39.9,-38.1,-37.2,-37.9,-39.6,-41.5,-42.4,5.3,6.7,10.7,14.9,16.9,15.4,11.4,6.9,1.2,3.8,7.4,12.0,16.3,19.6,21.7,19.7,16.5,12.7,8.5,4.3,9.2,11.0,12.8,13.4,12.6,10.7,9.0,8.3,55.2,51.1,49.6,51.5,55.8,60.3,61.5,59.5,57.3,55.0,53.6,53.0,54.0,56.1,58.9,60.0,60.1,60.1,59.7,58.9,57.5,58.3,57.7,55.8,54.0,53.1,53.8,55.6,55.9,51.6,49.8,51.5,55.7,60.0,61.7,60.4,58.8,56.1,54.2,53.3,54.1,55.6,58.0,59.5,60.2,60.4,60.3,60.0,57.9,58.6,57.8,56.0,54.1,53.4,54.2,56.0,880.0,880.5,880.6,880.2,879.5,879.1,878.8,879.3,884.3,881.6,879.2,877.9,878.3,879.6,881.1,879.5,878.0,877.8,879.1,881.5,880.3,880.1,880.2,880.4,880.7,880.9,880.9,880.6,872.9,873.8,875.0,875.7,875.5,874.5,873.3,872.8,873.7,872.7,872.1,872.5,874.6,877.7,880.7,877.5,874.6,872.6,872.0,872.7,874.3,874.6,875.1,875.5,875.6,875.3,874.8,874.4,0.16,0.22,0.25,0.00,0.00,0.00,0.00,1.06,0.69,1.03,0.03,0.42,0.00,0.00,1.84,1.35,0.04,0.00,0.00,0.00,1.00,0.00,0.00,0.00,1.00,1.00,1.00,0.00,0.00,0.00,1.00,1.00,1.00,0.00,0.00
100,0,6.907,0.98,1,0.149708,0.063907,-0.986663,-0.021418,0.060866,-0.997916,0.065,0.063,214.1,215.3,217.8,220.2,221.1,220.1,217.4,215.0,210.8,212.3,214.6,217.3,220.0,222.0,223.3,221.6,219.3,216.8,214.3,212.2,216.5,217.5,218.6,219.1,218.8,217.7,216.6,216.1,244.3,245.1,247.5,250.0,251.1,250.3,247.9,245.2,241.8,243.4,245.6,248.3,250.8,252.7,253.9,252.8,250.9,248.7,246.2,243.7,246.6,247.7,248.7,249.1,248.6,247.5,246.4,246.1,352.4,349.9,349.0,350.2,352.8,355.4,356.1,355.0,353.5,352.2,351.5,351.2,351.8,353.0,354.6,355.3,355.4,355.4,355.1,354.5,353.7,354.2,353.8,352.8,351.6,351.1,351.5,352.6,353.1,350.5,349.4,350.4,352.9,355.5,356.6,355.8,354.8,353.3,352.1,351.6,351.9,352.8,354.1,355.1,355.6,355.8,355.8,355.6,354.2,354.6,354.2,353.0,352.0,351.5,352.0,353.1,-43.8,-41.8,-37.5,-33.5,-32.0,-33.7,-38.2,-42.3,-49.7,-46.9,-43.0,-38.4,-33.9,-30.5,-28.2,-31.1,-35.0,-39.2,-43.4,-47.0,-39.8,-38.0,-36.2,-35.3,-36.0,-37.7,-39.6,-40.5,7.2,8.6,12.6,16.8,18.7,17.3,13.3,8.8,3.1,5.7,9.3,13.9,18.2,21.5,23.6,21.5,18.4,14.6,10.3,6.2,11.1,12.9,14.7,15.3,14.5,12.6,10.9,10.2,54.8,50.7,49.2,51.1,55.4,59.9,61.1,59.1,56.9,54.6,53.2,52.6,53.6,55.8,58.5,59.6,59.7,59.7,59.3,58.5,57.1,57.9,57.3,55.5,53.6,52.7,53.4,55.2,55.6,51.4,49.6,51.3,55.5,59.7,61.5,60.2,58.5,55.9,53.9,53.0,53.8,55.4,57.8,59.3,59.9,60.2,60.0,59.7,57.6,58.3,57.6,55.7,53.9,53.1,53.9,55.8,881.0,881.6,881.7,881.3,880.6,880.2,879.9,880.4,885.3,882.7,880.3,879.0,879.4,880.7,882.2,880.6,879.1,878.9,880.2,882.6,881.4,881.2,881.3,881.5,881.8,882.0,882.0,881.7,875.2,876.2,877.4,878.1,877.9,876.9,875.7,875.2,876.1,875.0,874.4,874.9,877.0,880.1,883.1,879.9,876.9,874.9,874.3,875.0,876.7,877.0,877.5,877.9,878.0,877.7,877.2,876.7,0.23,0.35,0.15,0.00,0.00,0.00,0.00,1.00,0.65,1.00,0.03,0.49,0.00,0.00,1.93,1.44,0.04,0.00,0.00,0.00,1.00,0.00,0.00,0.00,1.00,0.00,1.00,0.00,0.00,0.00,1.00,1.00,1.00,0.00,0.00
101,0,6.977,0.98,1,0.148574,0.061102,-0.987012,-0.021799,0.057415,-0.998112,0.064,0.060,215.0,216.1,218.7,221.1,221.9,220.9,218.2,215.8,211.6,213.2,215.4,218.1,220.8,222.8,224.2,222.5,220.1,217.6,215.2,213.1,217.3,218.4,219.5,220.0,219.6,218.6,217.5,216.9,244.9,245.8,248.2,250.6,251.8,250.9,248.6,245.9,242.5,244.1,246.2,249.0,251.5,253.4,254.6,253.4,251.6,249.4,246.8,244.4,247.3,248.4,249.4,249.8,249.2,248.2,247.1,246.8,352.2,349.8,348.9,350.0,352.6,355.2,355.9,354.8,353.3,352.0,351.3,351.0,351.6,352.8,354.4,355.1,355.2,355.2,354.9,354.3,353.5,354.0,353.6,352.6,351.5,350.9,351.3,352.4,353.0,350.4,349.3,350.3,352.8,355.3,356.4,355.7,354.6,353.1,352.0,351.5,351.8,352.7,354.0,354.9,355.5,355.7,355.6,355.4,354.1,354.5,354.0,352.9,351.8,351.4,351.9,353.0,-42.5,-40.6,-36.3,-32.2,-30.7,-32.4,-36.9,-41.0,-48.4,-45.6,-41.7,-37.1,-32.6,-29.2,-26.9,-29.8,-33.7,-38.0,-42.1,-45.8,-38.6,-36.8,-34.9,-34.0,-34.7,-36.5,-38.3,-39.2,8.3,9.8,13.8,18.0,19.9,18.5,14.5,10.0,4.3,6.9,10.5,15.1,19.4,22.7,24.8,22.7,19.6,15.8,11.5,7.4,12.3,14.1,15.9,16.5,15.6,13.8,12.1,11.4,54.7,50.6,49.1,51.0,55.3,59.8,61.0,59.0,56.8,54.5,53.1,52.5,53.6,55.7,58.5,59.5,59.7,59.6,59.2,58.4,57.0,57.8,57.2,55.4,53.5,52.6,53.3,55.1,55.6,51.3,49.5,51.2,55.4,59.7,61.5,60.1,58.5,55.8,53.9,53.0,53.8,55.4,57.8,59.2,59.9,60.1,60.0,59.7,57.6,58.3,57.5,55.7,53.8,53.1,53.9,55.7,884.9,885.5,885.6,885.2,884.4,884.1,883.8,884.2,889.1,886.5,884.1,882.9,883.3,884.6,886.1,884.4,883.0,882.8,884.0,886.4,885.3,885.1,885.1,885.4,885.7,885.9,885.8,885.6,878.2,879.2,880.4,881.1,880.9,879.9,878.7,878.1,879.0,878.0,877.4,877.9,880.0,883.1,886.1,882.9,879.9,877.9,877.3,878.0,879.6,879.9,880.5,880.9,881.0,880.7,880.2,879.7,0.22,0.47,0.05,0.00,0.00,0.00,0.00,0.91,0.59,0.87,0.00,0.37,0.00,0.00,1.95,1.33,0.02,0.00,0.00,0.00,1.00,0.00,0.00,0.00,1.00,0.00,1.00,0.00,0.00,0.00,1.00,1.00,1.00,0.00,0.00
102,0,7.047,0.98,1,0.146370,0.056250,-0.987629,-0.022882,0.052513,-0.998358,0.062,0.055,215.4,216.6,219.1,221.5,222.4,221.4,218.7,216.3,212.1,213.7,215.9,218.6,221.3,223.3,224.6,222.9,220.6,218.1,215.7,213.6,217.8,218.8,219.9,220.5,220.1,219.0,217.9,217.4,245.5,246.3,248.7,251.1,252.3,251.4,249.1,246.4,243.0,244.6,246.8,249.5,252.0,253.9,255.1,253.9,252.1,249.9,247.3,244.9,247.8,248.9,249.9,250.3,249.8,248.7,247.6,247.3,351.7,349.3,348.4,349.5,352.1,354.8,355.4,354.3,352.8,351.5,350.8,350.5,351.1,352.3,353.9,354.6,354.7,354.7,354.4,353.8,353.0,353.5,353.1,352.1,351.0,350.5,350.8,351.9,352.5,349.9,348.8,349.8,352.3,354.8,355.9,355.2,354.2,352.6,351.5,351.0,351.3,352.2,353.5,354.5,355.0,355.2,355.1,354.9,353.6,354.0,353.6,352.4,351.3,350.9,351.4,352.5,-41.7,-39.7,-35.4,-31.3,-29.8,-31.5,-36.1,-40.2,-47.6,-44.8,-40.9,-36.2,-31.7,-28.4,-26.1,-28.9,-32.8,-37.1,-41.3,-44.9,-37.7,-35.9,-34.0,-33.2,-33.8,-35.6,-37.5,-38.4,9.2,10.6,14.6,18.8,20.8,19.3,15.3,10.8,5.1,7.7,11.4,15.9,20.2,23.5,25.6,23.5,20.4,16.6,12.3,8.2,13.1,14.9,16.7,17.3,16.5,14.6,12.9,12.2,53.8,49.7,48.2,50.1,54.4,58.9,60.0,58.1,55.9,53.6,52.1,51.6,52.6,54.7,57.5,58.6,58.7,58.7,58.3,57.5,56.1,56.9,56.2,54.4,52.6,51.7,52.4,54.2,54.6,50.4,48.6,50.3,54.5,58.8,60.5,59.2,57.5,54.9,52.9,52.1,52.9,54.5,56.9,58.3,59.0,59.2,59.0,58.7,56.6,57.4,56.6,54.8,52.9,52.2,53.0,54.8,883.4,884.0,884.1,883.7,882.9,882.6,882.3,882.7,887.7,885.1,882.7,881.4,881.8,883.1,884.6,882.9,881.5,881.3,882.5,884.9,883.8,883.6,883.6,883.9,884.2,884.4,884.3,884.1,876.4,877.4,878.6,879.3,879.1,878.1,876.9,876.3,877.2,876.2,875.6,876.1,878.2,881.3,884.4,881.2,878.2,876.1,875.5,876.2,877.9,878.2,878.7,879.1,879.2,878.9,878.4,878.0,0.27,0.44,0.04,0.00,0.00,0.00,0.00,0.89,0.55,0.86,0.00,0.40,0.00,0.00,1.99,1.32,0.00,0.00,0.00,0.00,1.00,0.00,0.00,0.00,1.00,0.00,1.00,0.00,0.00,0.00,1.00,1.00,1.00,0.00,0.00
103,0,7.116,0.98,1,0.150740,0.049112,-0.987353,-0.019383,0.045481,-0.998777,0.066,0.048,215.8,217.0,219.5,221.9,222.8,221.8,219.1,216.7,212.5,214.1,216.3,219.0,221.7,223.7,225.1,223.3,221.0,218.5,216.1,214.0,218.2,219.2,220.4,220.9,220.5,219.4,218.3,217.8,245.9,246.7,249.1,251.5,252.7,251.8,249.5,246.8,243.4,245.0,247.2,249.9,252.4,254.2,255.5,254.3,252.5,250.3,247.7,245.3,248.2,249.2,250.3,250.6,250.1,249.1,248.0,247.7,351.1,348.7,347.8,349.0,351.5,354.2,354.8,353.7,352.2,351.0,350.2,349.9,350.5,351.7,353.3,354.0,354.1,354.1,353.8,353.2,352.4,353.0,352.6,351.5,350.4,349.9,350.3,351.3,351.9,349.4,348.3,349.3,351.7,354.3,355.4,354.6,353.6,352.1,350.9,350.4,350.8,351.6,353.0,353.9,354.4,354.6,354.5,354.3,353.0,353.5,353.0,351.9,350.8,350.4,350.8,351.9,-41.0,-39.0,-34.7,-30.6,-29.2,-30.8,-35.4,-39.5,-46.9,-44.1,-40.2,-35.6,-31.0,-27.7,-25.4,-28.2,-32.1,-36.4,-40.6,-44.2,-37.0,-35.2,-33.4,-32.5,-33.1,-34.9,-36.8,-37.7,9.9,11.3,15.3,19.5,21.5,20.0,16.0,11.5,5.8,8.4,12.1,16.6,20.9,24.2,26.3,24.3,21.1,17.3,13.0,8.9,13.8,15.6,17.4,18.0,17.2,15.3,13.6,13.0,52.8,48.7,47.2,49.2,53.4,57.9,59.1,57.1,55.0,52.7,51.2,50.6,51.6,53.8,56.6,57.6,57.7,57.7,57.3,56.5,55.1,55.9,55.3,53.5,51.6,50.7,51.4,53.2,53.8,49.6,47.9,49.6,53.8,58.0,59.7,58.4,56.8,54.1,52.1,51.3,52.1,53.7,56.2,57.6,58.2,58.4,58.2,58.0,55.9,56.6,55.8,54.0,52.2,51.4,52.2,54.0,883.9,884.5,884.7,884.2,883.5,883.1,882.7,883.2,888.1,885.5,883.2,881.9,882.3,883.6,885.1,883.4,882.0,881.7,883.0,885.4,884.3,884.1,884.1,884.4,884.7,884.9,884.9,884.6,879.3,880.3,881.5,882.2,882.0,880.9,879.7,879.2,880.1,879.1,878.5,879.0,881.1,884.2,887.2,884.0,881.0,879.0,878.3,879.0,880.7,881.0,881.6,882.0,882.1,881.8,881.3,880.8,0.22,0.39,0.04,0.00,0.00,0.00,0.00,0.94,0.56,0.79,0.00,0.28,0.00,0.00,2.00,1.34,0.03,0.00,0.00,0.00,1.00,0.00,0.00,0.00,1.00,0.00,1.00,0.00,0.00,0.00,1.00,1.00,1.00,0.00,0.00
104,0,7.186,0.98,1,0.154898,0.041865,-0.987043,-0.013765,0.039267,-0.999134,0.071,0.041,216.2,217.3,219.8,222.2,223.1,222.1,219.5,217.1,212.8,214.4,216.6,219.3,222.0,224.0,225.4,223.7,221.4,218.8,216.4,214.3,218.5,219.6,220.7,221.2,220.8,219.7,218.6,218.1,246.1,246.9,249.3,251.7,252.9,252.0,249.7,247.1,243.7,245.2,247.4,250.1,252.6,254.4,255.6,254.5,252.7,250.5,248.0,245.5,248.4,249.5,250.5,250.9,250.4,249.3,248.3,247.9,350.5,348.1,347.2,348.3,350.9,353.5,354.2,353.1,351.7,350.4,349.6,349.3,349.8,351.0,352.6,353.3,353.4,353.5,353.2,352.7,351.8,352.3,351.9,350.9,349.8,349.3,349.7,350.7,351.1,348.6,347.5,348.5,351.0,353.5,354.6,353.8,352.8,351.3,350.1,349.6,350.0,350.9,352.2,353.1,353.6,353.8,353.8,353.6,352.3,352.7,352.2,351.1,350.0,349.6,350.1,351.2,-40.6,-38.6,-34.4,-30.3,-28.7,-30.4,-34.9,-39.0,-46.5,-43.7,-39.8,-35.2,-30.6,-27.2,-25.0,-27.8,-31.7,-35.9,-40.1,-43.8,-36.6,-34.8,-32.9,-32.1,-32.7,-34.5,-36.4,-37.3,10.3,11.7,15.7,19.9,21.9,20.4,16.5,11.9,6.2,8.9,12.5,17.1,21.3,24.6,26.7,24.7,21.6,17.8,13.5,9.4,14.2,16.1,17.8,18.5,17.6,15.8,14.0,13.4,52.0,47.9,46.3,48.2,52.5,57.0,58.2,56.3,54.2,51.8,50.3,49.7,50.7,52.8,55.6,56.7,56.8,56.8,56.5,55.7,54.2,55.1,54.4,52.6,50.7,49.9,50.5,52.3,52.8,48.5,46.8,48.4,52.6,56.8,58.6,57.3,55.7,53.0,51.0,50.2,51.0,52.6,55.0,56.5,57.1,57.3,57.1,56.9,54.8,55.5,54.7,52.9,51.0,50.3,51.1,52.9,886.7,887.3,887.5,887.1,886.3,885.9,885.5,885.9,890.8,888.3,885.9,884.7,885.2,886.4,887.9,886.2,884.7,884.5,885.7,888.1,887.0,886.9,886.9,887.2,887.5,887.7,887.7,887.4,882.6,883.7,885.0,885.6,885.4,884.3,883.1,882.5,883.4,882.4,881.9,882.4,884.5,887.6,890.6,887.4,884.4,882.3,881.7,882.3,884.1,884.4,884.9,885.4,885.5,885.2,884.7,884.2,0.18,0.41,0.00,0.00,0.00,0.00,0.00,0.94,0.57,0.79,0.00,0.21,0.00,0.00,2.03,1.37,0.03,0.00,0.00,0.00,1.00,0.00,0.00,0.00,1.00,0.00,1.00,0.00,0.00,0.00,1.00,1.00,1.00,0.00,0.00
105,0,7.256,0.98,1,0.155071,0.034107,-0.987314,-0.013885,0.032457,-0.999377,0.071,0.033,216.0,217.1,219.6,222.0,222.9,222.0,219.3,216.9,212.7,214.2,216.4,219.1,221.8,223.8,225.2,223.5,221.2,218.7,216.3,214.2,218.4,219.4,220.5,221.0,220.6,219.5,218.5,218.0,246.0,246.8,249.1,251.6,252.8,251.9,249.6,247.0,243.6,245.1,247.3,250.0,252.5,254.3,255.5,254.4,252.6,250.4,247.9,245.4,248.3,249.4,250.4,250.7,250.2,249.2,248.1,247.8,350.0,347.6,346.6,347.7,350.3,352.9,353.6,352.5,351.2,349.9,349.1,348.7,349.3,350.4,352.0,352.7,352.8,352.9,352.7,352.1,351.3,351.8,351.4,350.3,349.2,348.7,349.1,350.2,350.4,347.8,346.7,347.7,350.1,352.7,353.8,353.0,352.1,350.5,349.4,348.8,349.2,350.1,351.4,352.3,352.8,353.0,352.9,352.8,351.5,351.9,351.4,350.3,349.2,348.8,349.3,350.4,-41.0,-39.1,-34.8,-30.7,-29.1,-30.7,-35.2,-39.4,-46.9,-44.1,-40.2,-35.6,-31.0,-27.6,-25.3,-28.1,-32.0,-36.3,-40.4,-44.1,-36.9,-35.1,-33.3,-32.4,-33.1,-34.9,-36.8,-37.6,10.2,11.6,15.5,19.8,21.7,20.3,16.3,11.8,6.1,8.7,12.3,16.9,21.2,24.5,26.6,24.6,21.5,17.6,13.4,9.2,14.1,15.9,17.7,18.3,17.4,15.6,13.9,13.2,51.2,47.1,45.5,47.3,51.6,56.1,57.3,55.4,53.5,51.1,49.5,48.9,49.8,51.9,54.7,55.8,55.9,56.0,55.7,54.9,53.4,54.2,53.5,51.7,49.8,49.0,49.7,51.5,51.5,47.3,45.5,47.2,51.4,55.6,57.4,56.1,54.5,51.8,49.8,48.9,49.7,51.3,53.7,55.2,55.8,56.0,55.9,55.6,53.5,54.3,53.5,51.6,49.8,49.1,49.9,51.7,888.7,889.4,889.6,889.2,888.4,887.9,887.5,887.9,892.9,890.3,888.0,886.8,887.2,888.5,890.0,888.3,886.8,886.5,887.8,890.1,889.1,888.9,889.0,889.3,889.6,889.8,889.7,889.4,884.4,885.5,886.7,887.4,887.1,886.0,884.8,884.3,885.2,884.2,883.7,884.2,886.3,889.3,892.4,889.1,886.1,884.0,883.4,884.1,885.8,886.1,886.7,887.1,887.3,887.0,886.4,886.0,0.17,0.41,0.07,0.00,0.00,0.00,0.04,0.86,0.62,0.72,0.00,0.18,0.00,0.00,2.09,1.22,0.35,0.00,0.00,0.00,1.00,0.00,0.00,0.00,1.00,0.00,1.00,0.00,0.00,0.00,1.00,1.00,1.00,0.00,0.00
106,0,7.326,0.98,1,0.157710,0.031001,-0.986999,-0.017860,0.034064,-0.999260,0.070,0.033,215.5,216.6,219.0,221.4,222.3,221.4,218.9,216.5,212.3,213.8,215.9,218.5,221.2,223.1,224.5,222.9,220.7,218.2,215.9,213.8,217.9,218.9,220.0,220.4,220.0,218.9,217.9,217.4,244.9,245.7,248.0,250.4,251.6,250.8,248.5,245.9,242.6,244.1,246.2,248.8,251.3,253.1,254.4,253.2,251.4,249.2,246.8,244.4,247.2,248.3,249.3,249.6,249.1,248.0,247.0,246.7,351.0,348.6,347.6,348.7,351.1,353.7,354.5,353.5,352.2,351.0,350.2,349.8,350.2,351.3,352.7,353.5,353.7,353.8,353.6,353.1,352.2,352.7,352.3,351.2,350.1,349.7,350.1,351.2,350.8,348.4,347.3,348.2,350.6,353.1,354.2,353.5,352.5,351.0,349.9,349.4,349.7,350.5,351.7,352.6,353.2,353.4,353.4,353.2,351.9,352.3,351.8,350.7,349.7,349.3,349.8,350.9,-42.8,-41.1,-36.8,-32.6,-31.0,-32.5,-36.9,-41.1,-48.8,-46.0,-42.1,-37.5,-32.9,-29.5,-27.1,-29.9,-33.7,-38.0,-42.2,-46.0,-38.8,-36.9,-35.1,-34.3,-35.1,-36.9,-38.7,-39.5,8.5,9.9,13.9,18.1,20.2,18.7,14.7,10.2,4.5,7.1,10.7,15.3,19.6,22.9,25.1,23.0,19.9,16.0,11.8,7.6,12.5,14.4,16.1,16.7,15.8,14.0,12.2,11.6,54.3,50.1,48.4,50.2,54.5,59.0,60.3,58.6,56.6,54.3,52.7,52.0,52.8,54.8,57.4,58.5,58.8,59.0,58.7,58.1,56.4,57.2,56.5,54.6,52.8,52.0,52.7,54.6,53.6,49.3,47.4,49.1,53.3,57.5,59.4,58.1,56.5,53.9,51.9,51.0,51.7,53.2,55.5,57.0,57.7,57.9,57.9,57.6,55.5,56.2,55.4,53.5,51.7,51.0,51.8,53.7,911.2,911.9,912.1,911.8,911.1,910.7,910.3,910.6,915.4,912.8,910.5,909.4,909.9,911.3,912.9,911.1,909.6,909.2,910.4,912.7,911.7,911.6,911.7,912.0,912.3,912.4,912.3,912.0,904.3,905.3,906.4,907.1,906.8,905.8,904.7,904.2,905.2,904.1,903.5,903.9,906.0,909.0,912.0,908.9,905.9,903.9,903.3,904.1,905.7,906.0,906.5,906.9,907.0,906.7,906.2,905.8,0.15,0.30,0.17,0.00,0.00,0.00,0.14,0.73,0.59,0.74,0.00,0.14,0.00,0.00,2.13,0.95,0.72,0.00,0.00,0.00,1.00,0.00,0.00,0.00,1.00,1.00,1.00,0.00,0.00,0.00,1.00,1.00,1.00,0.00,1.00
107,0,7.395,0.98,1,0.146695,0.029203,-0.988751,-0.027875,0.033513,-0.999049,0.060,0.032,214.0,215.0,217.4,219.8,220.8,219.9,217.4,215.0,210.8,212.3,214.4,217.0,219.6,221.6,223.0,221.4,219.2,216.7,214.4,212.3,216.4,217.4,218.4,218.9,218.4,217.4,216.4,215.9,243.4,244.2,246.5,248.9,250.1,249.3,247.0,244.4,241.1,242.6,244.7,247.3,249.8,251.6,252.9,251.7,249.9,247.7,245.3,242.9,245.7,246.8,247.8,248.1,247.6,246.5,245.6,245.2,351.1,348.7,347.7,348.7,351.1,353.7,354.5,353.5,352.3,351.1,350.3,349.9,350.3,351.3,352.6,353.4,353.6,353.8,353.6,353.2,352.2,352.7,352.2,351.2,350.1,349.7,350.1,351.2,350.6,348.1,347.0,347.9,350.3,352.7,353.9,353.2,352.2,350.8,349.7,349.2,349.5,350.2,351.3,352.3,352.8,353.0,353.0,352.9,351.6,352.0,351.5,350.4,349.4,349.0,349.5,350.6,-46.0,-44.3,-40.1,-35.9,-34.1,-35.6,-40.0,-44.2,-51.9,-49.2,-45.3,-40.7,-36.1,-32.7,-30.3,-33.0,-36.9,-41.1,-45.3,-49.1,-41.9,-40.1,-38.2,-37.5,-38.2,-40.1,-41.9,-42.7,6.0,7.4,11.4,15.6,17.7,16.3,12.3,7.7,2.0,4.6,8.2,12.7,17.1,20.5,22.7,20.6,17.4,13.5,9.2,5.1,10.0,11.9,13.6,14.2,13.4,11.5,9.7,9.1,55.2,50.9,49.2,50.9,55.1,59.7,61.1,59.4,57.5,55.2,53.6,52.8,53.6,55.4,57.9,59.2,59.5,59.7,59.5,58.9,57.2,57.9,57.2,55.3,53.5,52.7,53.5,55.3,53.5,49.2,47.3,48.9,53.1,57.4,59.3,58.0,56.4,53.8,51.9,51.0,51.6,53.1,55.3,56.8,57.5,57.8,57.7,57.5,55.4,56.1,55.3,53.4,51.6,50.9,51.7,53.6,923.3,923.9,924.1,923.8,923.1,922.8,922.4,922.7,927.5,924.9,922.6,921.4,921.9,923.3,924.8,923.2,921.6,921.3,922.5,924.8,923.8,923.7,923.7,924.0,924.3,924.4,924.3,924.1,911.3,912.2,913.3,913.9,913.6,912.7,911.6,911.2,912.2,911.1,910.4,910.8,912.7,915.7,918.7,915.6,912.7,910.8,910.3,911.1,912.6,912.9,913.3,913.7,913.9,913.6,913.1,912.7,0.13,0.12,0.31,0.00,0.00,0.00,0.18,0.63,0.57,0.74,0.05,0.12,0.01,0.00,1.96,0.73,1.09,0.00,0.00,0.00,1.00,0.00,0.00,0.00,1.00,1.00,1.00,0.00,0.00,0.00,1.00,1.00,0.00,0.00,1.00
108,0,7.465,0.98,1,0.134344,0.022459,-0.990680,-0.039181,0.028046,-0.998838,0.048,0.025,212.2,213.1,215.5,217.9,218.9,218.1,215.5,213.2,209.0,210.5,212.5,215.1,217.7,219.7,221.1,219.5,217.3,214.9,212.6,210.5,214.5,215.6,216.6,217.0,216.6,215.5,214.5,214.1,241.6,242.3,244.6,247.1,248.3,247.5,245.2,242.6,239.3,240.7,242.8,245.4,247.9,249.8,251.1,250.0,248.2,245.9,243.5,241.1,243.9,245.0,246.0,246.3,245.8,244.7,243.7,243.4,351.0,348.5,347.5,348.5,350.9,353.5,354.3,353.3,352.2,350.9,350.1,349.6,350.0,351.0,352.4,353.2,353.4,353.6,353.5,353.1,352.1,352.5,352.0,351.0,349.9,349.5,350.0,351.0,350.1,347.6,346.5,347.3,349.7,352.2,353.4,352.7,351.8,350.3,349.2,348.6,348.9,349.6,350.8,351.7,352.3,352.5,352.5,352.4,351.1,351.5,351.0,349.9,348.9,348.5,349.0,350.1,-49.3,-47.6,-43.4,-39.2,-37.4,-38.8,-43.3,-47.5,-55.1,-52.4,-48.6,-44.0,-39.4,-35.9,-33.5,-36.2,-40.1,-44.4,-48.6,-52.3,-45.2,-43.3,-41.5,-40.8,-41.5,-43.4,-45.2,-46.0,2.7,4.1,8.0,12.3,14.4,13.0,9.1,4.5,-1.2,1.3,4.9,9.4,13.8,17.2,19.5,17.4,14.2,10.3,6.0,1.9,6.8,8.6,10.4,11.0,10.1,8.2,6.4,5.9,54.9,50.6,48.8,50.5,54.7,59.3,60.7,59.0,57.3,54.9,53.3,52.4,53.1,55.0,57.5,58.7,59.1,59.4,59.3,58.7,56.8,57.6,56.8,54.9,53.1,52.4,53.1,55.0,52.3,48.0,46.1,47.6,51.8,56.1,58.0,56.8,55.3,52.7,50.6,49.7,50.3,51.7,53.9,55.4,56.2,56.5,56.5,56.4,54.2,54.9,54.0,52.1,50.3,49.6,50.5,52.4,922.8,923.4,923.6,923.1,922.4,922.1,921.7,922.1,927.1,924.5,922.1,920.8,921.3,922.6,924.1,922.4,920.9,920.7,922.0,924.3,923.2,923.1,923.1,923.4,923.7,923.9,923.8,923.5,905.3,906.2,907.3,907.8,907.5,906.5,905.5,905.1,906.2,905.1,904.4,904.7,906.7,909.6,912.6,909.4,906.5,904.7,904.2,905.0,906.6,906.8,907.2,907.7,907.8,907.6,907.1,906.7,0.06,0.03,0.38,0.00,0.00,0.00,0.17,0.63,0.54,0.67,0.10,0.00,0.01,0.00,1.69,0.58,0.94,0.00,0.00,0.00,1.00,0.00,0.00,0.00,1.00,1.00,1.00,0.00,0.00,0.00,1.00,1.00,0.00,0.00,1.00
109,0,7.535,0.98,1,0.123231,0.025664,-0.992046,-0.049972,0.031866,-0.998242,0.037,0.029,210.4,211.4,213.7,216.1,217.1,216.3,213.8,211.4,207.3,208.7,210.7,213.3,215.9,217.9,219.4,217.8,215.5,213.1,210.8,208.8,212.7,213.8,214.8,215.2,214.8,213.8,212.7,212.3,239.9,240.6,242.9,245.4,246.6,245.9,243.6,241.0,237.7,239.1,241.1,243.8,246.3,248.2,249.6,248.4,246.6,244.3,241.8,239.5,242.3,243.3,244.3,244.7,244.1,243.0,242.0,241.7,350.7,348.3,347.2,348.2,350.6,353.2,354.0,353.1,352.0,350.7,349.8,349.3,349.7,350.7,352.1,352.9,353.2,353.3,353.2,352.8,351.8,352.2,351.8,350.7,349.7,349.2,349.7,350.8,349.6,347.1,345.9,346.8,349.1,351.6,352.8,352.2,351.3,349.8,348.6,348.0,348.3,349.0,350.2,351.2,351.7,352.0,352.0,352.0,350.6,351.0,350.5,349.4,348.3,348.0,348.5,349.6,-52.4,-50.7,-46.5,-42.3,-40.5,-41.9,-46.4,-50.6,-58.1,-55.5,-51.7,-47.1,-42.5,-39.0,-36.6,-39.3,-43.2,-47.5,-51.7,-55.4,-48.2,-46.4,-44.6,-43.8,-44.6,-46.5,-48.3,-49.0,-0.2,1.1,5.1,9.4,11.5,10.2,6.3,1.7,-4.1,-1.6,2.0,6.5,10.9,14.3,16.7,14.6,11.4,7.5,3.2,-0.9,3.9,5.8,7.5,8.1,7.2,5.3,3.5,3.0,54.3,50.1,48.2,49.9,54.1,58.7,60.1,58.5,56.8,54.4,52.7,51.8,52.5,54.3,56.9,58.2,58.6,58.9,58.8,58.2,56.3,57.0,56.2,54.3,52.5,51.8,52.6,54.4,51.2,46.9,45.0,46.4,50.5,54.8,56.8,55.7,54.3,51.6,49.5,48.4,49.0,50.4,52.6,54.2,55.0,55.3,55.4,55.3,53.0,53.7,52.8,51.0,49.2,48.5,49.4,51.3,921.5,922.1,922.2,921.7,920.9,920.6,920.3,920.8,925.9,923.2,920.8,919.4,919.8,921.0,922.5,920.9,919.5,919.3,920.6,923.1,921.8,921.6,921.6,921.9,922.2,922.4,922.4,922.2,901.5,902.5,903.6,904.0,903.7,902.7,901.7,901.4,902.5,901.4,900.7,901.0,902.9,905.8,908.7,905.6,902.7,900.8,900.4,901.3,902.8,903.0,903.4,903.9,904.0,903.8,903.4,902.9,0.00,0.00,0.37,0.00,0.00,0.00,0.06,0.68,0.60,0.67,0.10,0.00,0.01,0.00,1.56,0.52,0.67,0.00,0.00,0.00,1.00,0.00,0.00,0.00,1.00,1.00,1.00,0.00,0.00,0.00,1.00,1.00,0.00,0.00,1.00
110,0,7.605,0.98,1,0.111236,0.029415,-0.993359,-0.060299,0.037377,-0.997480,0.026,0.034,208.8,209.7,212.1,214.4,215.5,214.7,212.2,209.8,205.8,207.1,209.1,211.7,214.3,216.3,217.7,216.1,213.9,211.5,209.2,207.2,211.1,212.2,213.2,213.6,213.2,212.1,211.1,210.7,238.2,238.9,241.2,243.7,245.0,244.3,242.0,239.3,236.0,237.4,239.4,242.0,244.6,246.6,247.9,246.8,244.9,242.7,240.2,237.8,240.6,241.7,242.7,243.0,242.4,241.3,240.3,240.0,351.3,348.9,347.8,348.7,351.1,353.7,354.6,353.6,352.6,351.3,350.4,349.9,350.2,351.2,352.6,353.4,353.7,353.9,353.8,353.4,352.4,352.8,352.3,351.2,350.2,349.8,350.3,351.3,349.8,347.2,346.0,346.8,349.2,351.7,352.9,352.3,351.5,350.0,348.8,348.1,348.3,349.0,350.2,351.2,351.8,352.1,352.2,352.2,350.7,351.1,350.6,349.5,348.4,348.1,348.6,349.7,-55.4,-53.8,-49.6,-45.4,-43.5,-44.9,-49.3,-53.6,-61.1,-58.5,-54.8,-50.2,-45.6,-42.0,-39.5,-42.3,-46.2,-50.5,-54.6,-58.3,-51.2,-49.4,-47.6,-46.9,-47.7,-49.5,-51.3,-52.1,-3.1,-1.9,2.1,6.4,8.6,7.4,3.4,-1.2,-6.9,-4.5,-1.0,3.5,7.9,11.4,13.8,11.7,8.5,4.6,0.3,-3.8,1.0,2.9,4.6,5.2,4.2,2.3,0.6,0.1,55.5,51.3,49.4,51.0,55.2,59.8,61.3,59.7,58.1,55.7,53.9,52.9,53.6,55.4,57.9,59.2,59.7,60.0,60.0,59.5,57.5,58.2,57.3,55.5,53.7,52.9,53.8,55.6,51.4,47.0,45.0,46.4,50.5,54.8,56.8,55.8,54.5,51.7,49.6,48.5,48.9,50.3,52.5,54.0,54.9,55.3,55.4,55.4,53.1,53.7,52.8,50.9,49.2,48.5,49.4,51.3,924.8,925.3,925.3,924.8,924.0,923.7,923.5,924.0,929.2,926.5,924.0,922.6,922.9,924.1,925.5,923.9,922.6,922.5,923.9,926.4,925.0,924.8,924.8,925.0,925.4,925.6,925.6,925.4,898.5,899.4,900.4,900.9,900.5,899.5,898.5,898.3,899.5,898.3,897.6,897.8,899.7,902.6,905.5,902.4,899.5,897.7,897.3,898.2,899.7,899.9,900.3,900.7,900.9,900.7,900.3,899.8,0.01,0.01,0.37,0.00,0.00,0.00,0.02,0.78,0.69,0.74,0.07,0.00,0.00,0.00,1.70,0.57,0.45,0.00,0.00,0.00,1.00,0.00,0.00,0.00,1.00,1.00,1.00,0.00,0.00,0.00,1.00,1.00,0.00,0.00,1.00
111,0,7.674,0.98,1,0.110861,0.040175,-0.993024,-0.059992,0.049480,-0.996972,0.026,0.045,208.0,209.0,211.3,213.7,214.7,213.9,211.4,209.1,205.0,206.4,208.4,210.9,213.5,215.6,217.0,215.4,213.2,210.7,208.4,206.4,210.4,211.4,212.5,212.9,212.4,211.4,210.4,209.9,237.4,238.1,240.4,242.9,244.2,243.5,241.2,238.5,235.2,236.6,238.6,241.3,243.8,245.8,247.2,246.0,244.1,241.9,239.4,237.0,239.8,240.9,241.9,242.2,241.6,240.5,239.6,239.3,351.7,349.3,348.3,349.2,351.5,354.2,355.0,354.1,353.0,351.7,350.8,350.3,350.7,351.7,353.1,353.9,354.2,354.4,354.3,353.9,352.8,353.2,352.7,351.7,350.6,350.2,350.7,351.8,350.2,347.6,346.4,347.2,349.5,352.1,353.3,352.7,351.9,350.4,349.2,348.5,348.7,349.4,350.5,351.5,352.1,352.5,352.6,352.5,351.1,351.5,350.9,349.8,348.8,348.4,349.0,350.1,-56.7,-55.1,-50.9,-46.7,-44.8,-46.1,-50.6,-54.8,-62.3,-59.8,-56.1,-51.5,-46.9,-43.3,-40.8,-43.6,-47.5,-51.8,-55.9,-59.6,-52.5,-50.7,-48.8,-48.1,-48.9,-50.8,-52.6,-53.3,-4.4,-3.2,0.7,5.0,7.2,6.0,2.1,-2.5,-8.3,-5.9,-2.4,2.2,6.6,10.0,12.4,10.3,7.2,3.3,-1.0,-5.1,-0.3,1.6,3.3,3.8,2.8,0.9,-0.8,-1.3,56.3,52.0,50.1,51.7,55.9,60.5,62.0,60.4,58.9,56.4,54.6,53.7,54.3,56.1,58.7,60.0,60.4,60.8,60.7,60.2,58.2,58.9,58.1,56.2,54.4,53.7,54.5,56.4,51.9,47.6,45.5,46.9,51.0,55.3,57.4,56.4,55.1,52.3,50.2,49.0,49.5,50.8,53.0,54.5,55.4,55.9,56.0,56.0,53.7,54.3,53.4,51.5,49.7,49.1,50.0,51.9,923.7,924.3,924.3,923.7,922.9,922.6,922.4,923.0,928.2,925.5,923.0,921.6,921.8,923.0,924.4,922.9,921.5,921.5,922.9,925.3,924.0,923.7,923.7,924.0,924.3,924.5,924.6,924.3,897.1,898.1,899.1,899.5,899.2,898.2,897.2,896.9,898.1,897.0,896.2,896.5,898.3,901.2,904.2,901.1,898.2,896.4,896.0,896.9,898.3,898.5,899.0,899.4,899.5,899.3,898.9,898.5,0.01,0.03,0.33,0.00,0.00,0.00,0.00,0.79,0.72,0.83,0.03,0.00,0.01,0.00,1.88,0.73,0.31,0.00,0.00,0.00,1.00,0.00,0.00,0.00,1.00,1.00,1.00,0.00,0.00,0.00,1.00,1.00,0.00,0.00,1.00
112,0,7.744,0.98,1,0.123875,0.043859,-0.991328,-0.048933,0.054718,-0.997302,0.038,0.050,208.0,208.9,211.2,213.6,214.7,213.9,211.4,209.0,204.9,206.3,208.3,210.8,213.5,215.5,217.0,215.4,213.1,210.7,208.4,206.4,210.3,211.4,212.4,212.8,212.4,211.3,210.3,209.9,237.4,238.0,240.3,242.8,244.1,243.5,241.2,238.5,235.2,236.6,238.6,241.2,243.7,245.7,247.1,245.9,244.1,241.9,239.4,237.0,239.8,240.9,241.9,242.1,241.6,240.5,239.5,239.2,352.3,349.9,348.8,349.7,352.1,354.8,355.6,354.7,353.7,352.4,351.4,350.9,351.3,352.3,353.6,354.4,354.8,355.0,354.9,354.5,353.4,353.8,353.3,352.3,351.2,350.8,351.3,352.4,350.6,348.0,346.8,347.6,349.9,352.5,353.7,353.2,352.4,350.8,349.6,348.9,349.1,349.7,350.9,351.9,352.5,352.9,353.0,353.0,351.5,351.9,351.3,350.2,349.2,348.8,349.4,350.5,-56.5,-54.9,-50.8,-46.5,-44.7,-46.0,-50.4,-54.7,-62.2,-59.6,-55.9,-51.3,-46.7,-43.2,-40.7,-43.4,-47.3,-51.6,-55.7,-59.5,-52.4,-50.5,-48.7,-48.0,-48.8,-50.7,-52.5,-53.2,-4.5,-3.4,0.5,4.9,7.1,5.9,2.1,-2.6,-8.3,-5.9,-2.5,2.1,6.4,9.9,12.3,10.2,7.1,3.2,-1.0,-5.2,-0.4,1.5,3.2,3.7,2.7,0.8,-0.9,-1.4,57.1,52.8,50.9,52.5,56.6,61.2,62.8,61.2,59.7,57.2,55.4,54.4,55.1,56.9,59.4,60.7,61.2,61.5,61.5,61.0,58.9,59.6,58.8,56.9,55.1,54.4,55.3,57.1,52.7,48.3,46.2,47.6,51.6,56.0,58.1,57.1,55.8,53.1,50.9,49.7,50.1,51.4,53.6,55.1,56.0,56.5,56.7,56.8,54.3,54.9,54.0,52.1,50.4,49.8,50.7,52.6,918.7,919.3,919.3,918.8,918.0,917.7,917.5,918.0,923.1,920.5,918.0,916.6,916.9,918.1,919.6,918.0,916.6,916.5,917.9,920.3,919.0,918.8,918.8,919.0,919.4,919.6,919.6,919.4,896.3,897.2,898.3,898.7,898.4,897.5,896.4,896.1,897.3,896.2,895.4,895.7,897.6,900.5,903.4,900.3,897.5,895.6,895.2,896.1,897.5,897.7,898.2,898.6,898.8,898.5,898.1,897.7,0.01,0.03,0.36,0.00,0.00,0.00,0.00,0.81,0.69,0.86,0.03,0.00,0.11,0.00,1.98,0.76,0.18,0.00,0.00,0.00,1.00,0.00,0.00,0.00,1.00,1.00,1.00,0.00,0.00,0.00,1.00,1.00,0.00,0.00,1.00
113,0,7.814,0.98,1,0.129601,0.048410,-0.990384,-0.043689,0.059157,-0.997292,0.043,0.054,207.7,208.6,211.0,213.4,214.4,213.7,211.1,208.7,204.6,206.0,208.0,210.6,213.2,215.3,216.8,215.2,212.9,210.5,208.1,206.1,210.1,211.1,212.2,212.6,212.1,211.0,210.0,209.6,237.2,237.9,240.1,242.7,244.0,243.3,241.1,238.4,235.0,236.4,238.4,241.0,243.6,245.6,247.0,245.8,244.0,241.8,239.3,236.9,239.6,240.7,241.7,242.0,241.4,240.3,239.3,239.0,352.9,350.4,349.3,350.3,352.7,355.3,356.2,355.3,354.2,352.9,352.0,351.5,351.8,352.8,354.2,355.0,355.3,355.5,355.5,355.1,354.0,354.4,353.9,352.8,351.8,351.4,351.8,352.9,351.0,348.4,347.1,347.9,350.3,352.8,354.1,353.6,352.9,351.2,350.0,349.2,349.4,350.0,351.2,352.2,352.9,353.3,353.4,353.4,351.9,352.3,351.7,350.6,349.5,349.2,349.8,350.9,-56.6,-55.0,-50.8,-46.6,-44.7,-46.0,-50.4,-54.7,-62.2,-59.7,-55.9,-51.4,-46.8,-43.2,-40.7,-43.4,-47.3,-51.6,-55.8,-59.5,-52.4,-50.5,-48.7,-48.0,-48.9,-50.7,-52.5,-53.2,-4.8,-3.6,0.2,4.6,6.8,5.7,1.9,-2.8,-8.6,-6.2,-2.7,1.8,6.2,9.6,12.0,10.0,6.9,3.0,-1.2,-5.4,-0.6,1.3,3.0,3.4,2.4,0.5,-1.1,-1.6,57.6,53.3,51.4,53.0,57.1,61.7,63.3,61.7,60.2,57.7,55.9,54.9,55.5,57.3,59.9,61.2,61.7,62.1,62.0,61.5,59.5,60.1,59.3,57.4,55.6,54.9,55.8,57.6,53.0,48.6,46.5,47.8,51.8,56.2,58.3,57.4,56.2,53.4,51.1,49.9,50.3,51.6,53.7,55.4,56.3,56.8,57.1,57.1,54.6,55.2,54.3,52.4,50.6,50.0,51.0,52.9,911.5,912.0,912.0,911.5,910.8,910.5,910.3,910.8,915.9,913.2,910.7,909.4,909.7,910.9,912.3,910.8,909.4,909.3,910.7,913.1,911.8,911.6,911.6,911.8,912.1,912.3,912.3,912.1,890.2,891.1,892.1,892.7,892.4,891.4,890.4,890.0,891.2,890.0,889.3,889.6,891.5,894.5,897.4,894.3,891.4,889.6,889.1,890.0,891.5,891.7,892.1,892.5,892.7,892.5,892.0,891.6,0.00,0.02,0.30,0.00,0.00,0.00,0.00,0.75,0.64,0.99,0.00,0.02,0.22,0.00,1.82,0.68,0.08,0.00,0.00,0.00,1.00,0.00,0.00,0.00,1.00,1.00,1.00,0.00,0.00,0.00,1.00,1.00,0.00,0.00,0.00
114,0,7.884,0.98,1,0.130810,0.053334,-0.989972,-0.044379,0.064440,-0.996934,0.043,0.059,207.1,208.0,210.4,212.8,213.8,213.1,210.6,208.2,204.1,205.4,207.4,210.0,212.6,214.7,216.2,214.6,212.3,209.9,207.6,205.5,209.5,210.6,211.6,212.0,211.5,210.5,209.4,209.0,236.6,237.3,239.5,242.0,243.4,242.8,240.5,237.8,234.4,235.8,237.8,240.4,243.0,245.0,246.4,245.2,243.4,241.2,238.7,236.3,239.1,240.2,241.1,241.4,240.8,239.7,238.7,238.5,353.4,350.9,349.8,350.7,353.1,355.8,356.7,355.8,354.7,353.4,352.5,352.0,352.3,353.2,354.6,355.4,355.8,356.0,356.0,355.6,354.4,354.8,354.4,353.3,352.2,351.8,352.3,353.4,351.3,348.8,347.5,348.2,350.5,353.1,354.4,353.9,353.2,351.6,350.3,349.5,349.7,350.3,351.4,352.5,353.1,353.5,353.7,353.7,352.2,352.5,352.0,350.8,349.8,349.5,350.1,351.2,-57.8,-56.2,-52.1,-47.9,-46.0,-47.2,-51.7,-55.9,-63.5,-60.9,-57.2,-52.6,-48.0,-44.5,-41.9,-44.7,-48.5,-52.8,-57.0,-60.7,-53.6,-51.8,-50.0,-49.3,-50.1,-52.0,-53.8,-54.5,-5.8,-4.7,-0.9,3.5,5.8,4.7,0.9,-3.7,-9.5,-7.2,-3.7,0.7,5.1,8.6,11.0,9.0,5.9,2.1,-2.2,-6.4,-1.6,0.3,2.0,2.4,1.4,-0.5,-2.2,-2.6,58.7,54.4,52.5,54.0,58.2,62.8,64.4,62.9,61.3,58.8,57.1,56.0,56.6,58.4,60.9,62.3,62.8,63.2,63.2,62.7,60.6,61.3,60.4,58.5,56.7,56.0,56.9,58.8,53.8,49.4,47.3,48.6,52.6,56.9,59.1,58.2,57.1,54.2,51.9,50.7,51.0,52.3,54.4,56.0,57.0,57.6,57.8,57.9,55.4,56.0,55.0,53.1,51.4,50.8,51.8,53.7,915.8,916.3,916.3,915.8,915.1,914.8,914.6,915.1,920.2,917.5,915.0,913.6,913.9,915.2,916.6,915.1,913.7,913.6,915.0,917.4,916.1,915.9,915.9,916.1,916.4,916.6,916.6,916.4,894.7,895.6,896.6,897.1,896.8,895.9,894.9,894.6,895.7,894.6,893.8,894.1,896.0,898.9,901.9,898.8,895.9,894.1,893.6,894.5,896.0,896.2,896.6,897.0,897.2,896.9,896.5,896.1,0.00,0.00,0.32,0.00,0.00,0.00,0.00,0.81,0.64,1.21,0.00,0.02,0.34,0.00,1.64,0.47,0.04,0.00,0.00,0.00,1.00,0.00,0.00,0.00,1.00,0.00,1.00,0.00,0.00,0.00,1.00,1.00,0.00,0.00,0.00
115,0,7.953,0.98,1,0.125684,0.056832,-0.990441,-0.048921,0.068005,-0.996485,0.039,0.063,206.5,207.4,209.7,212.2,213.2,212.5,209.9,207.5,203.4,204.8,206.8,209.4,212.0,214.1,215.6,213.9,211.7,209.3,206.9,204.9,208.9,209.9,211.0,211.4,210.9,209.8,208.8,208.4,236.0,236.6,238.9,241.4,242.8,242.1,239.9,237.2,233.8,235.2,237.2,239.8,242.4,244.4,245.8,244.6,242.8,240.6,238.1,235.7,238.4,239.5,240.5,240.8,240.2,239.1,238.1,237.8,353.7,351.3,350.1,351.1,353.4,356.1,357.0,356.1,355.0,353.7,352.8,352.3,352.6,353.6,354.9,355.8,356.1,356.4,356.3,355.9,354.8,355.2,354.7,353.6,352.6,352.2,352.6,353.7,351.6,349.0,347.7,348.4,350.8,353.4,354.7,354.2,353.5,351.9,350.5,349.8,349.9,350.5,351.7,352.7,353.4,353.8,354.0,354.0,352.5,352.8,352.2,351.1,350.1,349.8,350.3,351.5,-58.8,-57.3,-53.1,-48.9,-47.0,-48.2,-52.7,-56.9,-64.5,-61.9,-58.2,-53.6,-49.0,-45.5,-42.9,-45.7,-49.6,-53.8,-58.0,-61.7,-54.7,-52.8,-51.0,-50.3,-51.1,-53.0,-54.8,-55.5,-6.8,-5.8,-1.9,2.4,4.8,3.7,-0.2,-4.8,-10.6,-8.3,-4.8,-0.3,4.0,7.5,10.0,7.9,4.8,1.0,-3.3,-7.4,-2.7,-0.8,0.9,1.4,0.3,-1.6,-3.2,-3.7,59.2,54.9,52.9,54.5,58.6,63.3,64.9,63.3,61.8,59.3,57.5,56.5,57.1,58.8,61.4,62.7,63.3,63.7,63.7,63.1,61.0,61.7,60.9,59.0,57.2,56.5,57.3,59.2,54.1,49.7,47.5,48.8,52.8,57.2,59.3,58.5,57.4,54.5,52.2,50.9,51.2,52.5,54.6,56.3,57.3,57.9,58.1,58.2,55.7,56.2,55.3,53.4,51.6,51.1,52.0,53.9,914.1,914.6,914.5,914.0,913.3,913.1,912.9,913.4,918.6,915.9,913.3,911.9,912.2,913.4,914.8,913.3,912.0,911.9,913.3,915.8,914.4,914.2,914.1,914.3,914.6,914.9,914.9,914.7,891.2,892.1,893.1,893.6,893.3,892.4,891.4,891.0,892.2,891.0,890.3,890.5,892.4,895.3,898.3,895.2,892.4,890.5,890.1,891.0,892.4,892.6,893.1,893.5,893.6,893.4,893.0,892.6,0.00,0.00,0.37,0.00,0.00,0.00,0.00,0.75,0.66,1.29,0.00,0.02,0.38,0.00,1.39,0.42,0.04,0.00,0.00,0.00,1.00,0.00,0.00,0.00,1.00,0.00,1.00,0.00,0.00,0.00,1.00,1.00,0.00,0.00,0.00
116,0,8.023,0.98,1,0.124416,0.059025,-0.990473,-0.051239,0.070302,-0.996209,0.037,0.065,206.0,206.9,209.3,211.7,212.7,212.0,209.5,207.1,203.0,204.4,206.4,208.9,211.5,213.6,215.1,213.5,211.2,208.8,206.5,204.5,208.4,209.5,210.5,210.9,210.4,209.4,208.4,208.0,235.6,236.2,238.4,241.0,242.3,241.7,239.5,236.8,233.4,234.7,236.7,239.3,241.9,243.9,245.3,244.2,242.4,240.1,237.6,235.2,238.0,239.1,240.1,240.3,239.8,238.6,237.7,237.4,354.0,351.5,350.4,351.3,353.7,356.3,357.2,356.3,355.3,353.9,353.0,352.5,352.8,353.8,355.2,356.0,356.4,356.6,356.5,356.1,355.0,355.4,354.9,353.8,352.8,352.4,352.9,354.0,351.8,349.2,347.9,348.6,351.0,353.5,354.9,354.4,353.7,352.0,350.7,350.0,350.1,350.7,351.8,352.9,353.6,354.0,354.2,354.2,352.7,353.0,352.4,351.3,350.3,350.0,350.5,351.7,-59.8,-58.2,-54.1,-49.8,-47.9,-49.2,-53.6,-57.9,-65.4,-62.8,-59.1,-54.6,-50.0,-46.4,-43.9,-46.6,-50.5,-54.8,-58.9,-62.6,-55.6,-53.7,-51.9,-51.2,-52.1,-53.9,-55.7,-56.4,-7.6,-6.5,-2.7,1.7,4.0,2.9,-0.9,-5.6,-11.4,-9.0,-5.6,-1.1,3.3,6.8,9.2,7.2,4.1,0.2,-4.0,-8.2,-3.5,-1.5,0.1,0.6,-0.4,-2.3,-4.0,-4.5,59.7,55.4,53.5,55.0,59.2,63.8,65.4,63.9,62.3,59.8,58.1,57.0,57.6,59.4,61.9,63.3,63.8,64.2,64.2,63.7,61.6,62.3,61.4,59.5,57.7,57.0,57.9,59.8,54.5,50.1,47.9,49.2,53.2,57.6,59.7,58.9,57.8,54.9,52.6,51.3,51.6,52.9,55.0,56.6,57.6,58.3,58.5,58.7,56.1,56.6,55.7,53.8,52.0,51.5,52.4,54.3,916.4,916.8,916.7,916.2,915.5,915.3,915.2,915.7,920.9,918.1,915.6,914.1,914.4,915.6,917.1,915.6,914.3,914.2,915.6,918.1,916.7,916.4,916.4,916.6,916.9,917.1,917.1,916.9,892.7,893.6,894.5,895.0,894.7,893.8,892.8,892.5,893.7,892.5,891.7,892.0,893.9,896.8,899.7,896.6,893.8,892.0,891.6,892.5,893.9,894.1,894.5,894.9,895.1,894.8,894.4,894.0,0.00,0.00,0.47,0.00,0.00,0.00,0.00,0.62,0.59,1.08,0.00,0.00,0.27,0.00,1.23,0.43,0.00,0.00,0.00,0.00,1.00,0.00,0.00,0.00,1.00,0.00,1.00,0.00,0.00,0.00,1.00,1.00,0.00,0.00,0.00
117,0,8.093,0.98,1,0.125712,0.058533,-0.990339,-0.047556,0.070566,-0.996373,0.039,0.065,206.0,206.9,209.2,211.6,212.7,212.0,209.5,207.0,203.0,204.3,206.3,208.8,211.5,213.6,215.1,213.4,211.2,208.8,206.4,204.4,208.4,209.4,210.4,210.8,210.4,209.3,208.3,207.9,235.6,236.2,238.4,240.9,242.3,241.7,239.5,236.8,233.4,234.7,236.7,239.3,241.9,243.9,245.3,244.2,242.4,240.1,237.6,235.2,238.0,239.1,240.1,240.3,239.7,238.6,237.7,237.4,354.2,351.8,350.6,351.5,353.9,356.6,357.5,356.6,355.5,354.2,353.3,352.8,353.1,354.0,355.4,356.3,356.7,356.9,356.9,356.5,355.3,355.7,355.2,354.1,353.0,352.6,353.1,354.2,351.9,349.3,348.0,348.7,351.1,353.7,355.0,354.5,353.8,352.2,350.9,350.1,350.2,350.8,351.9,353.0,353.7,354.2,354.4,354.4,352.8,353.1,352.5,351.4,350.4,350.1,350.6,351.8,-59.7,-58.2,-54.1,-49.8,-47.9,-49.1,-53.5,-57.8,-65.3,-62.8,-59.1,-54.6,-49.9,-46.4,-43.8,-46.6,-50.4,-54.7,-58.8,-62.5,-55.5,-53.7,-51.9,-51.2,-52.0,-53.9,-55.7,-56.4,-7.6,-6.6,-2.7,1.6,4.0,2.9,-0.9,-5.6,-11.4,-9.0,-5.6,-1.1,3.2,6.7,9.2,7.2,4.1,0.2,-4.0,-8.2,-3.5,-1.6,0.1,0.6,-0.4,-2.4,-4.0,-4.5,60.1,55.8,53.8,55.3,59.5,64.1,65.8,64.2,62.7,60.2,58.4,57.3,57.9,59.6,62.2,63.6,64.2,64.6,64.6,64.1,61.9,62.6,61.7,59.8,58.0,57.3,58.2,60.1,54.7,50.3,48.1,49.3,53.3,57.7,59.9,59.0,58.0,55.1,52.8,51.5,51.8,53.0,55.1,56.8,57.8,58.5,58.8,58.9,56.2,56.8,55.8,53.9,52.2,51.6,52.6,54.5,914.0,914.3,914.2,913.7,913.1,913.0,912.8,913.4,918.5,915.7,913.2,911.7,912.0,913.2,914.7,913.2,911.9,911.9,913.3,915.7,914.3,914.0,914.0,914.2,914.4,914.7,914.7,914.5,891.8,892.7,893.7,894.2,893.9,893.1,892.1,891.8,892.9,891.7,890.9,891.2,893.1,896.0,899.0,895.9,893.1,891.3,890.8,891.7,893.1,893.3,893.8,894.1,894.2,894.0,893.6,893.2,0.00,0.00,0.51,0.00,0.00,0.00,0.00,0.46,0.51,0.91,0.03,0.00,0.15,0.00,1.13,0.55,0.00,0.00,0.00,0.00,1.00,0.00,0.00,0.00,1.00,0.00,1.00,0.00,0.00,0.00,1.00,0.00,0.00,0.00,0.00
118,0,8.163,0.98,1,0.124900,0.058351,-0.990452,-0.047146,0.070551,-0.996393,0.039,0.065,206.0,206.9,209.3,211.7,212.8,212.1,209.5,207.1,203.0,204.4,206.4,208.9,211.6,213.6,215.1,213.5,211.3,208.8,206.5,204.5,208.5,209.5,210.5,210.9,210.4,209.4,208.4,208.0,235.7,236.3,238.5,241.1,242.5,241.8,239.6,236.9,233.5,234.9,236.9,239.5,242.0,244.0,245.4,244.3,242.5,240.3,237.8,235.4,238.1,239.2,240.2,240.5,239.9,238.8,237.8,237.5,354.4,351.9,350.8,351.6,354.0,356.7,357.6,356.7,355.7,354.3,353.4,352.9,353.2,354.1,355.5,356.4,356.8,357.0,357.0,356.6,355.4,355.8,355.3,354.2,353.1,352.8,353.2,354.3,352.0,349.4,348.1,348.8,351.2,353.8,355.1,354.6,353.9,352.2,350.9,350.2,350.3,350.9,352.0,353.1,353.8,354.3,354.5,354.5,352.9,353.2,352.6,351.5,350.5,350.2,350.7,351.9,-59.5,-58.0,-53.9,-49.6,-47.7,-48.9,-53.3,-57.5,-65.1,-62.6,-58.9,-54.3,-49.7,-46.1,-43.6,-46.3,-50.2,-54.4,-58.6,-62.3,-55.3,-53.4,-51.6,-51.0,-51.8,-53.7,-55.5,-56.1,-7.4,-6.3,-2.5,1.9,4.2,3.1,-0.7,-5.3,-11.1,-8.8,-5.4,-0.9,3.5,7.0,9.4,7.4,4.3,0.5,-3.8,-7.9,-3.2,-1.3,0.3,0.8,-0.2,-2.1,-3.8,-4.3,60.2,55.9,53.9,55.4,59.5,64.2,65.8,64.3,62.8,60.3,58.4,57.4,58.0,59.7,62.2,63.7,64.3,64.7,64.7,64.2,62.0,62.7,61.8,59.9,58.1,57.4,58.3,60.2,54.7,50.4,48.2,49.4,53.4,57.8,60.0,59.1,58.0,55.1,52.8,51.5,51.8,53.0,55.2,56.9,57.9,58.6,58.9,59.0,56.3,56.9,55.9,54.0,52.2,51.7,52.7,54.6,912.4,912.8,912.7,912.1,911.5,911.4,911.3,911.8,917.0,914.2,911.6,910.1,910.4,911.6,913.1,911.6,910.3,910.3,911.7,914.2,912.7,912.5,912.4,912.6,912.9,913.1,913.1,913.0,890.5,891.4,892.4,892.9,892.6,891.8,890.8,890.5,891.6,890.4,889.6,889.9,891.8,894.7,897.7,894.6,891.8,890.0,889.6,890.4,891.8,892.1,892.5,892.8,893.0,892.7,892.3,891.9,0.00,0.00,0.55,0.00,0.00,0.00,0.01,0.38,0.40,0.77,0.07,0.01,0.00,0.00,1.04,0.63,0.01,0.00,0.00,0.00,1.00,0.00,0.00,0.00,1.00,0.00,1.00,0.00,0.00,0.00,1.00,0.00,0.00,0.00,0.00
119,0,8.233,0.98,1,0.125252,0.057489,-0.990458,-0.047011,0.070714,-0.996388,0.039,0.064,206.1,207.0,209.3,211.8,212.9,212.2,209.6,207.2,203.1,204.4,206.4,209.0,211.6,213.7,215.2,213.6,211.4,208.9,206.6,204.6,208.5,209.6,210.6,211.0,210.5,209.5,208.4,208.1,235.8,236.4,238.7,241.2,242.6,242.0,239.7,237.0,233.6,235.0,237.0,239.6,242.2,244.2,245.6,244.5,242.7,240.4,237.9,235.5,238.3,239.4,240.3,240.6,240.0,238.9,237.9,237.7,354.5,352.1,350.9,351.8,354.2,356.8,357.8,356.9,355.9,354.5,353.6,353.0,353.3,354.3,355.6,356.5,357.0,357.2,357.2,356.8,355.5,355.9,355.4,354.3,353.3,352.9,353.4,354.5,352.1,349.5,348.2,348.9,351.2,353.8,355.2,354.7,354.0,352.3,351.0,350.2,350.3,350.9,352.1,353.2,353.9,354.4,354.5,354.6,353.0,353.3,352.7,351.6,350.5,350.2,350.8,351.9,-59.2,-57.7,-53.6,-49.3,-47.4,-48.6,-53.0,-57.3,-64.8,-62.3,-58.6,-54.1,-49.5,-45.9,-43.3,-46.1,-49.9,-54.2,-58.3,-62.0,-55.0,-53.2,-51.4,-50.7,-51.6,-53.4,-55.2,-55.9,-7.1,-6.1,-2.3,2.1,4.4,3.4,-0.4,-5.1,-10.9,-8.5,-5.1,-0.7,3.7,7.2,9.6,7.6,4.5,0.7,-3.5,-7.7,-3.0,-1.1,0.6,1.1,0.0,-1.9,-3.5,-4.0,60.4,56.1,54.1,55.6,59.7,64.3,66.0,64.5,63.0,60.5,58.6,57.6,58.1,59.8,62.4,63.8,64.5,64.9,64.9,64.4,62.2,62.8,61.9,60.1,58.3,57.6,58.5,60.4,54.8,50.4,48.2,49.5,53.4,57.8,60.0,59.2,58.1,55.2,52.9,51.6,51.8,53.1,55.2,56.9,58.0,58.6,58.9,59.0,56.4,56.9,55.9,54.0,52.3,51.7,52.7,54.6,910.6,911.0,910.8,910.3,909.7,909.6,909.5,910.0,915.2,912.4,909.8,908.3,908.6,909.8,911.3,909.8,908.5,908.5,909.9,912.4,910.9,910.7,910.6,910.8,911.0,911.3,911.3,911.2,889.1,889.9,890.9,891.4,891.2,890.4,889.4,889.1,890.2,889.0,888.2,888.4,890.3,893.3,896.3,893.2,890.4,888.5,888.1,889.0,890.4,890.6,891.0,891.4,891.5,891.3,890.9,890.5,0.00,0.00,0.62,0.00,0.00,0.00,0.02,0.41,0.38,0.78,0.08,0.01,0.01,0.00,1.00,0.63,0.01,0.00,0.00,0.00,1.00,0.00,0.00,0.00,1.00,0.00,1.00,0.00,0.00,0.00,1.00,0.00,0.00,0.00,0.00
120,0,8.302,0.98,1,0.124042,0.058595,-0.990545,-0.048796,0.071355,-0.996257,0.038,0.065,206.1,207.0,209.3,211.8,212.8,212.2,209.6,207.2,203.1,204.4,206.4,209.0,211.6,213.7,215.2,213.6,211.4,208.9,206.6,204.6,208.5,209.6,210.6,211.0,210.5,209.5,208.4,208.0,235.8,236.4,238.7,241.2,242.6,242.0,239.7,237.0,233.6,235.0,237.0,239.6,242.2,244.2,245.6,244.5,242.6,240.4,237.9,235.5,238.2,239.4,240.3,240.6,240.0,238.9,237.9,237.6,354.6,352.1,351.0,351.9,354.2,356.9,357.9,357.0,355.9,354.6,353.6,353.1,353.4,354.3,355.7,356.6,357.0,357.3,357.2,356.8,355.6,356.0,355.5,354.4,353.4,353.0,353.5,354.6,352.1,349.5,348.2,348.9,351.3,353.9,355.2,354.7,354.0,352.4,351.1,350.3,350.4,351.0,352.1,353.2,353.9,354.4,354.6,354.6,353.0,353.3,352.7,351.6,350.6,350.3,350.8,352.0,-59.3,-57.8,-53.7,-49.4,-47.5,-48.7,-53.1,-57.4,-64.9,-62.4,-58.7,-54.2,-49.6,-46.0,-43.4,-46.1,-50.0,-54.3,-58.4,-62.1,-55.1,-53.3,-51.5,-50.8,-51.6,-53.5,-55.3,-56.0,-7.1,-6.1,-2.3,2.1,4.4,3.4,-0.4,-5.1,-10.9,-8.6,-5.2,-0.7,3.7,7.2,9.6,7.6,4.5,0.7,-3.6,-7.7,-3.0,-1.1,0.6,1.0,0.0,-1.9,-3.6,-4.0,60.6,56.2,54.2,55.7,59.9,64.5,66.2,64.7,63.2,60.6,58.8,57.8,58.3,60.0,62.5,64.0,64.6,65.1,65.1,64.6,62.3,63.0,62.1,60.2,58.4,57.8,58.6,60.5,54.9,50.5,48.3,49.5,53.5,57.9,60.1,59.2,58.2,55.3,53.0,51.6,51.9,53.1,55.2,56.9,58.0,58.6,58.9,59.1,56.4,57.0,56.0,54.1,52.3,51.8,52.8,54.7,911.8,912.2,912.0,911.5,910.9,910.8,910.7,911.2,916.3,913.6,911.0,909.5,909.8,911.0,912.5,911.0,909.7,909.7,911.1,913.6,912.1,911.9,911.8,912.0,912.2,912.5,912.5,912.4,889.0,889.8,890.8,891.3,891.1,890.2,889.3,888.9,890.1,888.9,888.1,888.3,890.2,893.1,896.1,893.1,890.2,888.4,888.0,888.9,890.3,890.5,890.9,891.3,891.4,891.2,890.8,890.4,0.00,0.00,0.68,0.00,0.00,0.00,0.02,0.43,0.37,0.82,0.07,0.04,0.01,0.00,0.90,0.51,0.06,0.00,0.00,0.00,1.00,0.00,0.00,0.00,1.00,0.00,1.00,0.00,0.00,0.00,0.00,0.00,0.00,0.00,0.00
121,0,8.372,0.98,1,0.122371,0.059866,-0.990677,-0.051437,0.072292,-0.996056,0.036,0.066,206.1,207.0,209.3,211.7,212.8,212.1,209.6,207.2,203.1,204.4,206.4,209.0,211.6,213.7,215.2,213.6,211.4,208.9,206.6,204.6,208.5,209.6,210.6,211.0,210.5,209.4,208.4,208.0,235.8,236.4,238.6,241.2,242.5,241.9,239.7,237.0,233.6,234.9,236.9,239.6,242.1,244.1,245.6,244.4,242.6,240.4,237.9,235.5,238.2,239.3,240.3,240.6,240.0,238.8,237.9,237.6,354.8,352.3,351.1,352.0,354.4,357.1,358.0,357.1,356.1,354.7,353.8,353.3,353.6,354.5,355.8,356.7,357.1,357.4,357.3,357.0,355.8,356.1,355.6,354.6,353.5,353.1,353.6,354.7,352.3,349.7,348.3,349.0,351.4,354.0,355.3,354.8,354.2,352.5,351.2,350.4,350.5,351.1,352.2,353.3,354.0,354.5,354.7,354.7,353.1,353.4,352.9,351.7,350.7,350.4,351.0,352.1,-59.5,-58.0,-53.9,-49.6,-47.7,-48.9,-53.3,-57.6,-65.1,-62.6,-58.9,-54.4,-49.7,-46.1,-43.6,-46.3,-50.2,-54.5,-58.6,-62.3,-55.3,-53.4,-51.6,-51.0,-51.8,-53.7,-55.5,-56.2,-7.2,-6.2,-2.4,2.0,4.4,3.3,-0.5,-5.2,-11.0,-8.6,-5.2,-0.8,3.6,7.1,9.6,7.6,4.5,0.6,-3.6,-7.8,-3.1,-1.2,0.5,1.0,-0.1,-2.0,-3.6,-4.1,61.0,56.7,54.7,56.2,60.3,65.0,66.7,65.2,63.7,61.1,59.3,58.3,58.8,60.5,63.0,64.4,65.1,65.5,65.5,65.0,62.8,63.5,62.6,60.7,58.9,58.2,59.1,61.0,55.1,50.7,48.5,49.8,53.7,58.1,60.3,59.5,58.4,55.6,53.2,51.9,52.2,53.4,55.4,57.2,58.2,58.9,59.2,59.3,56.7,57.2,56.3,54.3,52.6,52.0,53.0,54.9,914.7,915.0,914.9,914.4,913.8,913.6,913.5,914.0,919.2,916.4,913.8,912.4,912.7,913.9,915.3,913.9,912.6,912.5,913.9,916.4,915.0,914.7,914.7,914.8,915.1,915.3,915.4,915.2,889.9,890.8,891.7,892.2,892.0,891.1,890.2,889.9,891.0,889.8,889.0,889.2,891.1,894.0,897.0,894.0,891.1,889.3,888.9,889.8,891.2,891.4,891.8,892.2,892.3,892.1,891.7,891.3,0.00,0.00,0.75,0.00,0.00,0.00,0.01,0.43,0.41,0.87,0.06,0.06,0.01,0.00,0.77,0.34,0.13,0.00,0.00,0.00,1.00,0.00,0.00,0.00,1.00,0.00,1.00,0.00,0.00,0.00,0.00,0.00,0.00,0.00,0.00
122,0,8.442,0.98,1,0.119118,0.062909,-0.990885,-0.053488,0.074942,-0.995752,0.033,0.069,206.0,206.8,209.2,211.6,212.7,212.0,209.5,207.0,203.0,204.3,206.3,208.8,211.4,213.5,215.0,213.4,211.2,208.7,206.4,204.4,208.4,209.4,210.4,210.8,210.3,209.3,208.3,207.9,235.6,236.2,238.5,241.0,242.4,241.8,239.5,236.8,233.4,234.8,236.8,239.4,242.0,244.0,245.4,244.3,242.5,240.2,237.7,235.3,238.1,239.2,240.1,240.4,239.8,238.7,237.7,237.4,354.8,352.3,351.2,352.1,354.5,357.1,358.1,357.2,356.1,354.8,353.9,353.3,353.6,354.5,355.9,356.8,357.2,357.5,357.4,357.0,355.8,356.2,355.7,354.6,353.6,353.2,353.7,354.8,352.3,349.7,348.4,349.1,351.4,354.0,355.4,354.9,354.2,352.6,351.2,350.5,350.5,351.1,352.2,353.3,354.1,354.5,354.7,354.8,353.2,353.5,352.9,351.8,350.7,350.4,351.0,352.2,-59.9,-58.4,-54.3,-50.0,-48.1,-49.3,-53.7,-57.9,-65.5,-63.0,-59.3,-54.8,-50.1,-46.5,-44.0,-46.7,-50.6,-54.8,-59.0,-62.7,-55.7,-53.8,-52.0,-51.4,-52.2,-54.1,-55.9,-56.5,-7.5,-6.5,-2.6,1.7,4.1,3.0,-0.8,-5.4,-11.2,-8.9,-5.5,-1.0,3.4,6.9,9.3,7.3,4.2,0.4,-3.9,-8.0,-3.3,-1.4,0.3,0.7,-0.3,-2.2,-3.9,-4.4,61.2,56.9,54.9,56.4,60.5,65.2,66.9,65.4,63.9,61.3,59.5,58.5,59.0,60.7,63.2,64.6,65.3,65.7,65.8,65.2,63.0,63.7,62.8,60.9,59.1,58.4,59.3,61.2,55.2,50.9,48.6,49.9,53.8,58.2,60.5,59.6,58.5,55.7,53.4,52.0,52.3,53.5,55.5,57.3,58.3,59.0,59.3,59.4,56.8,57.3,56.4,54.4,52.7,52.2,53.1,55.1,916.1,916.4,916.3,915.7,915.1,915.0,914.9,915.5,920.7,917.9,915.3,913.8,914.0,915.2,916.7,915.2,914.0,914.0,915.4,917.9,916.4,916.1,916.1,916.2,916.5,916.7,916.8,916.6,890.4,891.3,892.2,892.7,892.4,891.6,890.7,890.4,891.5,890.3,889.5,889.7,891.6,894.5,897.5,894.4,891.6,889.8,889.4,890.3,891.7,891.9,892.3,892.7,892.8,892.6,892.2,891.8,0.00,0.00,0.78,0.00,0.00,0.00,0.00,0.48,0.44,0.94,0.05,0.08,0.00,0.00,0.68,0.25,0.13,0.00,0.00,0.00,1.00,0.00,0.00,0.00,1.00,0.00,1.00,0.00,0.00,0.00,1.00,0.00,0.00,0.00,0.00
123,0,8.512,0.98,1,0.117494,0.063279,-0.991055,-0.055305,0.075623,-0.995602,0.031,0.070,205.9,206.8,209.1,211.5,212.6,211.9,209.4,207.0,202.9,204.2,206.2,208.7,211.4,213.5,215.0,213.4,211.1,208.7,206.4,204.4,208.3,209.4,210.4,210.8,210.3,209.2,208.2,207.8,235.5,236.1,238.3,240.8,242.2,241.6,239.4,236.7,233.3,234.6,236.6,239.2,241.8,243.8,245.2,244.1,242.3,240.0,237.5,235.1,237.9,239.0,240.0,240.2,239.6,238.5,237.5,237.3,354.8,352.3,351.2,352.1,354.4,357.1,358.0,357.2,356.1,354.8,353.9,353.3,353.6,354.5,355.9,356.8,357.2,357.4,357.4,357.0,355.8,356.2,355.7,354.6,353.6,353.2,353.7,354.8,352.3,349.7,348.4,349.1,351.4,354.0,355.3,354.9,354.2,352.6,351.3,350.5,350.6,351.1,352.2,353.4,354.1,354.5,354.7,354.8,353.2,353.5,352.9,351.8,350.8,350.4,351.0,352.2,-60.1,-58.6,-54.5,-50.2,-48.3,-49.5,-53.9,-58.2,-65.7,-63.2,-59.5,-55.0,-50.4,-46.8,-44.2,-46.9,-50.8,-55.1,-59.2,-62.9,-55.9,-54.1,-52.3,-51.6,-52.4,-54.3,-56.1,-56.8,-7.8,-6.8,-2.9,1.4,3.8,2.7,-1.1,-5.7,-11.5,-9.2,-5.8,-1.3,3.1,6.6,9.0,7.0,3.9,0.1,-4.2,-8.3,-3.6,-1.7,-0.1,0.4,-0.6,-2.5,-4.2,-4.7,61.4,57.1,55.1,56.6,60.7,65.4,67.0,65.5,64.0,61.5,59.7,58.6,59.2,60.9,63.4,64.8,65.4,65.9,65.9,65.4,63.2,63.8,63.0,61.1,59.3,58.6,59.5,61.4,55.4,51.0,48.8,50.0,54.0,58.4,60.6,59.8,58.7,55.8,53.5,52.2,52.5,53.6,55.7,57.4,58.5,59.2,59.5,59.6,57.0,57.5,56.5,54.6,52.9,52.3,53.3,55.2,918.9,919.2,919.1,918.6,917.9,917.8,917.7,918.3,923.5,920.7,918.1,916.6,916.8,918.0,919.5,918.0,916.8,916.8,918.2,920.7,919.2,918.9,918.9,919.0,919.3,919.5,919.6,919.4,893.1,893.9,894.9,895.3,895.1,894.2,893.3,893.0,894.2,893.0,892.1,892.3,894.2,897.1,900.1,897.1,894.2,892.4,892.1,893.0,894.3,894.5,895.0,895.3,895.4,895.2,894.8,894.4,0.00,0.00,0.81,0.00,0.00,0.00,0.00,0.54,0.49,0.97,0.07,0.05,0.00,0.00,0.64,0.35,0.09,0.00,0.00,0.00,1.00,0.00,0.00,0.00,1.00,0.00,1.00,0.00,0.00,0.00,1.00,0.00,0.00,0.00,0.00
124,0,8.581,0.98,1,0.115946,0.064102,-0.991185,-0.057728,0.076711,-0.995381,0.029,0.071,205.6,206.5,208.8,211.2,212.3,211.6,209.1,206.7,202.6,203.9,205.9,208.4,211.1,213.1,214.6,213.0,210.8,208.4,206.1,204.1,208.0,209.0,210.1,210.4,210.0,208.9,207.9,207.5,235.1,235.7,238.0,240.5,241.9,241.3,239.1,236.4,233.0,234.3,236.3,238.9,241.5,243.5,244.9,243.8,242.0,239.7,237.2,234.8,237.6,238.7,239.7,239.9,239.3,238.2,237.2,237.0,354.8,352.3,351.2,352.1,354.4,357.1,358.0,357.2,356.1,354.8,353.9,353.3,353.6,354.5,355.9,356.8,357.2,357.4,357.4,357.0,355.8,356.2,355.7,354.6,353.6,353.2,353.7,354.8,352.3,349.7,348.4,349.1,351.4,354.0,355.4,354.9,354.2,352.6,351.3,350.5,350.6,351.2,352.2,353.4,354.1,354.5,354.7,354.8,353.2,353.5,352.9,351.8,350.8,350.5,351.0,352.2,-60.8,-59.2,-55.1,-50.9,-48.9,-50.1,-54.6,-58.8,-66.3,-63.8,-60.2,-55.6,-51.0,-47.4,-44.8,-47.6,-51.5,-55.7,-59.9,-63.6,-56.6,-54.7,-52.9,-52.2,-53.1,-55.0,-56.7,-57.4,-8.3,-7.3,-3.5,0.9,3.3,2.2,-1.6,-6.3,-12.1,-9.8,-6.3,-1.9,2.5,6.0,8.5,6.5,3.4,-0.5,-4.7,-8.9,-4.2,-2.3,-0.6,-0.1,-1.2,-3.1,-4.8,-5.2,61.5,57.2,55.2,56.7,60.8,65.5,67.1,65.6,64.1,61.6,59.8,58.7,59.3,61.0,63.5,64.9,65.5,66.0,66.0,65.5,63.3,63.9,63.1,61.2,59.4,58.7,59.6,61.5,55.5,51.1,48.8,50.1,54.0,58.4,60.7,59.8,58.8,55.9,53.6,52.2,52.5,53.7,55.7,57.5,58.5,59.2,59.5,59.6,57.0,57.5,56.6,54.6,52.9,52.4,53.3,55.3,920.2,920.6,920.5,919.9,919.3,919.1,919.1,919.6,924.8,922.0,919.4,917.9,918.2,919.3,920.8,919.4,918.1,918.1,919.5,922.0,920.5,920.3,920.2,920.4,920.6,920.9,920.9,920.8,893.4,894.2,895.1,895.6,895.3,894.5,893.5,893.3,894.5,893.3,892.4,892.6,894.5,897.4,900.3,897.3,894.5,892.7,892.3,893.2,894.6,894.8,895.2,895.6,895.7,895.5,895.1,894.7,0.00,0.00,0.82,0.00,0.00,0.00,0.00,0.55,0.53,1.03,0.05,0.02,0.00,0.00,0.79,0.43,0.00,0.00,0.00,0.00,1.00,0.00,0.00,0.00,1.00,0.00,1.00,0.00,0.00,0.00,1.00,0.00,0.00,0.00,0.00
125,0,8.651,0.98,1,0.116228,0.062444,-0.991258,-0.057995,0.075544,-0.995454,0.029,0.069,205.4,206.2,208.5,210.9,212.0,211.3,208.8,206.4,202.4,203.7,205.7,208.2,210.8,212.9,214.4,212.8,210.5,208.1,205.8,203.8,207.7,208.8,209.8,210.2,209.7,208.7,207.7,207.3,234.9,235.5,237.7,240.2,241.6,241.0,238.8,236.1,232.7,234.0,236.0,238.6,241.2,243.2,244.6,243.5,241.7,239.4,237.0,234.6,237.3,238.4,239.4,239.7,239.0,237.9,237.0,236.7,354.8,352.4,351.2,352.1,354.5,357.1,358.0,357.2,356.1,354.8,353.9,353.3,353.6,354.6,355.9,356.8,357.2,357.4,357.4,357.0,355.8,356.2,355.7,354.6,353.6,353.2,353.7,354.8,352.3,349.7,348.4,349.1,351.4,354.0,355.3,354.8,354.2,352.6,351.2,350.4,350.5,351.1,352.2,353.3,354.0,354.5,354.7,354.7,353.2,353.5,352.9,351.7,350.7,350.4,351.0,352.1,-61.3,-59.8,-55.7,-51.4,-49.4,-50.6,-55.0,-59.3,-66.8,-64.3,-60.7,-56.1,-51.5,-47.9,-45.3,-48.1,-52.0,-56.2,-60.4,-64.1,-57.1,-55.2,-53.4,-52.7,-53.6,-55.5,-57.2,-57.9,-8.8,-7.8,-4.0,0.4,2.8,1.7,-2.1,-6.7,-12.5,-10.2,-6.8,-2.4,2.0,5.6,8.0,6.0,2.9,-0.9,-5.2,-9.3,-4.6,-2.7,-1.1,-0.6,-1.6,-3.6,-5.2,-5.7,61.6,57.2,55.2,56.7,60.9,65.5,67.2,65.7,64.2,61.7,59.9,58.8,59.3,61.0,63.5,65.0,65.6,66.0,66.1,65.6,63.4,64.0,63.1,61.2,59.4,58.8,59.7,61.6,55.5,51.1,48.9,50.1,54.1,58.4,60.7,59.8,58.8,55.9,53.6,52.3,52.5,53.7,55.8,57.5,58.5,59.2,59.5,59.7,57.0,57.6,56.6,54.7,52.9,52.4,53.4,55.3,921.1,921.5,921.3,920.8,920.1,920.0,919.9,920.4,925.6,922.9,920.3,918.8,919.0,920.2,921.6,920.2,918.9,918.9,920.3,922.8,921.3,921.1,921.0,921.2,921.5,921.7,921.8,921.6,894.7,895.5,896.5,896.9,896.6,895.8,894.8,894.6,895.8,894.6,893.7,893.9,895.8,898.6,901.6,898.6,895.7,894.0,893.6,894.5,895.9,896.1,896.5,896.9,897.0,896.8,896.4,896.0,0.00,0.00,0.81,0.00,0.00,0.00,0.00,0.61,0.56,1.07,0.05,0.00,0.00,0.00,0.98,0.54,0.06,0.00,0.00,0.00,1.00,0.00,0.00,0.00,1.00,0.00,1.00,0.00,0.00,0.00,1.00,1.00,0.00,0.00,0.00
126,0,8.721,0.98,1,0.114964,0.062449,-0.991405,-0.059521,0.076388,-0.995300,0.028,0.070,205.0,205.9,208.2,210.6,211.7,211.0,208.5,206.1,202.1,203.4,205.4,207.9,210.5,212.6,214.1,212.5,210.2,207.8,205.5,203.5,207.4,208.5,209.5,209.9,209.4,208.4,207.3,207.0,234.6,235.1,237.4,239.9,241.3,240.7,238.5,235.8,232.4,233.7,235.7,238.3,240.9,242.9,244.4,243.2,241.4,239.1,236.7,234.2,237.0,238.1,239.1,239.3,238.7,237.6,236.6,236.4,354.8,352.3,351.2,352.0,354.4,357.0,358.0,357.1,356.1,354.8,353.8,353.3,353.6,354.5,355.8,356.7,357.1,357.4,357.4,357.0,355.8,356.1,355.7,354.6,353.5,353.2,353.7,354.7,352.2,349.6,348.3,349.0,351.3,353.9,355.2,354.7,354.1,352.4,351.1,350.3,350.4,351.0,352.1,353.2,353.9,354.4,354.6,354.6,353.0,353.3,352.8,351.6,350.6,350.3,350.9,352.0,-61.7,-60.2,-56.1,-51.8,-49.9,-51.1,-55.5,-59.8,-67.3,-64.8,-61.1,-56.6,-52.0,-48.4,-45.8,-48.5,-52.4,-56.7,-60.8,-64.5,-57.5,-55.6,-53.8,-53.2,-54.0,-55.9,-57.7,-58.4,-9.3,-8.3,-4.5,-0.1,2.3,1.2,-2.6,-7.2,-13.0,-10.8,-7.4,-2.9,1.5,5.0,7.5,5.5,2.4,-1.5,-5.7,-9.9,-5.2,-3.2,-1.6,-1.1,-2.2,-4.1,-5.8,-6.2,61.4,57.1,55.1,56.6,60.7,65.3,67.0,65.5,64.1,61.5,59.7,58.6,59.1,60.8,63.3,64.8,65.4,65.9,65.9,65.4,63.2,63.8,62.9,61.0,59.2,58.6,59.5,61.4,55.2,50.8,48.5,49.7,53.7,58.1,60.3,59.5,58.5,55.6,53.3,51.9,52.2,53.3,55.4,57.1,58.2,58.9,59.2,59.4,56.7,57.2,56.2,54.3,52.6,52.1,53.0,55.0,919.6,919.9,919.8,919.2,918.6,918.4,918.3,918.9,924.1,921.3,918.7,917.3,917.5,918.6,920.1,918.6,917.4,917.4,918.8,921.3,919.8,919.6,919.5,919.7,920.0,920.2,920.3,920.1,892.5,893.4,894.3,894.7,894.5,893.6,892.7,892.4,893.6,892.4,891.6,891.8,893.6,896.5,899.4,896.4,893.6,891.8,891.5,892.4,893.7,893.9,894.3,894.7,894.8,894.6,894.2,893.9,0.00,0.00,0.77,0.00,0.00,0.00,0.00,0.60,0.55,1.14,0.00,0.00,0.01,0.00,1.25,0.54,0.18,0.00,0.00,0.00,1.00,0.00,0.00,0.00,1.00,0.00,1.00,0.00,0.00,0.00,1.00,1.00,0.00,0.00,0.00
127,0,8.791,0.98,1,0.116876,0.062583,-0.991173,-0.057770,0.077533,-0.995315,0.030,0.070,204.8,205.7,208.0,210.4,211.5,210.8,208.3,205.9,201.8,203.1,205.1,207.6,210.3,212.3,213.9,212.3,210.0,207.6,205.3,203.3,207.2,208.3,209.3,209.6,209.2,208.1,207.1,206.7,234.3,234.9,237.1,239.7,241.1,240.5,238.3,235.5,232.2,233.5,235.4,238.1,240.6,242.7,244.1,243.0,241.1,238.9,236.4,234.0,236.7,237.9,238.8,239.1,238.5,237.4,236.4,236.1,354.8,352.3,351.2,352.0,354.4,357.0,358.0,357.1,356.1,354.8,353.8,353.3,353.6,354.5,355.8,356.7,357.1,357.4,357.4,357.0,355.8,356.1,355.6,354.6,353.5,353.2,353.7,354.7,352.1,349.5,348.1,348.8,351.1,353.7,355.1,354.6,354.0,352.4,351.0,350.2,350.3,350.8,351.9,353.1,353.8,354.3,354.5,354.5,352.9,353.2,352.6,351.5,350.5,350.2,350.8,351.9,-62.0,-60.5,-56.4,-52.2,-50.2,-51.4,-55.8,-60.1,-67.6,-65.1,-61.4,-56.9,-52.3,-48.7,-46.1,-48.8,-52.7,-57.0,-61.1,-64.8,-57.8,-55.9,-54.1,-53.5,-54.3,-56.2,-58.0,-58.7,-9.8,-8.8,-5.0,-0.6,1.8,0.8,-3.0,-7.6,-13.5,-11.2,-7.8,-3.3,1.1,4.6,7.1,5.1,2.0,-1.9,-6.1,-10.3,-5.6,-3.7,-2.0,-1.6,-2.6,-4.5,-6.2,-6.6,61.3,56.9,54.9,56.4,60.5,65.2,66.9,65.4,63.9,61.4,59.6,58.5,59.0,60.7,63.2,64.6,65.2,65.7,65.8,65.3,63.0,63.7,62.8,60.9,59.1,58.5,59.3,61.2,54.9,50.5,48.3,49.5,53.4,57.8,60.1,59.3,58.3,55.4,53.0,51.7,51.9,53.0,55.1,56.8,57.9,58.6,58.9,59.1,56.4,57.0,56.0,54.0,52.3,51.8,52.8,54.7,917.7,918.0,917.9,917.3,916.7,916.5,916.4,917.0,922.2,919.4,916.8,915.3,915.6,916.7,918.2,916.7,915.5,915.5,916.9,919.4,917.9,917.6,917.6,917.8,918.0,918.3,918.4,918.2,891.5,892.3,893.2,893.7,893.4,892.5,891.6,891.4,892.6,891.4,890.5,890.7,892.6,895.4,898.4,895.3,892.5,890.7,890.4,891.3,892.7,892.9,893.3,893.7,893.8,893.6,893.2,892.8,0.00,0.00,0.71,0.00,0.00,0.00,0.00,0.66,0.55,1.15,0.00,0.06,0.01,0.00,1.39,0.59,0.18,0.00,0.00,0.00,1.00,0.00,0.00,0.00,1.00,0.00,1.00,0.00,0.00,0.00,1.00,1.00,0.00,0.00,0.00
128,0,8.860,0.98,1,0.114105,0.060697,-0.991613,-0.060000,0.075976,-0.995303,0.027,0.069,204.6,205.5,207.8,210.2,211.3,210.6,208.1,205.7,201.7,202.9,204.9,207.4,210.1,212.1,213.7,212.1,209.8,207.4,205.1,203.1,207.0,208.1,209.1,209.4,209.0,207.9,206.9,206.5,234.1,234.7,236.9,239.5,240.9,240.3,238.1,235.3,232.0,233.3,235.2,237.9,240.4,242.5,243.9,242.8,241.0,238.7,236.2,233.8,236.6,237.7,238.6,238.9,238.3,237.2,236.2,235.9,354.8,352.3,351.2,352.0,354.4,357.1,358.0,357.2,356.2,354.8,353.9,353.3,353.6,354.5,355.8,356.7,357.1,357.4,357.4,357.0,355.8,356.2,355.7,354.6,353.6,353.2,353.7,354.8,352.1,349.5,348.1,348.8,351.1,353.7,355.1,354.6,354.0,352.3,351.0,350.2,350.2,350.8,351.9,353.0,353.7,354.2,354.4,354.5,352.9,353.2,352.6,351.5,350.4,350.2,350.7,351.9,-62.4,-60.9,-56.8,-52.5,-50.5,-51.7,-56.1,-60.4,-67.9,-65.4,-61.8,-57.3,-52.6,-49.0,-46.4,-49.2,-53.1,-57.3,-61.5,-65.1,-58.2,-56.3,-54.5,-53.8,-54.7,-56.6,-58.4,-59.0,-10.1,-9.1,-5.3,-0.9,1.5,0.5,-3.3,-8.0,-13.8,-11.5,-8.1,-3.7,0.7,4.3,6.8,4.8,1.6,-2.2,-6.5,-10.6,-5.9,-4.0,-2.3,-1.9,-2.9,-4.9,-6.5,-7.0,61.3,57.0,55.0,56.4,60.5,65.2,66.9,65.5,64.0,61.5,59.6,58.5,59.0,60.7,63.2,64.7,65.3,65.8,65.8,65.4,63.1,63.7,62.8,60.9,59.2,58.5,59.4,61.3,54.8,50.4,48.2,49.4,53.3,57.7,60.0,59.2,58.2,55.3,52.9,51.5,51.8,52.9,55.0,56.7,57.8,58.5,58.8,59.0,56.3,56.9,55.9,53.9,52.2,51.7,52.7,54.6,917.7,918.1,917.9,917.3,916.7,916.5,916.4,917.0,922.3,919.5,916.9,915.4,915.6,916.7,918.2,916.7,915.5,915.5,916.9,919.5,917.9,917.7,917.6,917.8,918.1,918.3,918.4,918.2,890.9,891.8,892.7,893.1,892.8,892.0,891.1,890.8,892.0,890.8,890.0,890.1,892.0,894.9,897.8,894.8,892.0,890.2,889.8,890.8,892.1,892.3,892.7,893.1,893.2,893.0,892.6,892.3,0.00,0.00,0.70,0.00,0.01,0.00,0.00,0.70,0.54,1.14,0.00,0.08,0.01,0.00,1.46,0.56,0.16,0.00,0.00,0.00,1.00,0.00,0.00,0.00,1.00,0.00,1.00,0.00,0.00,0.00,1.00,1.00,0.00,0.00,0.00
129,0,8.930,0.98,1,0.115810,0.060180,-0.991447,-0.058231,0.076031,-0.995404,0.029,0.068,204.5,205.4,207.7,210.1,211.2,210.5,208.0,205.6,201.6,202.8,204.8,207.3,210.0,212.1,213.6,212.0,209.7,207.3,205.0,203.0,206.9,208.0,209.0,209.4,208.9,207.8,206.8,206.4,234.0,234.6,236.8,239.4,240.8,240.2,238.0,235.3,231.9,233.2,235.2,237.8,240.4,242.4,243.9,242.7,240.9,238.7,236.2,233.8,236.5,237.6,238.6,238.8,238.2,237.1,236.1,235.9,354.8,352.4,351.2,352.1,354.4,357.1,358.0,357.2,356.2,354.8,353.9,353.3,353.6,354.5,355.8,356.7,357.2,357.4,357.4,357.1,355.8,356.2,355.7,354.6,353.6,353.2,353.7,354.8,352.0,349.4,348.1,348.7,351.0,353.6,355.0,354.6,353.9,352.3,350.9,350.1,350.2,350.7,351.8,353.0,353.7,354.2,354.4,354.5,352.9,353.1,352.6,351.4,350.4,350.1,350.7,351.8,-62.5,-61.0,-57.0,-52.7,-50.7,-51.9,-56.2,-60.5,-68.0,-65.6,-61.9,-57.4,-52.8,-49.2,-46.6,-49.3,-53.2,-57.4,-61.6,-65.3,-58.3,-56.4,-54.6,-54.0,-54.9,-56.7,-58.5,-59.2,-10.2,-9.2,-5.4,-1.0,1.4,0.4,-3.4,-8.1,-13.9,-11.6,-8.2,-3.8,0.6,4.1,6.6,4.7,1.5,-2.3,-6.6,-10.7,-6.0,-4.1,-2.4,-2.0,-3.1,-5.0,-6.6,-7.1,61.4,57.0,55.0,56.4,60.5,65.2,66.9,65.5,64.1,61.5,59.6,58.5,59.0,60.7,63.2,64.6,65.3,65.8,65.9,65.4,63.1,63.7,62.9,61.0,59.2,58.5,59.4,61.3,54.8,50.4,48.1,49.3,53.3,57.6,59.9,59.1,58.2,55.2,52.9,51.5,51.7,52.8,54.9,56.6,57.7,58.4,58.8,59.0,56.3,56.8,55.8,53.9,52.2,51.7,52.7,54.6,917.6,917.9,917.8,917.2,916.6,916.4,916.3,916.9,922.2,919.4,916.8,915.3,915.5,916.6,918.1,916.6,915.4,915.4,916.8,919.3,917.8,917.6,917.5,917.7,917.9,918.2,918.3,918.1,891.3,892.2,893.1,893.5,893.2,892.4,891.5,891.2,892.4,891.2,890.4,890.6,892.4,895.3,898.2,895.2,892.4,890.6,890.2,891.2,892.5,892.7,893.1,893.5,893.6,893.4,893.0,892.7,0.03,0.00,0.75,0.00,0.00,0.00,0.00,0.69,0.52,1.15,0.00,0.14,0.00,0.00,1.46,0.60,0.08,0.00,0.00,0.00,1.00,0.00,0.00,0.00,1.00,0.00,1.00,0.00,0.00,0.00,1.00,1.00,0.00,0.00,0.00
130,0,9.000,0.98,1,0.112281,0.060241,-0.991849,-0.061558,0.076474,-0.995170,0.026,0.069,204.3,205.2,207.5,209.9,211.0,210.4,207.9,205.4,201.4,202.7,204.6,207.1,209.8,211.9,213.4,211.8,209.6,207.1,204.8,202.9,206.8,207.8,208.8,209.2,208.7,207.6,206.6,206.3,233.8,234.4,236.6,239.2,240.6,240.0,237.8,235.1,231.7,233.0,234.9,237.5,240.1,242.2,243.6,242.5,240.7,238.4,235.9,233.5,236.3,237.4,238.3,238.6,238.0,236.9,235.9,235.6,354.9,352.4,351.3,352.1,354.5,357.1,358.1,357.2,356.3,354.9,353.9,353.4,353.6,354.5,355.9,356.8,357.2,357.5,357.5,357.1,355.9,356.2,355.7,354.6,353.6,353.2,353.8,354.8,352.0,349.4,348.1,348.7,351.0,353.6,355.0,354.6,354.0,352.3,350.9,350.1,350.2,350.7,351.8,353.0,353.7,354.2,354.4,354.5,352.9,353.2,352.6,351.4,350.4,350.1,350.7,351.8,-62.9,-61.4,-57.4,-53.1,-51.1,-52.3,-56.6,-60.9,-68.4,-66.0,-62.4,-57.8,-53.2,-49.6,-47.0,-49.7,-53.6,-57.8,-62.0,-65.7,-58.7,-56.8,-55.0,-54.4,-55.3,-57.1,-58.9,-59.6,-10.6,-9.6,-5.8,-1.4,1.0,-0.0,-3.8,-8.5,-14.3,-12.0,-8.7,-4.2,0.2,3.7,6.3,4.3,1.1,-2.7,-7.0,-11.1,-6.4,-4.5,-2.8,-2.4,-3.5,-5.4,-7.0,-7.5,61.6,57.2,55.2,56.6,60.7,65.4,67.1,65.7,64.3,61.7,59.8,58.7,59.2,60.9,63.4,64.8,65.5,66.0,66.1,65.6,63.3,63.9,63.0,61.1,59.3,58.7,59.6,61.5,54.8,50.4,48.2,49.3,53.3,57.7,59.9,59.2,58.2,55.3,52.9,51.5,51.7,52.8,54.9,56.6,57.7,58.5,58.8,59.0,56.3,56.8,55.8,53.9,52.2,51.7,52.7,54.6,919.1,919.5,919.3,918.8,918.1,917.9,917.9,918.5,923.7,920.9,918.3,916.8,917.0,918.1,919.6,918.1,916.9,916.9,918.4,920.9,919.4,919.1,919.0,919.2,919.5,919.7,919.8,919.7,891.5,892.4,893.3,893.7,893.4,892.6,891.7,891.4,892.7,891.4,890.6,890.8,892.6,895.4,898.4,895.4,892.6,890.8,890.4,891.4,892.7,892.9,893.3,893.7,893.8,893.6,893.2,892.9,0.04,0.00,0.79,0.00,0.00,0.00,0.01,0.66,0.48,1.20,0.04,0.15,0.00,0.00,1.47,0.67,0.08,0.00,0.00,0.00,1.00,0.00,0.00,0.00,1.00,0.00,1.00,0.00,0.00,0.00,1.00,1.00,0.00,0.00,0.00
131,0,9.070,0.98,1,0.109746,0.059314,-0.992188,-0.064266,0.076192,-0.995020,0.023,0.068,204.1,204.9,207.2,209.6,210.8,210.1,207.6,205.2,201.2,202.4,204.4,206.9,209.5,211.6,213.2,211.6,209.3,206.9,204.6,202.6,206.5,207.6,208.6,208.9,208.4,207.4,206.4,206.0,233.6,234.1,236.4,238.9,240.3,239.8,237.6,234.8,231.4,232.7,234.7,237.3,239.9,242.0,243.4,242.3,240.4,238.2,235.7,233.3,236.0,237.2,238.1,238.4,237.8,236.6,235.7,235.4,355.0,352.5,351.3,352.2,354.5,357.2,358.2,357.3,356.3,355.0,354.0,353.4,353.7,354.6,355.9,356.8,357.3,357.6,357.6,357.2,355.9,356.3,355.8,354.7,353.7,353.3,353.8,354.9,352.0,349.4,348.1,348.7,351.0,353.6,355.0,354.6,354.0,352.3,350.9,350.1,350.1,350.7,351.8,352.9,353.7,354.2,354.4,354.5,352.9,353.1,352.5,351.4,350.4,350.1,350.7,351.8,-63.3,-61.8,-57.7,-53.5,-51.5,-52.6,-57.0,-61.3,-68.8,-66.3,-62.7,-58.2,-53.6,-49.9,-47.3,-50.1,-53.9,-58.2,-62.3,-66.0,-59.0,-57.2,-55.4,-54.7,-55.6,-57.5,-59.3,-59.9,-11.0,-10.0,-6.2,-1.8,0.6,-0.4,-4.2,-8.8,-14.7,-12.4,-9.0,-4.6,-0.2,3.4,5.9,3.9,0.8,-3.1,-7.3,-11.5,-6.8,-4.9,-3.2,-2.8,-3.9,-5.8,-7.4,-7.9,61.6,57.3,55.2,56.6,60.7,65.4,67.1,65.7,64.3,61.7,59.9,58.7,59.2,60.9,63.3,64.8,65.5,66.0,66.1,65.7,63.3,63.9,63.0,61.1,59.4,58.7,59.6,61.5,54.7,50.3,48.0,49.2,53.1,57.5,59.8,59.0,58.1,55.1,52.8,51.3,51.5,52.7,54.7,56.5,57.6,58.3,58.7,58.9,56.2,56.7,55.7,53.7,52.0,51.5,52.5,54.5,917.6,918.0,917.8,917.2,916.5,916.4,916.4,917.0,922.3,919.5,916.8,915.3,915.5,916.6,918.0,916.6,915.4,915.4,916.9,919.4,917.8,917.6,917.5,917.7,918.0,918.2,918.3,918.1,889.4,890.2,891.1,891.5,891.2,890.4,889.5,889.3,890.5,889.3,888.4,888.6,890.4,893.2,896.2,893.2,890.4,888.6,888.3,889.3,890.6,890.8,891.1,891.5,891.6,891.5,891.1,890.7,0.04,0.00,0.75,0.00,0.00,0.00,0.01,0.61,0.44,1.21,0.04,0.23,0.00,0.00,1.47,0.72,0.08,0.00,0.00,0.00,1.00,0.00,0.00,0.00,1.00,0.00,1.00,0.00,0.00,0.00,1.00,1.00,0.00,0.00,0.00
132,0,9.140,0.98,1,0.102346,0.058917,-0.993003,-0.070587,0.075997,-0.994606,0.016,0.068,203.6,204.4,206.7,209.1,210.3,209.6,207.1,204.7,200.7,201.9,203.9,206.4,209.0,211.1,212.7,211.1,208.8,206.4,204.1,202.1,206.0,207.1,208.1,208.4,207.9,206.9,205.9,205.5,233.1,233.7,235.9,238.5,239.9,239.3,237.1,234.4,231.0,232.3,234.2,236.8,239.4,241.5,243.0,241.8,240.0,237.7,235.2,232.8,235.6,236.7,237.7,237.9,237.3,236.2,235.2,234.9,355.0,352.5,351.3,352.2,354.5,357.2,358.2,357.3,356.4,355.0,354.0,353.4,353.7,354.6,355.9,356.8,357.3,357.6,357.6,357.2,356.0,356.3,355.8,354.7,353.7,353.3,353.8,354.9,351.9,349.3,347.9,348.6,350.9,353.5,354.9,354.5,353.9,352.2,350.8,350.0,350.0,350.6,351.7,352.8,353.6,354.1,354.3,354.4,352.7,353.0,352.4,351.3,350.3,350.0,350.6,351.7,-64.2,-62.7,-58.7,-54.4,-52.4,-53.5,-57.9,-62.1,-69.6,-67.2,-63.6,-59.1,-54.5,-50.8,-48.2,-50.9,-54.8,-59.1,-63.2,-66.9,-59.9,-58.0,-56.3,-55.6,-56.5,-58.4,-60.2,-60.8,-11.8,-10.8,-7.0,-2.6,-0.2,-1.2,-4.9,-9.6,-15.4,-13.2,-9.8,-5.4,-1.0,2.6,5.1,3.1,-0.0,-3.8,-8.1,-12.2,-7.6,-5.6,-4.0,-3.6,-4.6,-6.6,-8.2,-8.6,61.7,57.3,55.2,56.7,60.7,65.4,67.2,65.8,64.4,61.8,59.9,58.8,59.2,60.9,63.3,64.9,65.6,66.1,66.2,65.8,63.4,64.0,63.1,61.2,59.4,58.8,59.7,61.6,54.4,50.0,47.7,48.8,52.7,57.2,59.5,58.7,57.8,54.8,52.5,51.0,51.2,52.3,54.3,56.1,57.2,58.0,58.4,58.6,55.9,56.4,55.3,53.4,51.7,51.2,52.2,54.1,918.0,918.3,918.1,917.5,916.8,916.7,916.7,917.3,922.7,919.8,917.1,915.6,915.7,916.8,918.2,916.8,915.7,915.7,917.2,919.8,918.2,917.9,917.8,917.9,918.2,918.5,918.6,918.5,887.1,888.0,888.8,889.2,888.9,888.1,887.2,887.0,888.3,887.0,886.2,886.3,888.1,890.9,893.9,890.8,888.1,886.3,886.0,887.0,888.3,888.5,888.9,889.2,889.4,889.2,888.8,888.4,0.02,0.00,0.70,0.00,0.00,0.00,0.01,0.54,0.46,1.18,0.04,0.18,0.00,0.00,1.34,0.71,0.05,0.00,0.00,0.00,1.00,0.00,0.00,0.00,1.00,0.00,1.00,0.00,0.00,0.00,1.00,1.00,0.00,0.00,0.00
133,0,9.209,0.98,1,0.097429,0.057869,-0.993559,-0.075177,0.075352,-0.994319,0.011,0.067,203.2,204.0,206.3,208.7,209.8,209.2,206.7,204.3,200.4,201.6,203.5,206.0,208.6,210.7,212.2,210.6,208.4,206.0,203.7,201.8,205.6,206.7,207.7,208.0,207.5,206.5,205.5,205.1,232.5,233.1,235.3,237.8,239.2,238.7,236.5,233.8,230.4,231.7,233.6,236.2,238.8,240.9,242.4,241.2,239.4,237.1,234.6,232.3,235.0,236.1,237.1,237.3,236.7,235.6,234.6,234.3,355.0,352.5,351.3,352.1,354.5,357.1,358.1,357.3,356.4,355.0,354.0,353.4,353.6,354.5,355.9,356.8,357.2,357.5,357.6,357.2,355.9,356.3,355.8,354.7,353.7,353.3,353.8,354.9,351.8,349.2,347.8,348.5,350.8,353.4,354.7,354.3,353.7,352.1,350.7,349.8,349.9,350.4,351.5,352.6,353.4,353.9,354.2,354.3,352.6,352.9,352.3,351.1,350.1,349.9,350.5,351.6,-65.4,-64.0,-60.0,-55.7,-53.6,-54.7,-59.1,-63.4,-70.8,-68.5,-64.9,-60.4,-55.7,-52.1,-49.4,-52.2,-56.1,-60.3,-64.4,-68.1,-61.2,-59.3,-57.5,-56.9,-57.8,-59.7,-61.4,-62.1,-12.9,-11.9,-8.1,-3.7,-1.3,-2.2,-6.0,-10.7,-16.5,-14.3,-11.0,-6.5,-2.1,1.5,4.1,2.1,-1.1,-4.9,-9.2,-13.3,-8.6,-6.7,-5.1,-4.7,-5.7,-7.7,-9.3,-9.7,62.2,57.8,55.7,57.1,61.2,65.9,67.7,66.3,65.0,62.4,60.4,59.3,59.7,61.3,63.8,65.3,66.0,66.6,66.7,66.3,63.9,64.5,63.6,61.7,59.9,59.3,60.2,62.1,54.6,50.2,47.9,49.0,52.9,57.3,59.6,58.9,58.0,55.0,52.6,51.2,51.3,52.5,54.5,56.3,57.4,58.2,58.6,58.8,56.0,56.5,55.5,53.6,51.9,51.4,52.4,54.3,926.3,926.6,926.4,925.7,925.0,924.9,924.9,925.6,931.0,928.1,925.4,923.8,924.0,925.1,926.5,925.1,923.9,924.0,925.5,928.1,926.4,926.2,926.1,926.2,926.5,926.8,926.9,926.7,894.1,895.0,895.8,896.2,895.9,895.0,894.2,894.0,895.3,894.1,893.2,893.3,895.0,897.8,900.7,897.7,895.0,893.3,893.0,894.0,895.3,895.4,895.8,896.2,896.3,896.2,895.8,895.4,0.03,0.00,0.72,0.00,0.00,0.00,0.00,0.47,0.43,1.13,0.11,0.23,0.00,0.00,1.06,0.57,0.05,0.00,0.00,1.00,1.00,0.00,0.00,0.00,1.00,0.00,1.00,0.00,0.00,0.00,1.00,1.00,0.00,0.00,0.00
134,0,9.279,0.98,1,0.088522,0.055052,-0.994552,-0.081260,0.072517,-0.994051,0.004,0.064,202.4,203.2,205.5,207.9,209.0,208.4,206.0,203.6,199.6,200.8,202.7,205.1,207.8,209.9,211.4,209.8,207.6,205.2,203.0,201.0,204.8,205.9,206.9,207.2,206.7,205.7,204.7,204.3,231.7,232.3,234.5,237.0,238.5,237.9,235.7,233.0,229.6,230.9,232.8,235.4,238.0,240.1,241.6,240.4,238.6,236.4,233.9,231.5,234.2,235.3,236.3,236.5,235.9,234.8,233.8,233.6,355.0,352.5,351.3,352.1,354.4,357.0,358.1,357.3,356.3,355.0,354.0,353.4,353.6,354.4,355.8,356.7,357.2,357.5,357.5,357.2,355.9,356.2,355.7,354.6,353.6,353.3,353.8,354.9,351.6,349.0,347.6,348.3,350.6,353.2,354.5,354.1,353.6,351.9,350.5,349.6,349.7,350.2,351.3,352.4,353.2,353.7,354.0,354.1,352.4,352.7,352.1,350.9,349.9,349.7,350.3,351.4,-66.8,-65.4,-61.4,-57.1,-55.0,-56.1,-60.4,-64.7,-72.1,-69.8,-66.3,-61.8,-57.2,-53.5,-50.8,-53.5,-57.4,-61.7,-65.8,-69.4,-62.5,-60.7,-58.9,-58.3,-59.2,-61.1,-62.8,-63.4,-14.2,-13.3,-9.5,-5.1,-2.6,-3.5,-7.3,-12.0,-17.8,-15.6,-12.3,-7.9,-3.4,0.2,2.8,0.8,-2.4,-6.2,-10.5,-14.6,-10.0,-8.0,-6.4,-6.0,-7.0,-9.0,-10.6,-11.0,62.2,57.8,55.7,57.0,61.1,65.8,67.6,66.2,65.0,62.3,60.4,59.2,59.6,61.2,63.6,65.2,66.0,66.6,66.7,66.3,63.8,64.4,63.5,61.5,59.8,59.2,60.1,62.0,54.2,49.8,47.4,48.5,52.4,56.8,59.2,58.5,57.6,54.6,52.2,50.7,50.9,52.0,54.0,55.8,56.9,57.7,58.1,58.4,55.6,56.1,55.1,53.1,51.4,50.9,52.0,53.9,926.2,926.5,926.2,925.5,924.8,924.7,924.8,925.5,931.0,928.1,925.4,923.7,923.8,924.8,926.2,924.9,923.8,923.9,925.5,928.1,926.3,926.0,925.9,926.0,926.3,926.6,926.8,926.6,892.2,893.0,893.9,894.2,893.9,893.0,892.2,892.0,893.4,892.1,891.2,891.3,893.1,895.8,898.7,895.7,893.0,891.3,891.1,892.1,893.3,893.5,893.8,894.2,894.4,894.2,893.8,893.5,0.04,0.00,0.78,0.00,0.00,0.00,0.00,0.31,0.39,1.04,0.18,0.33,0.00,0.00,0.58,0.34,0.02,0.00,0.00,1.00,1.00,0.00,0.00,0.00,1.00,0.00,1.00,0.00,0.00,0.00,0.00,0.00,0.00,0.00,0.00
135,0,9.349,0.98,1,0.086019,0.049098,-0.995083,-0.081462,0.065069,-0.994550,0.002,0.057,202.1,202.9,205.2,207.6,208.7,208.1,205.7,203.3,199.4,200.5,202.4,204.8,207.5,209.6,211.1,209.6,207.3,204.9,202.7,200.7,204.5,205.6,206.6,206.9,206.4,205.4,204.4,204.0,231.4,232.0,234.2,236.8,238.2,237.7,235.4,232.7,229.3,230.6,232.5,235.1,237.7,239.8,241.3,240.2,238.3,236.1,233.6,231.2,233.9,235.0,236.0,236.2,235.6,234.5,233.5,233.3,355.0,352.5,351.3,352.1,354.4,357.1,358.1,357.3,356.4,355.0,354.0,353.4,353.6,354.4,355.8,356.7,357.2,357.6,357.6,357.3,355.9,356.2,355.7,354.6,353.6,353.3,353.8,354.9,351.6,349.0,347.6,348.2,350.5,353.1,354.5,354.1,353.5,351.8,350.5,349.6,349.6,350.2,351.3,352.4,353.2,353.7,354.0,354.1,352.4,352.7,352.0,350.9,349.9,349.6,350.2,351.4,-67.2,-65.9,-61.8,-57.5,-55.5,-56.5,-60.9,-65.2,-72.5,-70.3,-66.7,-62.3,-57.6,-53.9,-51.2,-54.0,-57.9,-62.1,-66.2,-69.8,-63.0,-61.1,-59.3,-58.7,-59.6,-61.5,-63.3,-63.9,-14.6,-13.7,-9.9,-5.5,-3.1,-4.0,-7.8,-12.5,-18.3,-16.1,-12.7,-8.3,-3.9,-0.3,2.3,0.3,-2.9,-6.7,-11.0,-15.1,-10.4,-8.5,-6.8,-6.4,-7.5,-9.4,-11.1,-11.5,62.1,57.8,55.6,56.9,61.0,65.7,67.5,66.2,64.9,62.3,60.3,59.1,59.5,61.1,63.5,65.1,65.9,66.6,66.7,66.3,63.7,64.3,63.4,61.5,59.7,59.1,60.1,62.0,54.0,49.6,47.2,48.3,52.2,56.7,59.0,58.3,57.4,54.4,52.0,50.5,50.7,51.8,53.8,55.6,56.7,57.5,58.0,58.2,55.4,55.9,54.9,52.9,51.2,50.7,51.8,53.7,924.8,925.1,924.7,924.0,923.3,923.3,923.4,924.2,929.6,926.7,924.0,922.3,922.3,923.3,924.7,923.4,922.4,922.5,924.1,926.8,924.9,924.6,924.5,924.6,924.9,925.2,925.3,925.2,890.0,890.9,891.7,892.0,891.7,890.9,890.0,889.9,891.2,890.0,889.1,889.1,890.9,893.7,896.6,893.6,890.8,889.2,888.9,889.9,891.2,891.3,891.7,892.0,892.2,892.0,891.7,891.3,0.11,0.00,0.85,0.00,0.00,0.00,0.04,0.26,0.33,0.92,0.27,0.56,0.00,0.00,0.23,0.13,0.02,0.00,0.00,1.00,1.00,0.00,0.00,0.00,1.00,0.00,1.00,0.00,1.00,0.00,0.00,0.00,0.00,0.00,0.00
136,0,9.419,0.98,1,0.083191,0.048446,-0.995355,-0.084191,0.063154,-0.994446,-0.001,0.056,202.0,202.8,205.1,207.5,208.6,208.0,205.5,203.2,199.3,200.4,202.3,204.7,207.3,209.5,211.0,209.4,207.2,204.8,202.6,200.6,204.4,205.5,206.5,206.8,206.3,205.3,204.3,203.9,231.3,231.9,234.1,236.7,238.1,237.5,235.3,232.6,229.2,230.5,232.4,235.0,237.6,239.7,241.2,240.0,238.2,235.9,233.4,231.0,233.8,234.9,235.9,236.1,235.5,234.4,233.4,233.1,355.0,352.5,351.3,352.1,354.4,357.0,358.0,357.3,356.3,355.0,354.0,353.3,353.6,354.4,355.8,356.7,357.2,357.5,357.5,357.2,355.9,356.2,355.7,354.6,353.6,353.3,353.8,354.9,351.7,349.1,347.7,348.3,350.6,353.2,354.6,354.2,353.6,351.9,350.5,349.7,349.7,350.3,351.4,352.5,353.3,353.8,354.0,354.1,352.5,352.8,352.1,351.0,350.0,349.7,350.3,351.5,-67.6,-66.2,-62.2,-57.9,-55.9,-56.9,-61.3,-65.6,-72.9,-70.6,-67.1,-62.7,-58.0,-54.3,-51.6,-54.4,-58.3,-62.5,-66.6,-70.2,-63.3,-61.5,-59.7,-59.1,-60.0,-61.9,-63.6,-64.2,-14.9,-13.9,-10.1,-5.7,-3.3,-4.3,-8.1,-12.7,-18.5,-16.3,-13.0,-8.5,-4.1,-0.5,2.1,0.1,-3.1,-7.0,-11.2,-15.3,-10.7,-8.7,-7.1,-6.7,-7.7,-9.6,-11.3,-11.7,62.2,57.9,55.7,57.1,61.1,65.8,67.7,66.3,65.0,62.4,60.4,59.2,59.6,61.2,63.7,65.3,66.1,66.7,66.8,66.4,63.9,64.5,63.5,61.6,59.8,59.2,60.2,62.1,54.1,49.7,47.4,48.5,52.5,56.9,59.2,58.4,57.5,54.6,52.2,50.7,50.9,52.0,54.0,55.8,57.0,57.7,58.1,58.3,55.6,56.1,55.1,53.1,51.4,50.9,51.9,53.9,927.5,927.7,927.4,926.7,926.0,926.0,926.1,926.8,932.3,929.4,926.6,924.9,925.0,926.0,927.4,926.1,925.0,925.2,926.8,929.5,927.6,927.3,927.1,927.2,927.5,927.8,928.0,927.9,890.3,891.1,891.9,892.3,892.0,891.2,890.3,890.2,891.5,890.3,889.3,889.4,891.1,893.9,896.8,893.8,891.1,889.4,889.2,890.2,891.4,891.6,892.0,892.3,892.4,892.3,891.9,891.6,0.22,0.00,0.83,0.00,0.00,0.00,0.09,0.22,0.29,0.82,0.20,0.70,0.00,0.00,0.01,0.00,0.02,0.00,0.00,1.00,1.00,0.00,0.00,0.00,1.00,0.00,1.00,0.00,1.00,0.00,0.00,0.00,0.00,0.00,0.00
137,0,9.488,0.98,1,0.092625,0.050324,-0.994429,-0.075908,0.063347,-0.995100,0.008,0.057,202.4,203.2,205.5,207.9,209.0,208.4,205.9,203.5,199.6,200.8,202.7,205.1,207.8,209.9,211.4,209.8,207.6,205.2,202.9,201.0,204.8,205.8,206.8,207.2,206.7,205.7,204.7,204.3,231.7,232.3,234.5,237.1,238.5,237.9,235.7,233.0,229.6,230.9,232.8,235.4,238.0,240.1,241.6,240.4,238.6,236.3,233.8,231.4,234.2,235.3,236.3,236.5,235.9,234.8,233.8,233.6,354.7,352.2,351.0,351.9,354.2,356.8,357.8,357.0,356.0,354.6,353.7,353.1,353.3,354.2,355.6,356.5,357.0,357.3,357.3,356.9,355.6,356.0,355.5,354.4,353.4,353.0,353.5,354.6,351.7,349.1,347.7,348.4,350.7,353.3,354.7,354.2,353.6,351.9,350.6,349.7,349.8,350.4,351.5,352.6,353.4,353.9,354.1,354.1,352.5,352.8,352.2,351.1,350.0,349.8,350.4,351.5,-66.7,-65.2,-61.2,-56.9,-54.9,-56.0,-60.4,-64.7,-72.0,-69.7,-66.1,-61.7,-57.0,-53.3,-50.7,-53.5,-57.4,-61.6,-65.7,-69.3,-62.4,-60.5,-58.8,-58.1,-59.0,-60.9,-62.7,-63.3,-14.2,-13.2,-9.4,-5.0,-2.6,-3.6,-7.4,-12.0,-17.8,-15.6,-12.2,-7.8,-3.3,0.2,2.8,0.7,-2.4,-6.3,-10.5,-14.6,-10.0,-8.0,-6.4,-5.9,-7.0,-8.9,-10.6,-11.0,61.5,57.1,55.0,56.4,60.5,65.2,67.0,65.6,64.2,61.6,59.6,58.5,58.9,60.6,63.1,64.7,65.4,66.0,66.1,65.6,63.1,63.8,62.8,60.9,59.2,58.5,59.4,61.4,54.2,49.8,47.5,48.7,52.6,57.0,59.3,58.5,57.6,54.6,52.2,50.8,51.0,52.2,54.2,56.0,57.1,57.9,58.2,58.4,55.7,56.2,55.2,53.3,51.5,51.0,52.0,53.9,923.5,923.7,923.4,922.7,922.1,922.0,922.1,922.8,928.3,925.4,922.6,920.9,921.0,922.1,923.5,922.2,921.1,921.2,922.8,925.4,923.6,923.3,923.2,923.3,923.5,923.8,924.0,923.9,891.1,891.9,892.7,893.1,892.8,892.0,891.2,891.0,892.3,891.0,890.1,890.2,892.0,894.8,897.7,894.7,892.0,890.3,890.0,891.0,892.2,892.4,892.8,893.1,893.3,893.1,892.7,892.4,0.20,0.00,0.76,0.00,0.00,0.00,0.09,0.20,0.29,0.86,0.13,0.78,0.00,0.01,0.00,0.00,0.04,0.00,0.00,0.00,1.00,0.00,0.00,0.00,1.00,0.00,1.00,0.00,1.00,0.00,0.00,0.00,0.00,0.00,0.00
138,0,9.558,0.98,1,0.099798,0.052537,-0.993620,-0.068789,0.064392,-0.995551,0.016,0.059,202.9,203.7,206.0,208.4,209.5,208.9,206.4,204.0,200.0,201.2,203.2,205.7,208.3,210.4,211.9,210.3,208.1,205.6,203.4,201.4,205.3,206.3,207.3,207.7,207.2,206.2,205.2,204.8,232.3,232.9,235.2,237.7,239.1,238.5,236.3,233.5,230.2,231.5,233.4,236.1,238.7,240.7,242.2,241.0,239.2,236.9,234.4,232.0,234.8,235.9,236.9,237.1,236.5,235.4,234.4,234.2,354.6,352.1,351.0,351.8,354.2,356.8,357.8,356.9,355.9,354.5,353.6,353.0,353.3,354.2,355.6,356.5,357.0,357.3,357.2,356.8,355.5,355.9,355.4,354.3,353.3,352.9,353.4,354.5,351.9,349.3,347.9,348.6,350.9,353.5,354.9,354.4,353.8,352.1,350.8,349.9,350.0,350.6,351.7,352.9,353.6,354.1,354.3,354.3,352.7,353.0,352.4,351.3,350.3,350.0,350.6,351.7,-65.4,-64.0,-59.9,-55.6,-53.6,-54.8,-59.2,-63.5,-70.9,-68.5,-64.9,-60.4,-55.7,-52.1,-49.5,-52.3,-56.2,-60.4,-64.5,-68.2,-61.2,-59.3,-57.6,-56.9,-57.8,-59.6,-61.4,-62.1,-13.1,-12.1,-8.3,-3.9,-1.5,-2.6,-6.4,-11.0,-16.8,-14.5,-11.2,-6.7,-2.3,1.2,3.7,1.7,-1.4,-5.2,-9.5,-13.6,-8.9,-7.0,-5.4,-4.9,-5.9,-7.9,-9.5,-10.0,61.0,56.6,54.6,56.0,60.1,64.8,66.5,65.1,63.6,61.0,59.1,58.0,58.5,60.2,62.8,64.3,65.0,65.5,65.5,65.0,62.7,63.3,62.4,60.5,58.7,58.1,59.0,60.9,54.4,50.0,47.7,48.9,52.9,57.3,59.5,58.7,57.7,54.8,52.4,51.0,51.3,52.5,54.6,56.3,57.4,58.1,58.4,58.6,55.9,56.4,55.4,53.5,51.8,51.2,52.2,54.1,918.1,918.3,918.0,917.4,916.8,916.7,916.8,917.5,922.9,920.0,917.2,915.6,915.7,916.8,918.2,916.9,915.8,915.9,917.4,920.0,918.3,918.0,917.8,917.9,918.2,918.5,918.6,918.5,888.4,889.3,890.2,890.6,890.3,889.5,888.6,888.3,889.6,888.4,887.5,887.6,889.4,892.3,895.2,892.2,889.4,887.7,887.4,888.4,889.6,889.8,890.2,890.6,890.7,890.5,890.1,889.8,0.11,0.00,0.65,0.00,0.00,0.00,0.04,0.15,0.33,0.90,0.04,0.77,0.00,0.04,0.00,0.00,0.02,0.00,0.00,0.00,1.00,0.00,0.00,0.00,1.00,0.00,1.00,0.00,1.00,0.00,0.00,0.00,0.00,0.00,0.00
139,0,9.628,0.98,1,0.109495,0.056286,-0.992392,-0.058815,0.066687,-0.996039,0.025,0.062,203.5,204.4,206.7,209.1,210.2,209.5,207.0,204.6,200.6,201.8,203.8,206.3,209.0,211.1,212.6,211.0,208.7,206.3,204.0,202.0,205.9,207.0,208.0,208.4,207.9,206.8,205.8,205.4,233.1,233.7,235.9,238.5,239.9,239.3,237.0,234.3,230.9,232.2,234.2,236.8,239.4,241.5,242.9,241.8,239.9,237.7,235.2,232.8,235.5,236.6,237.6,237.9,237.3,236.2,235.2,234.9,354.6,352.1,351.0,351.9,354.2,356.9,357.9,357.0,355.9,354.6,353.6,353.1,353.4,354.3,355.7,356.6,357.1,357.3,357.3,356.8,355.6,356.0,355.5,354.4,353.4,353.0,353.5,354.6,352.1,349.5,348.2,348.9,351.2,353.8,355.2,354.7,354.0,352.3,351.0,350.2,350.3,350.9,352.0,353.2,353.9,354.4,354.6,354.6,353.0,353.3,352.7,351.6,350.5,350.2,350.8,351.9,-63.9,-62.4,-58.3,-54.1,-52.1,-53.3,-57.7,-62.0,-69.4,-67.0,-63.4,-58.8,-54.2,-50.6,-48.0,-50.8,-54.7,-58.9,-63.0,-66.7,-59.7,-57.9,-56.1,-55.4,-56.3,-58.1,-59.9,-60.6,-11.8,-10.8,-6.9,-2.6,-0.2,-1.3,-5.1,-9.7,-15.5,-13.2,-9.8,-5.4,-1.0,2.5,5.0,3.0,-0.1,-3.9,-8.2,-12.3,-7.6,-5.7,-4.1,-3.6,-4.6,-6.5,-8.2,-8.7,60.6,56.3,54.3,55.8,59.9,64.6,66.2,64.8,63.2,60.7,58.8,57.8,58.3,60.0,62.6,64.1,64.7,65.2,65.2,64.7,62.4,63.0,62.2,60.3,58.5,57.8,58.7,60.6,54.7,50.3,48.0,49.3,53.3,57.6,59.9,59.0,58.0,55.0,52.7,51.4,51.6,52.8,55.0,56.7,57.8,58.5,58.8,58.9,56.2,56.7,55.8,53.9,52.1,51.6,52.5,54.5,912.4,912.6,912.3,911.7,911.1,911.1,911.2,911.8,917.1,914.2,911.5,909.9,910.0,911.2,912.6,911.3,910.1,910.2,911.7,914.3,912.6,912.3,912.2,912.3,912.6,912.8,912.9,912.8,886.7,887.5,888.4,888.9,888.6,887.8,886.9,886.6,887.8,886.6,885.7,885.9,887.8,890.7,893.6,890.6,887.8,886.0,885.6,886.6,887.9,888.1,888.5,888.9,889.0,888.8,888.4,888.0,0.01,0.00,0.65,0.07,0.00,0.00,0.00,0.06,0.33,0.92,0.04,0.74,0.07,0.15,0.00,0.00,0.02,0.00,0.00,0.00,1.00,0.00,0.00,0.00,1.00,0.00,1.00,0.00,1.00,0.00,1.00,0.00,0.00,0.00,0.00
140,0,9.698,0.98,1,0.118993,0.063545,-0.990860,-0.050811,0.074259,-0.995944,0.034,0.069,204.1,205.0,207.4,209.8,210.9,210.2,207.6,205.2,201.2,202.5,204.4,207.0,209.6,211.7,213.3,211.6,209.4,206.9,204.6,202.6,206.5,207.6,208.6,209.0,208.5,207.5,206.5,206.1,233.7,234.3,236.5,239.1,240.5,239.8,237.6,234.9,231.5,232.8,234.8,237.4,240.0,242.1,243.5,242.3,240.5,238.3,235.8,233.4,236.1,237.2,238.2,238.5,237.9,236.8,235.8,235.5,355.0,352.5,351.3,352.2,354.6,357.3,358.2,357.4,356.2,354.9,354.0,353.4,353.7,354.7,356.1,357.0,357.4,357.7,357.6,357.2,356.0,356.4,355.9,354.8,353.7,353.3,353.8,354.9,352.6,350.0,348.6,349.3,351.7,354.3,355.6,355.1,354.5,352.8,351.5,350.7,350.8,351.4,352.5,353.6,354.4,354.8,355.0,355.1,353.4,353.7,353.1,352.0,351.0,350.7,351.3,352.4,-62.6,-61.1,-57.0,-52.8,-50.8,-52.1,-56.5,-60.7,-68.1,-65.7,-62.1,-57.5,-52.9,-49.3,-46.7,-49.5,-53.4,-57.6,-61.8,-65.4,-58.4,-56.6,-54.8,-54.1,-55.0,-56.8,-58.6,-59.3,-10.8,-9.8,-5.9,-1.6,0.8,-0.3,-4.1,-8.7,-14.5,-12.2,-8.8,-4.3,0.0,3.5,6.0,4.0,0.9,-2.9,-7.2,-11.3,-6.6,-4.7,-3.1,-2.6,-3.6,-5.5,-7.2,-7.7,61.1,56.7,54.7,56.3,60.4,65.1,66.7,65.2,63.6,61.1,59.3,58.2,58.8,60.5,63.1,64.6,65.2,65.7,65.7,65.1,62.8,63.5,62.6,60.7,58.9,58.3,59.1,61.0,55.5,51.1,48.9,50.1,54.1,58.5,60.7,59.8,58.8,55.9,53.5,52.2,52.5,53.7,55.8,57.6,58.6,59.3,59.6,59.7,57.0,57.6,56.6,54.7,52.9,52.4,53.4,55.3,909.7,910.0,909.8,909.2,908.6,908.6,908.6,909.2,914.4,911.6,908.9,907.3,907.5,908.6,910.1,908.8,907.6,907.6,909.1,911.6,910.0,909.7,909.6,909.7,910.0,910.2,910.3,910.2,887.4,888.3,889.2,889.7,889.5,888.7,887.7,887.4,888.5,887.3,886.5,886.7,888.6,891.5,894.5,891.5,888.7,886.9,886.5,887.4,888.7,888.9,889.3,889.7,889.8,889.6,889.2,888.8,0.01,0.00,0.67,0.14,0.00,0.00,0.00,0.06,0.32,0.95,0.04,0.53,0.07,0.16,0.04,0.06,0.00,0.00,0.00,0.00,1.00,0.00,0.00,0.00,1.00,0.00,1.00,0.00,1.00,0.00,1.00,0.00,0.00,0.00,0.00
141,0,9.767,0.98,1,0.119607,0.076693,-0.989855,-0.051003,0.086619,-0.994935,0.035,0.082,204.7,205.7,208.0,210.4,211.5,210.8,208.2,205.8,201.7,203.0,205.0,207.6,210.3,212.4,213.9,212.2,210.0,207.5,205.2,203.2,207.1,208.2,209.2,209.6,209.2,208.1,207.1,206.7,234.4,235.1,237.3,239.9,241.2,240.6,238.4,235.6,232.2,233.6,235.6,238.2,240.8,242.9,244.3,243.1,241.3,239.0,236.5,234.1,236.9,238.0,239.0,239.3,238.7,237.5,236.5,236.3,355.1,352.6,351.5,352.4,354.8,357.5,358.4,357.5,356.3,355.0,354.1,353.6,354.0,354.9,356.4,357.3,357.6,357.9,357.8,357.3,356.1,356.5,356.1,355.0,353.9,353.5,354.0,355.1,353.0,350.4,349.1,349.8,352.2,354.8,356.1,355.6,354.9,353.3,351.9,351.2,351.3,351.9,353.0,354.2,354.9,355.4,355.5,355.5,353.9,354.2,353.7,352.5,351.5,351.2,351.7,352.9,-61.3,-59.7,-55.5,-51.3,-49.5,-50.7,-55.2,-59.4,-66.8,-64.3,-60.7,-56.1,-51.5,-47.9,-45.4,-48.2,-52.1,-56.3,-60.5,-64.1,-57.1,-55.2,-53.4,-52.7,-53.6,-55.4,-57.2,-57.9,-9.4,-8.4,-4.6,-0.2,2.1,1.1,-2.8,-7.4,-13.2,-10.9,-7.5,-3.0,1.4,4.9,7.3,5.3,2.2,-1.6,-5.9,-10.0,-5.3,-3.4,-1.7,-1.3,-2.3,-4.2,-5.9,-6.3,61.0,56.6,54.7,56.3,60.4,65.1,66.7,65.1,63.4,60.9,59.2,58.2,58.8,60.6,63.2,64.6,65.2,65.6,65.5,64.9,62.8,63.5,62.6,60.7,58.9,58.2,59.1,61.0,56.0,51.6,49.4,50.7,54.7,59.1,61.3,60.4,59.3,56.4,54.1,52.8,53.1,54.3,56.4,58.2,59.2,59.9,60.2,60.2,57.6,58.1,57.2,55.3,53.5,53.0,53.9,55.8,904.7,904.9,904.7,904.1,903.5,903.5,903.5,904.1,909.3,906.5,903.8,902.3,902.4,903.6,905.1,903.7,902.5,902.6,904.0,906.6,904.9,904.7,904.6,904.7,904.9,905.2,905.3,905.2,882.9,883.8,884.7,885.2,885.0,884.2,883.3,882.9,884.1,882.8,882.0,882.2,884.2,887.1,890.1,887.1,884.2,882.4,882.0,882.9,884.2,884.5,884.9,885.2,885.3,885.1,884.7,884.3,0.01,0.00,0.70,0.27,0.00,0.00,0.00,0.03,0.27,1.01,0.04,0.39,0.07,0.14,0.20,0.24,0.00,0.00,0.00,0.00,1.00,0.00,0.00,0.00,1.00,0.00,1.00,0.00,1.00,0.00,1.00,0.00,0.00,0.00,0.00
142,0,9.837,0.98,1,0.119940,0.081810,-0.989405,-0.049316,0.091056,-0.994624,0.036,0.087,205.5,206.4,208.8,211.2,212.2,211.5,208.9,206.5,202.5,203.8,205.8,208.4,211.0,213.1,214.6,213.0,210.7,208.2,205.9,203.9,207.9,208.9,210.0,210.4,209.9,208.9,207.8,207.4,235.2,235.9,238.1,240.7,242.0,241.4,239.1,236.4,233.0,234.4,236.4,239.0,241.6,243.6,245.0,243.9,242.1,239.8,237.3,234.9,237.6,238.8,239.7,240.0,239.4,238.3,237.3,237.1,355.2,352.7,351.6,352.6,355.0,357.7,358.6,357.6,356.4,355.1,354.2,353.7,354.1,355.1,356.5,357.4,357.8,358.0,357.9,357.4,356.3,356.7,356.2,355.1,354.1,353.7,354.1,355.2,353.3,350.7,349.4,350.1,352.5,355.1,356.4,355.9,355.2,353.5,352.2,351.4,351.6,352.2,353.3,354.5,355.2,355.6,355.8,355.8,354.2,354.5,353.9,352.8,351.8,351.4,352.0,353.2,-60.0,-58.3,-54.2,-50.0,-48.1,-49.4,-53.9,-58.1,-65.5,-63.0,-59.3,-54.8,-50.2,-46.6,-44.1,-46.9,-50.8,-55.0,-59.2,-62.8,-55.8,-53.9,-52.1,-51.4,-52.2,-54.1,-55.9,-56.6,-8.1,-7.0,-3.2,1.1,3.4,2.3,-1.5,-6.1,-11.9,-9.6,-6.1,-1.7,2.7,6.2,8.6,6.6,3.5,-0.3,-4.6,-8.7,-4.0,-2.1,-0.4,0.0,-1.0,-2.9,-4.5,-5.0,61.2,56.9,54.9,56.5,60.7,65.3,66.9,65.3,63.6,61.1,59.4,58.4,59.1,60.9,63.5,64.9,65.5,65.9,65.8,65.1,63.0,63.7,62.9,61.0,59.2,58.5,59.3,61.2,56.5,52.1,49.9,51.2,55.2,59.6,61.8,60.9,59.8,56.9,54.6,53.3,53.6,54.8,57.0,58.7,59.8,60.4,60.7,60.7,58.1,58.7,57.7,55.8,54.0,53.5,54.4,56.3,904.3,904.6,904.4,903.8,903.2,903.2,903.2,903.8,909.0,906.2,903.5,901.9,902.1,903.3,904.8,903.4,902.2,902.2,903.7,906.2,904.6,904.3,904.2,904.4,904.6,904.8,904.9,904.8,883.5,884.3,885.2,885.8,885.6,884.8,883.9,883.5,884.6,883.4,882.6,882.8,884.7,887.7,890.7,887.7,884.8,883.0,882.6,883.4,884.8,885.0,885.5,885.8,885.9,885.7,885.2,884.9,0.00,0.00,0.72,0.27,0.00,0.00,0.00,0.04,0.27,1.09,0.00,0.35,0.00,0.08,0.28,0.29,0.00,0.00,0.00,0.00,1.00,0.00,0.00,0.00,1.00,0.00,1.00,0.00,1.00,0.00,1.00,0.00,0.00,0.00,0.00
143,0,9.907,0.98,1,0.126833,0.083064,-0.988440,-0.043995,0.091235,-0.994857,0.042,0.088,206.1,207.0,209.4,211.9,212.9,212.1,209.5,207.1,203.0,204.4,206.4,209.0,211.7,213.8,215.3,213.6,211.3,208.9,206.5,204.5,208.5,209.6,210.6,211.0,210.6,209.5,208.5,208.0,236.0,236.6,238.9,241.4,242.8,242.1,239.9,237.1,233.7,235.1,237.1,239.8,242.4,244.4,245.8,244.6,242.8,240.6,238.1,235.6,238.4,239.5,240.5,240.8,240.2,239.1,238.1,237.8,355.3,352.8,351.8,352.7,355.2,357.8,358.7,357.8,356.5,355.2,354.4,353.9,354.2,355.3,356.7,357.6,358.0,358.2,358.0,357.5,356.4,356.8,356.4,355.3,354.2,353.8,354.3,355.3,353.5,350.9,349.6,350.3,352.7,355.3,356.6,356.1,355.4,353.7,352.4,351.6,351.8,352.4,353.5,354.7,355.4,355.9,356.0,356.0,354.4,354.7,354.2,353.0,352.0,351.6,352.2,353.4,-58.5,-56.9,-52.8,-48.5,-46.7,-48.0,-52.5,-56.7,-64.1,-61.6,-57.9,-53.3,-48.7,-45.2,-42.7,-45.5,-49.4,-53.6,-57.8,-61.4,-54.4,-52.5,-50.7,-50.0,-50.8,-52.7,-54.5,-55.2,-6.8,-5.7,-1.9,2.4,4.7,3.6,-0.2,-4.8,-10.6,-8.3,-4.8,-0.4,4.0,7.5,9.8,7.9,4.8,1.0,-3.3,-7.4,-2.7,-0.8,0.8,1.3,0.3,-1.6,-3.3,-3.7,61.0,56.7,54.8,56.4,60.6,65.2,66.8,65.2,63.4,60.9,59.2,58.3,59.0,60.8,63.4,64.8,65.4,65.7,65.6,64.9,62.9,63.6,62.8,60.9,59.0,58.3,59.2,61.0,56.7,52.3,50.1,51.4,55.5,59.8,62.0,61.1,60.0,57.0,54.8,53.5,53.8,55.1,57.2,59.0,60.0,60.6,60.9,60.9,58.3,58.9,57.9,56.0,54.2,53.7,54.6,56.5,899.0,899.2,899.0,898.5,897.9,897.9,897.9,898.4,903.6,900.8,898.1,896.6,896.8,898.0,899.5,898.1,896.9,896.9,898.4,900.9,899.3,899.0,898.9,899.0,899.3,899.5,899.6,899.5,881.1,881.9,882.9,883.5,883.3,882.5,881.5,881.1,882.2,881.0,880.2,880.5,882.4,885.4,888.4,885.4,882.5,880.7,880.2,881.0,882.4,882.7,883.1,883.5,883.5,883.3,882.9,882.5,0.00,0.00,0.81,0.23,0.00,0.00,0.00,0.01,0.22,1.15,0.00,0.50,0.07,0.11,0.25,0.23,0.00,0.00,0.00,0.00,1.00,0.00,0.00,0.00,1.00,0.00,1.00,0.00,1.00,0.00,1.00,0.00,0.00,0.00,0.00
144,0,9.977,0.98,1,0.127609,0.088924,-0.987830,-0.044485,0.096553,-0.994333,0.042,0.093,206.5,207.5,209.8,212.3,213.3,212.5,209.9,207.5,203.4,204.8,206.8,209.4,212.1,214.2,215.7,214.0,211.7,209.2,206.9,204.9,208.9,210.0,211.0,211.4,211.0,209.9,208.9,208.4,236.4,237.0,239.3,241.8,243.2,242.5,240.2,237.5,234.1,235.5,237.5,240.2,242.7,244.8,246.1,245.0,243.2,240.9,238.4,236.0,238.8,239.9,240.9,241.2,240.6,239.5,238.5,238.2,355.7,353.2,352.1,353.1,355.5,358.2,359.1,358.1,356.8,355.5,354.7,354.2,354.6,355.6,357.0,357.9,358.3,358.5,358.4,357.8,356.7,357.2,356.7,355.6,354.5,354.1,354.6,355.7,353.9,351.3,350.0,350.7,353.1,355.7,357.0,356.5,355.8,354.1,352.8,352.1,352.2,352.8,353.9,355.1,355.8,356.3,356.4,356.4,354.8,355.1,354.6,353.4,352.4,352.1,352.6,353.8,-57.9,-56.3,-52.1,-47.9,-46.1,-47.5,-51.9,-56.1,-63.5,-61.0,-57.3,-52.7,-48.1,-44.6,-42.1,-44.9,-48.8,-53.1,-57.2,-60.8,-53.8,-52.0,-50.1,-49.4,-50.2,-52.1,-53.9,-54.6,-6.2,-5.1,-1.3,3.1,5.4,4.3,0.4,-4.2,-10.0,-7.6,-4.2,0.3,4.7,8.1,10.5,8.5,5.4,1.6,-2.7,-6.8,-2.1,-0.2,1.5,2.0,1.0,-0.9,-2.6,-3.1,61.7,57.4,55.5,57.1,61.3,65.9,67.5,65.8,64.0,61.6,59.9,59.0,59.7,61.5,64.1,65.5,66.1,66.4,66.3,65.6,63.5,64.3,63.4,61.6,59.7,59.0,59.8,61.7,57.5,53.2,51.0,52.3,56.3,60.7,62.9,61.9,60.8,57.9,55.6,54.4,54.7,55.9,58.1,59.8,60.9,61.5,61.8,61.8,59.1,59.7,58.8,56.9,55.1,54.5,55.5,57.4,900.6,900.8,900.6,900.1,899.6,899.6,899.6,900.1,905.2,902.4,899.7,898.2,898.4,899.6,901.2,899.8,898.5,898.6,900.0,902.5,900.9,900.7,900.6,900.7,900.9,901.1,901.2,901.1,883.8,884.6,885.6,886.1,886.0,885.2,884.3,883.9,884.9,883.7,882.9,883.1,885.1,888.1,891.1,888.1,885.2,883.4,882.9,883.8,885.2,885.4,885.8,886.2,886.2,886.0,885.6,885.2,0.00,0.00,0.88,0.11,0.00,0.00,0.00,0.05,0.25,1.14,0.00,0.61,0.12,0.24,0.09,0.06,0.00,0.00,0.00,0.00,1.00,0.00,0.00,0.00,1.00,0.00,1.00,0.00,1.00,0.00,1.00,0.00,0.00,0.00,0.00
145,0,10.047,0.98,1,0.131988,0.098891,-0.986306,-0.041480,0.105330,-0.993572,0.046,0.103,206.8,207.8,210.2,212.6,213.6,212.8,210.3,207.9,203.8,205.1,207.2,209.8,212.4,214.5,216.0,214.3,212.0,209.6,207.2,205.2,209.2,210.3,211.3,211.7,211.3,210.2,209.2,208.8,236.6,237.2,239.5,242.0,243.4,242.7,240.5,237.7,234.3,235.7,237.8,240.4,243.0,244.9,246.3,245.2,243.4,241.1,238.6,236.2,239.0,240.1,241.1,241.4,240.8,239.7,238.7,238.4,356.3,353.8,352.7,353.7,356.2,358.8,359.7,358.7,357.4,356.2,355.3,354.9,355.3,356.3,357.7,358.6,358.9,359.1,359.0,358.4,357.4,357.8,357.3,356.2,355.2,354.7,355.2,356.3,354.6,352.0,350.7,351.4,353.8,356.4,357.7,357.2,356.4,354.8,353.5,352.8,352.9,353.5,354.6,355.8,356.5,357.0,357.1,357.1,355.5,355.8,355.2,354.1,353.1,352.7,353.3,354.4,-57.6,-55.9,-51.8,-47.6,-45.8,-47.1,-51.6,-55.8,-63.2,-60.7,-56.9,-52.4,-47.8,-44.2,-41.8,-44.5,-48.4,-52.7,-56.9,-60.5,-53.5,-51.6,-49.8,-49.1,-49.9,-51.7,-53.5,-54.3,-5.8,-4.7,-0.9,3.4,5.7,4.6,0.8,-3.8,-9.6,-7.3,-3.8,0.7,5.0,8.5,10.8,8.9,5.8,2.0,-2.3,-6.4,-1.7,0.2,1.8,2.3,1.3,-0.6,-2.2,-2.7,63.0,58.7,56.8,58.5,62.7,67.3,68.9,67.2,65.3,62.9,61.3,60.4,61.1,62.9,65.5,66.9,67.4,67.8,67.6,66.9,64.9,65.6,64.8,62.9,61.1,60.4,61.2,63.1,58.8,54.5,52.3,53.6,57.6,62.0,64.2,63.2,62.1,59.2,57.0,55.7,56.0,57.2,59.3,61.1,62.2,62.8,63.0,63.1,60.4,61.0,60.1,58.2,56.4,55.8,56.8,58.7,904.5,904.6,904.4,904.0,903.5,903.6,903.5,904.0,909.1,906.2,903.6,902.1,902.3,903.6,905.2,903.8,902.5,902.5,903.9,906.4,904.8,904.6,904.5,904.6,904.8,905.0,905.1,905.0,885.9,886.6,887.6,888.2,888.1,887.4,886.4,886.0,887.0,885.8,885.0,885.2,887.2,890.2,893.3,890.2,887.4,885.5,885.1,885.9,887.3,887.5,888.0,888.3,888.3,888.1,887.6,887.3,0.00,0.00,0.88,0.06,0.00,0.00,0.00,0.08,0.31,1.24,0.00,0.63,0.19,0.33,0.00,0.00,0.00,0.00,0.00,0.00,1.00,0.00,0.00,0.00,1.00,0.00,1.00,0.00,1.00,0.00,1.00,0.00,0.00,0.00,0.00
146,0,10.116,0.98,1,0.132360,0.099192,-0.986226,-0.040305,0.105365,-0.993616,0.046,0.103,206.8,207.7,210.2,212.6,213.6,212.8,210.2,207.8,203.7,205.1,207.1,209.7,212.4,214.5,216.0,214.3,212.0,209.5,207.2,205.2,209.2,210.2,211.3,211.7,211.3,210.2,209.2,208.7,236.6,237.3,239.6,242.1,243.5,242.8,240.5,237.8,234.4,235.8,237.8,240.5,243.0,245.1,246.4,245.3,243.5,241.2,238.7,236.3,239.1,240.2,241.2,241.5,240.9,239.7,238.8,238.5,356.4,353.9,352.9,353.8,356.3,359.0,359.9,358.9,357.6,356.3,355.5,355.0,355.4,356.4,357.8,358.7,359.1,359.3,359.1,358.6,357.5,357.9,357.5,356.4,355.3,354.9,355.4,356.4,354.8,352.2,350.8,351.6,354.0,356.6,357.9,357.4,356.6,355.0,353.7,352.9,353.1,353.7,354.8,355.9,356.7,357.1,357.3,357.3,355.7,356.0,355.4,354.3,353.2,352.9,353.5,354.6,-57.4,-55.7,-51.6,-47.3,-45.6,-46.9,-51.4,-55.6,-63.0,-60.4,-56.7,-52.2,-47.6,-44.0,-41.5,-44.3,-48.2,-52.5,-56.6,-60.3,-53.2,-51.4,-49.6,-48.9,-49.6,-51.5,-53.3,-54.0,-5.7,-4.6,-0.8,3.6,5.9,4.8,0.9,-3.7,-9.5,-7.1,-3.7,0.8,5.2,8.6,11.0,9.0,5.9,2.1,-2.2,-6.3,-1.6,0.3,2.0,2.5,1.5,-0.4,-2.1,-2.6,62.9,58.6,56.8,58.4,62.6,67.3,68.8,67.1,65.2,62.8,61.2,60.3,61.0,62.8,65.4,66.8,67.4,67.7,67.5,66.8,64.8,65.6,64.7,62.9,61.0,60.3,61.1,63.0,58.9,54.5,52.3,53.6,57.6,62.0,64.2,63.3,62.1,59.2,57.0,55.7,56.0,57.2,59.4,61.1,62.2,62.8,63.1,63.1,60.5,61.0,60.1,58.2,56.4,55.8,56.8,58.7,899.7,899.8,899.6,899.2,898.7,898.7,898.7,899.2,904.3,901.4,898.8,897.3,897.5,898.8,900.3,899.0,897.7,897.7,899.1,901.6,900.0,899.8,899.7,899.8,900.0,900.2,900.3,900.2,881.5,882.2,883.2,883.8,883.7,883.0,882.0,881.6,882.6,881.4,880.6,880.8,882.8,885.8,888.9,885.8,883.0,881.1,880.7,881.5,882.9,883.1,883.6,883.9,883.9,883.7,883.2,882.9,0.00,0.00,0.85,0.02,0.00,0.00,0.00,0.11,0.37,1.31,0.00,0.68,0.22,0.40,0.00,0.00,0.00,0.00,0.00,0.00,1.00,0.00,0.00,0.00,1.00,0.00,1.00,0.00,1.00,0.00,1.00,0.00,0.00,0.00,0.00
147,0,10.186,0.98,1,0.134897,0.099262,-0.985875,-0.038453,0.105832,-0.993640,0.049,0.103,206.7,207.7,210.1,212.5,213.5,212.7,210.1,207.7,203.6,205.0,207.0,209.6,212.3,214.4,215.9,214.2,211.9,209.5,207.1,205.1,209.1,210.2,211.2,211.6,211.2,210.1,209.1,208.6,236.5,237.2,239.5,242.0,243.4,242.7,240.5,237.7,234.3,235.7,237.7,240.4,243.0,245.0,246.3,245.2,243.4,241.2,238.6,236.2,239.0,240.1,241.1,241.4,240.8,239.7,238.7,238.4,356.5,354.0,352.9,353.9,356.4,359.0,359.9,359.0,357.6,356.4,355.5,355.1,355.5,356.5,357.9,358.8,359.2,359.3,359.2,358.7,357.6,358.0,357.5,356.5,355.4,355.0,355.4,356.5,354.8,352.2,350.8,351.6,354.0,356.6,357.9,357.4,356.6,355.0,353.7,352.9,353.0,353.6,354.7,355.9,356.7,357.1,357.3,357.3,355.7,356.0,355.4,354.3,353.2,352.9,353.5,354.6,-57.5,-55.8,-51.7,-47.5,-45.7,-47.0,-51.5,-55.7,-63.1,-60.6,-56.8,-52.3,-47.7,-44.1,-41.7,-44.4,-48.3,-52.6,-56.7,-60.4,-53.4,-51.5,-49.7,-49.0,-49.8,-51.6,-53.4,-54.2,-5.8,-4.8,-0.9,3.4,5.7,4.6,0.8,-3.8,-9.6,-7.3,-3.8,0.6,5.0,8.4,10.8,8.8,5.8,1.9,-2.3,-6.4,-1.7,0.2,1.8,2.3,1.3,-0.6,-2.3,-2.7,63.0,58.7,56.8,58.5,62.7,67.3,68.9,67.2,65.3,62.9,61.3,60.4,61.1,62.9,65.5,66.9,67.4,67.8,67.6,66.9,64.9,65.6,64.8,62.9,61.1,60.4,61.2,63.1,58.9,54.5,52.3,53.6,57.6,62.0,64.2,63.3,62.1,59.2,57.0,55.7,56.0,57.2,59.3,61.1,62.2,62.8,63.1,63.1,60.5,61.0,60.1,58.2,56.4,55.8,56.8,58.7,899.1,899.3,899.1,898.6,898.1,898.2,898.1,898.6,903.7,900.8,898.2,896.7,897.0,898.2,899.8,898.4,897.1,897.1,898.5,901.0,899.4,899.2,899.1,899.2,899.4,899.6,899.7,899.6,881.8,882.6,883.5,884.2,884.1,883.3,882.3,881.9,882.9,881.7,880.9,881.2,883.1,886.1,889.2,886.2,883.3,881.5,881.0,881.8,883.2,883.5,883.9,884.2,884.3,884.0,883.6,883.3,0.00,0.00,0.84,0.02,0.00,0.00,0.00,0.12,0.36,1.31,0.00,0.67,0.22,0.40,0.00,0.00,0.00,0.00,0.00,0.00,1.00,0.00,0.00,0.00,1.00,0.00,1.00,0.00,1.00,0.00,1.00,0.00,0.00,0.00,0.00
148,0,10.256,0.98,1,0.136476,0.091801,-0.986381,-0.036765,0.099413,-0.994367,0.050,0.096,206.4,207.4,209.8,212.2,213.2,212.5,209.9,207.5,203.3,204.7,206.7,209.3,212.0,214.1,215.6,214.0,211.7,209.2,206.8,204.8,208.8,209.9,210.9,211.4,210.9,209.8,208.8,208.4,236.4,237.0,239.2,241.8,243.2,242.5,240.3,237.5,234.1,235.5,237.5,240.2,242.8,244.8,246.2,245.0,243.2,241.0,238.5,236.0,238.8,239.9,240.9,241.2,240.6,239.5,238.5,238.2,356.3,353.7,352.6,353.6,356.1,358.8,359.7,358.7,357.4,356.1,355.3,354.8,355.2,356.2,357.6,358.5,358.9,359.1,358.9,358.4,357.3,357.7,357.3,356.2,355.1,354.7,355.2,356.3,354.3,351.7,350.4,351.1,353.5,356.1,357.5,356.9,356.2,354.6,353.3,352.5,352.6,353.2,354.3,355.5,356.2,356.7,356.8,356.8,355.2,355.5,355.0,353.8,352.8,352.5,353.0,354.2,-57.9,-56.2,-52.1,-47.9,-46.0,-47.4,-51.8,-56.0,-63.5,-60.9,-57.2,-52.7,-48.0,-44.5,-42.0,-44.8,-48.7,-52.9,-57.1,-60.8,-53.7,-51.9,-50.0,-49.3,-50.1,-52.0,-53.8,-54.5,-6.2,-5.1,-1.3,3.1,5.4,4.3,0.5,-4.1,-9.9,-7.6,-4.2,0.3,4.7,8.1,10.5,8.5,5.5,1.7,-2.6,-6.7,-2.1,-0.2,1.5,2.0,1.0,-0.9,-2.6,-3.1,62.4,58.1,56.2,57.9,62.1,66.7,68.3,66.6,64.8,62.4,60.7,59.8,60.5,62.2,64.8,66.2,66.8,67.2,67.0,66.4,64.3,65.0,64.2,62.3,60.5,59.8,60.6,62.5,58.0,53.7,51.5,52.7,56.8,61.1,63.3,62.4,61.3,58.4,56.1,54.9,55.1,56.3,58.4,60.2,61.3,62.0,62.2,62.3,59.6,60.2,59.2,57.3,55.5,55.0,55.9,57.9,897.1,897.3,897.1,896.7,896.2,896.2,896.1,896.6,901.7,898.9,896.2,894.7,895.0,896.2,897.8,896.4,895.2,895.1,896.5,899.0,897.4,897.2,897.2,897.2,897.5,897.7,897.7,897.7,880.3,881.1,882.0,882.6,882.5,881.8,880.8,880.4,881.4,880.2,879.4,879.6,881.6,884.6,887.7,884.6,881.8,879.9,879.5,880.3,881.7,881.9,882.4,882.7,882.7,882.5,882.1,881.7,0.00,0.00,0.72,0.00,0.00,0.00,0.00,0.16,0.32,1.30,0.00,0.67,0.16,0.35,0.00,0.00,0.00,0.00,0.00,0.00,1.00,0.00,0.00,0.00,1.00,0.00,1.00,0.00,1.00,0.00,1.00,0.00,0.00,0.00,0.00
149,0,10.326,0.98,1,0.135645,0.087796,-0.986860,-0.037654,0.095989,-0.994670,0.049,0.092,206.2,207.1,209.5,212.0,213.0,212.2,209.7,207.2,203.1,204.5,206.5,209.1,211.8,213.9,215.4,213.7,211.4,209.0,206.6,204.6,208.6,209.7,210.7,211.1,210.7,209.6,208.5,208.1,236.0,236.7,238.9,241.5,242.9,242.2,240.0,237.2,233.8,235.2,237.2,239.9,242.4,244.5,245.8,244.7,242.9,240.7,238.1,235.7,238.5,239.6,240.6,240.9,240.3,239.1,238.2,237.9,356.0,353.5,352.4,353.3,355.8,358.5,359.4,358.4,357.2,355.9,355.0,354.5,354.9,355.9,357.3,358.2,358.6,358.8,358.7,358.2,357.1,357.5,357.0,355.9,354.8,354.4,354.9,356.0,354.1,351.5,350.1,350.9,353.2,355.9,357.2,356.7,356.0,354.3,353.0,352.2,352.3,352.9,354.0,355.2,356.0,356.4,356.6,356.6,355.0,355.3,354.7,353.5,352.5,352.2,352.8,353.9,-58.4,-56.7,-52.6,-48.4,-46.5,-47.9,-52.3,-56.5,-64.0,-61.4,-57.7,-53.2,-48.5,-45.0,-42.5,-45.3,-49.2,-53.4,-57.6,-61.3,-54.2,-52.4,-50.5,-49.8,-50.6,-52.5,-54.3,-55.0,-6.7,-5.6,-1.8,2.5,4.8,3.8,-0.1,-4.7,-10.5,-8.1,-4.7,-0.2,4.1,7.6,10.0,8.0,4.9,1.1,-3.1,-7.3,-2.6,-0.7,1.0,1.5,0.4,-1.4,-3.1,-3.6,62.1,57.8,55.9,57.5,61.7,66.3,67.9,66.3,64.4,62.0,60.3,59.4,60.1,61.9,64.4,65.9,66.4,66.8,66.7,66.0,63.9,64.7,63.8,61.9,60.1,59.4,60.2,62.1,57.7,53.3,51.1,52.4,56.4,60.8,62.9,62.0,60.9,58.0,55.7,54.5,54.8,56.0,58.1,59.9,60.9,61.6,61.8,61.9,59.2,59.8,58.8,56.9,55.2,54.6,55.6,57.5,898.6,898.8,898.6,898.1,897.6,897.6,897.6,898.1,903.2,900.3,897.7,896.2,896.5,897.7,899.3,897.9,896.6,896.6,898.0,900.4,898.9,898.7,898.6,898.7,898.9,899.1,899.2,899.1,881.3,882.1,883.1,883.7,883.5,882.8,881.8,881.4,882.4,881.2,880.4,880.7,882.6,885.6,888.7,885.7,882.8,880.9,880.5,881.3,882.7,882.9,883.4,883.7,883.8,883.5,883.1,882.7,0.11,0.04,0.68,0.00,0.00,0.00,0.00,0.18,0.28,1.20,0.00,0.67,0.06,0.32,0.00,0.00,0.00,0.00,0.00,0.00,1.00,0.00,0.00,0.00,1.00,0.00,1.00,0.00,1.00,0.00,1.00,0.00,0.00,0.00,0.00
150,0,10.395,0.98,1,0.134171,0.088784,-0.986973,-0.038152,0.096909,-0.994562,0.048,0.093,206.1,207.0,209.4,211.8,212.9,212.1,209.5,207.1,203.0,204.4,206.4,209.0,211.7,213.8,215.3,213.6,211.3,208.8,206.5,204.5,208.5,209.5,210.6,211.0,210.5,209.5,208.4,208.0,235.9,236.5,238.8,241.3,242.7,242.0,239.8,237.1,233.6,235.0,237.0,239.7,242.3,244.3,245.6,244.5,242.7,240.5,238.0,235.5,238.3,239.4,240.4,240.7,240.1,239.0,238.0,237.7,356.0,353.4,352.4,353.3,355.8,358.4,359.4,358.4,357.1,355.8,355.0,354.5,354.9,355.9,357.3,358.2,358.6,358.8,358.6,358.1,357.0,357.4,357.0,355.9,354.8,354.4,354.9,355.9,354.0,351.4,350.1,350.8,353.2,355.8,357.1,356.6,355.9,354.3,352.9,352.2,352.3,352.9,354.0,355.2,355.9,356.4,356.5,356.5,354.9,355.2,354.7,353.5,352.5,352.2,352.7,353.9,-58.6,-57.0,-52.9,-48.6,-46.8,-48.1,-52.6,-56.8,-64.2,-61.7,-58.0,-53.4,-48.8,-45.3,-42.8,-45.6,-49.5,-53.7,-57.9,-61.5,-54.5,-52.6,-50.8,-50.1,-50.9,-52.8,-54.6,-55.3,-7.0,-5.9,-2.1,2.2,4.5,3.5,-0.4,-5.0,-10.8,-8.4,-5.0,-0.5,3.8,7.3,9.6,7.7,4.6,0.8,-3.4,-7.6,-2.9,-1.0,0.7,1.1,0.1,-1.8,-3.4,-3.9,62.1,57.8,55.9,57.5,61.7,66.3,67.9,66.3,64.5,62.0,60.4,59.4,60.1,61.9,64.4,65.9,66.5,66.8,66.7,66.0,64.0,64.7,63.8,62.0,60.1,59.4,60.3,62.1,57.6,53.3,51.1,52.3,56.4,60.8,62.9,62.0,60.9,58.0,55.7,54.4,54.7,55.9,58.1,59.8,60.9,61.6,61.8,61.9,59.2,59.8,58.8,56.9,55.1,54.6,55.5,57.5,899.7,899.9,899.7,899.2,898.8,898.8,898.8,899.3,904.4,901.5,898.9,897.3,897.6,898.8,900.4,899.0,897.8,897.8,899.2,901.6,900.1,899.9,899.8,899.9,900.1,900.3,900.4,900.3,882.0,882.8,883.7,884.4,884.2,883.5,882.5,882.1,883.1,881.9,881.1,881.4,883.3,886.3,889.4,886.4,883.5,881.7,881.2,882.0,883.4,883.7,884.1,884.4,884.5,884.2,883.8,883.4,0.17,0.04,0.63,0.00,0.00,0.00,0.00,0.16,0.27,1.20,0.00,0.67,0.01,0.25,0.00,0.00,0.00,0.00,0.00,0.00,1.00,0.00,0.00,0.00,1.00,0.00,1.00,0.00,1.00,0.00,1.00,0.00,0.00,0.00,0.00
151,0,10.465,0.98,1,0.133612,0.087190,-0.987191,-0.038388,0.095451,-0.994694,0.048,0.092,205.9,206.9,209.3,211.7,212.7,212.0,209.4,207.0,202.9,204.2,206.3,208.9,211.5,213.6,215.1,213.5,211.2,208.7,206.4,204.4,208.4,209.4,210.5,210.9,210.4,209.3,208.3,207.9,235.7,236.3,238.6,241.1,242.5,241.9,239.6,236.9,233.5,234.9,236.9,239.5,242.1,244.1,245.5,244.4,242.6,240.3,237.8,235.4,238.1,239.3,240.2,240.5,239.9,238.8,237.8,237.5,356.0,353.5,352.4,353.4,355.8,358.5,359.4,358.5,357.2,355.9,355.1,354.6,354.9,355.9,357.3,358.2,358.6,358.9,358.7,358.2,357.1,357.5,357.0,355.9,354.9,354.5,354.9,356.0,354.0,351.4,350.1,350.8,353.1,355.8,357.1,356.6,355.9,354.2,352.9,352.1,352.2,352.8,353.9,355.1,355.9,356.3,356.5,356.5,354.9,355.2,354.6,353.5,352.4,352.1,352.7,353.8,-58.9,-57.3,-53.2,-49.0,-47.1,-48.4,-52.8,-57.1,-64.5,-62.0,-58.3,-53.7,-49.1,-45.6,-43.1,-45.8,-49.7,-54.0,-58.1,-61.8,-54.8,-52.9,-51.1,-50.4,-51.2,-53.1,-54.9,-55.6,-7.3,-6.2,-2.4,2.0,4.3,3.2,-0.6,-5.2,-11.0,-8.7,-5.3,-0.8,3.6,7.0,9.4,7.4,4.4,0.6,-3.7,-7.8,-3.2,-1.3,0.4,0.9,-0.1,-2.0,-3.7,-4.2,62.4,58.1,56.1,57.7,61.9,66.6,68.1,66.6,64.8,62.3,60.6,59.7,60.3,62.1,64.6,66.1,66.7,67.1,67.0,66.3,64.2,64.9,64.1,62.2,60.4,59.7,60.5,62.4,57.6,53.3,51.0,52.3,56.3,60.7,62.9,62.0,60.9,58.0,55.7,54.4,54.7,55.9,58.0,59.8,60.9,61.6,61.8,61.9,59.2,59.8,58.8,56.9,55.1,54.6,55.5,57.5,901.2,901.4,901.2,900.7,900.2,900.2,900.2,900.7,905.8,902.9,900.3,898.8,899.0,900.3,901.8,900.4,899.2,899.2,900.6,903.1,901.5,901.3,901.2,901.3,901.5,901.7,901.8,901.7,882.7,883.5,884.4,885.0,884.9,884.2,883.2,882.8,883.8,882.6,881.8,882.1,884.0,887.0,890.1,887.0,884.2,882.3,881.9,882.7,884.1,884.4,884.8,885.1,885.2,884.9,884.5,884.1,0.25,0.07,0.68,0.00,0.00,0.00,0.00,0.15,0.25,1.10,0.00,0.66,0.00,0.20,0.00,0.03,0.00,0.00,0.00,0.00,1.00,0.00,0.00,0.00,1.00,0.00,1.00,0.00,1.00,0.00,1.00,0.00,0.00,0.00,0.00
152,0,10.535,0.98,1,0.134341,0.088877,-0.986942,-0.036807,0.097382,-0.994566,0.049,0.094,206.1,207.0,209.4,211.8,212.8,212.1,209.5,207.1,203.0,204.4,206.4,209.0,211.6,213.7,215.2,213.6,211.3,208.8,206.5,204.5,208.5,209.5,210.6,211.0,210.5,209.4,208.4,208.0,235.8,236.4,238.6,241.2,242.5,241.9,239.7,236.9,233.5,234.9,236.9,239.5,242.1,244.1,245.5,244.4,242.6,240.4,237.9,235.4,238.2,239.3,240.3,240.5,239.9,238.8,237.9,237.6,356.2,353.7,352.6,353.5,355.9,358.6,359.5,358.6,357.3,356.1,355.2,354.7,355.0,356.0,357.4,358.3,358.8,359.0,358.9,358.4,357.2,357.6,357.1,356.0,355.0,354.6,355.1,356.2,354.1,351.5,350.1,350.9,353.2,355.8,357.2,356.7,356.0,354.3,353.0,352.2,352.3,352.9,354.0,355.2,355.9,356.4,356.6,356.6,355.0,355.3,354.7,353.5,352.5,352.2,352.8,353.9,-58.8,-57.2,-53.1,-48.9,-47.0,-48.3,-52.7,-57.0,-64.4,-61.9,-58.2,-53.6,-49.0,-45.5,-43.0,-45.7,-49.6,-53.9,-58.0,-61.7,-54.7,-52.8,-51.0,-50.3,-51.1,-53.0,-54.8,-55.5,-7.2,-6.2,-2.4,2.0,4.3,3.2,-0.6,-5.2,-11.0,-8.7,-5.2,-0.8,3.6,7.0,9.4,7.5,4.4,0.6,-3.6,-7.8,-3.1,-1.2,0.5,0.9,-0.1,-2.0,-3.7,-4.1,62.7,58.4,56.4,58.0,62.2,66.8,68.4,66.9,65.1,62.6,60.9,60.0,60.6,62.4,64.9,66.4,67.0,67.4,67.3,66.6,64.5,65.2,64.4,62.5,60.7,60.0,60.8,62.7,58.0,53.6,51.4,52.6,56.6,61.0,63.2,62.3,61.2,58.3,56.0,54.7,55.0,56.2,58.3,60.1,61.2,61.9,62.2,62.2,59.5,60.1,59.1,57.2,55.4,54.9,55.8,57.8,902.7,902.8,902.6,902.1,901.6,901.7,901.7,902.2,907.3,904.4,901.8,900.2,900.5,901.7,903.3,901.9,900.7,900.7,902.1,904.6,903.0,902.8,902.7,902.7,902.9,903.2,903.3,903.2,885.7,886.4,887.3,888.0,887.9,887.1,886.2,885.7,886.8,885.5,884.7,885.0,887.0,890.0,893.0,890.0,887.2,885.3,884.8,885.7,887.0,887.3,887.7,888.0,888.1,887.8,887.4,887.1,0.22,0.04,0.71,0.00,0.00,0.00,0.00,0.14,0.25,1.06,0.00,0.67,0.00,0.21,0.00,0.09,0.00,0.00,0.00,0.00,1.00,0.00,0.00,0.00,0.00,0.00,1.00,0.00,1.00,0.00,1.00,0.00,0.00,0.00,0.00
153,0,10.605,0.98,1,0.140418,0.086508,-0.986306,-0.030842,0.096711,-0.994834,0.055,0.092,206.4,207.3,209.6,212.1,213.2,212.4,209.9,207.5,203.4,204.7,206.7,209.3,212.0,214.1,215.6,213.9,211.7,209.2,206.9,204.8,208.8,209.9,210.9,211.3,210.8,209.8,208.7,208.3,236.0,236.6,238.8,241.4,242.7,242.1,239.9,237.2,233.8,235.2,237.1,239.8,242.3,244.3,245.7,244.6,242.8,240.6,238.1,235.7,238.4,239.5,240.5,240.8,240.2,239.1,238.1,237.8,356.3,353.8,352.6,353.6,356.0,358.7,359.6,358.7,357.5,356.2,355.3,354.8,355.1,356.1,357.5,358.4,358.8,359.1,359.0,358.5,357.3,357.7,357.2,356.1,355.1,354.7,355.1,356.2,354.0,351.4,350.1,350.8,353.1,355.7,357.1,356.6,355.9,354.2,352.9,352.1,352.2,352.8,353.9,355.1,355.9,356.4,356.5,356.5,354.9,355.2,354.6,353.5,352.4,352.1,352.7,353.8,-58.2,-56.6,-52.5,-48.3,-46.4,-47.6,-52.1,-56.3,-63.8,-61.3,-57.6,-53.0,-48.4,-44.9,-42.3,-45.1,-49.0,-53.2,-57.3,-61.0,-54.0,-52.2,-50.4,-49.7,-50.5,-52.4,-54.2,-54.9,-6.8,-5.8,-2.0,2.4,4.7,3.6,-0.2,-4.8,-10.6,-8.3,-4.9,-0.4,4.0,7.4,9.8,7.9,4.8,1.0,-3.2,-7.4,-2.7,-0.8,0.9,1.3,0.3,-1.6,-3.3,-3.7,62.8,58.5,56.5,58.1,62.2,66.9,68.5,67.0,65.2,62.7,61.0,60.0,60.6,62.4,64.9,66.4,67.1,67.5,67.4,66.8,64.6,65.3,64.4,62.5,60.7,60.0,60.9,62.8,58.0,53.6,51.4,52.7,56.7,61.1,63.3,62.4,61.3,58.4,56.1,54.7,55.0,56.2,58.3,60.1,61.3,62.0,62.3,62.3,59.6,60.1,59.1,57.2,55.5,54.9,55.9,57.8,901.5,901.7,901.4,901.0,900.5,900.6,900.6,901.1,906.2,903.3,900.6,899.1,899.4,900.6,902.2,900.9,899.6,899.6,901.0,903.5,901.9,901.7,901.6,901.6,901.8,902.0,902.1,902.1,888.4,889.1,890.1,890.7,890.7,889.9,889.0,888.5,889.6,888.3,887.5,887.8,889.7,892.7,895.8,892.8,890.0,888.1,887.7,888.5,889.8,890.1,890.5,890.8,890.9,890.6,890.2,889.9,0.28,0.04,0.68,0.00,0.00,0.00,0.00,0.20,0.16,1.01,0.17,0.80,0.00,0.23,0.00,0.31,0.00,0.00,0.00,0.00,1.00,0.00,0.00,0.00,0.00,0.00,1.00,0.00,1.00,0.00,1.00,0.00,0.00,0.00,0.00
154,0,10.674,0.98,1,0.149185,0.083384,-0.985287,-0.020889,0.095750,-0.995186,0.065,0.090,206.7,207.6,210.0,212.4,213.5,212.8,210.3,207.8,203.7,205.0,207.1,209.6,212.3,214.4,216.0,214.3,212.1,209.6,207.2,205.2,209.2,210.2,211.3,211.7,211.2,210.1,209.1,208.7,236.4,237.0,239.2,241.7,243.1,242.5,240.3,237.6,234.2,235.6,237.5,240.1,242.7,244.7,246.0,244.9,243.2,241.0,238.5,236.1,238.8,239.9,240.9,241.1,240.5,239.4,238.5,238.2,356.4,353.9,352.8,353.7,356.1,358.8,359.8,358.9,357.7,356.3,355.4,354.9,355.2,356.2,357.6,358.5,359.0,359.3,359.2,358.7,357.5,357.8,357.3,356.2,355.2,354.8,355.3,356.4,354.0,351.4,350.0,350.7,353.1,355.7,357.0,356.5,355.9,354.2,352.8,352.0,352.1,352.7,353.8,355.0,355.8,356.3,356.5,356.5,354.8,355.1,354.5,353.4,352.4,352.1,352.6,353.8,-57.3,-55.8,-51.7,-47.5,-45.5,-46.8,-51.2,-55.4,-62.9,-60.4,-56.7,-52.2,-47.6,-44.0,-41.5,-44.2,-48.1,-52.3,-56.4,-60.1,-53.2,-51.3,-49.5,-48.8,-49.7,-51.5,-53.3,-54.0,-6.2,-5.1,-1.4,3.0,5.3,4.3,0.5,-4.1,-9.9,-7.6,-4.2,0.2,4.6,8.0,10.4,8.5,5.5,1.7,-2.5,-6.7,-2.1,-0.2,1.5,1.9,0.9,-1.0,-2.6,-3.1,62.8,58.5,56.5,58.0,62.2,66.8,68.5,67.0,65.3,62.8,61.0,60.0,60.5,62.3,64.8,66.4,67.1,67.6,67.5,66.8,64.6,65.2,64.4,62.5,60.7,60.0,60.9,62.8,58.1,53.7,51.4,52.6,56.6,61.0,63.3,62.4,61.4,58.4,56.1,54.7,54.9,56.1,58.2,60.1,61.3,62.0,62.3,62.4,59.6,60.1,59.1,57.2,55.5,54.9,55.9,57.8,897.7,897.9,897.7,897.2,896.8,896.9,896.9,897.3,902.4,899.5,896.8,895.3,895.6,896.9,898.5,897.1,895.9,895.9,897.3,899.7,898.1,897.9,897.8,897.9,898.1,898.2,898.3,898.3,890.0,890.7,891.7,892.4,892.3,891.6,890.7,890.2,891.2,889.9,889.1,889.4,891.4,894.4,897.5,894.5,891.7,889.8,889.3,890.1,891.5,891.8,892.2,892.5,892.5,892.2,891.8,891.5,0.29,0.01,0.59,0.00,0.00,0.00,0.00,0.16,0.09,0.84,0.50,0.97,0.00,0.27,0.00,0.38,0.00,0.00,0.00,0.00,1.00,0.00,0.00,0.00,0.00,0.00,1.00,1.00,1.00,0.00,1.00,0.00,0.00,0.00,0.00
155,0,10.744,0.98,1,0.150891,0.086788,-0.984733,-0.017584,0.099821,-0.994850,0.067,0.094,206.9,207.8,210.2,212.6,213.8,213.1,210.5,208.0,203.9,205.2,207.2,209.8,212.5,214.7,216.2,214.6,212.3,209.8,207.4,205.4,209.4,210.4,211.5,211.9,211.4,210.3,209.3,208.9,236.6,237.2,239.4,242.0,243.3,242.7,240.5,237.8,234.4,235.7,237.7,240.4,242.9,244.9,246.3,245.2,243.4,241.2,238.7,236.3,239.0,240.1,241.1,241.3,240.7,239.6,238.7,238.4,356.5,354.0,352.8,353.7,356.1,358.9,359.8,358.9,357.7,356.4,355.5,354.9,355.2,356.2,357.6,358.6,359.1,359.3,359.2,358.8,357.5,357.9,357.4,356.3,355.2,354.8,355.3,356.4,354.0,351.4,350.0,350.7,353.1,355.7,357.0,356.6,355.9,354.2,352.9,352.0,352.1,352.7,353.8,355.0,355.8,356.3,356.5,356.5,354.8,355.1,354.5,353.4,352.4,352.1,352.7,353.8,-56.7,-55.2,-51.1,-46.8,-44.9,-46.1,-50.5,-54.8,-62.2,-59.8,-56.1,-51.5,-46.9,-43.4,-40.8,-43.5,-47.4,-51.7,-55.8,-59.5,-52.5,-50.6,-48.9,-48.2,-49.0,-50.9,-52.7,-53.4,-5.8,-4.8,-1.0,3.3,5.7,4.7,0.9,-3.7,-9.5,-7.2,-3.9,0.6,4.9,8.4,10.7,8.8,5.8,2.1,-2.2,-6.3,-1.7,0.2,1.9,2.3,1.3,-0.6,-2.3,-2.7,62.5,58.2,56.2,57.7,61.8,66.5,68.2,66.7,64.9,62.4,60.7,59.7,60.2,61.9,64.5,66.1,66.8,67.3,67.2,66.5,64.3,64.9,64.1,62.2,60.3,59.7,60.6,62.5,57.8,53.4,51.2,52.4,56.4,60.8,63.0,62.2,61.1,58.2,55.8,54.4,54.7,55.8,57.9,59.8,61.0,61.8,62.1,62.1,59.3,59.8,58.9,56.9,55.2,54.7,55.6,57.6,892.2,892.3,892.1,891.7,891.3,891.4,891.4,891.8,896.8,894.0,891.3,889.8,890.1,891.4,893.0,891.6,890.4,890.4,891.7,894.2,892.6,892.4,892.3,892.3,892.5,892.7,892.8,892.8,885.5,886.2,887.2,887.8,887.8,887.1,886.2,885.7,886.6,885.4,884.6,884.9,886.9,890.0,893.1,890.1,887.2,885.3,884.8,885.6,887.0,887.3,887.7,888.0,888.0,887.7,887.3,887.0,0.37,0.09,0.55,0.00,0.00,0.00,0.00,0.11,0.01,0.63,0.88,1.12,0.00,0.24,0.02,0.38,0.01,0.00,0.00,0.00,1.00,0.00,0.00,0.00,0.00,0.00,1.00,1.00,1.00,0.00,1.00,0.00,0.00,0.00,0.00
156,0,10.814,0.98,1,0.153237,0.086032,-0.984437,-0.014139,0.100852,-0.994801,0.070,0.094,207.0,207.9,210.3,212.8,213.9,213.2,210.6,208.1,204.0,205.3,207.3,209.9,212.7,214.8,216.4,214.7,212.4,209.9,207.5,205.5,209.5,210.6,211.6,212.0,211.5,210.4,209.4,209.0,236.7,237.3,239.5,242.1,243.5,242.9,240.7,238.0,234.6,235.9,237.9,240.5,243.0,245.0,246.4,245.3,243.6,241.4,238.9,236.4,239.2,240.3,241.2,241.5,240.9,239.8,238.8,238.5,356.6,354.1,352.9,353.8,356.2,359.0,360.0,359.1,357.9,356.5,355.6,355.0,355.3,356.3,357.7,358.7,359.2,359.5,359.4,358.9,357.6,358.0,357.5,356.4,355.3,354.9,355.4,356.5,353.9,351.3,349.9,350.6,353.0,355.6,357.0,356.5,355.9,354.2,352.8,351.9,352.0,352.5,353.7,354.9,355.8,356.3,356.5,356.5,354.8,355.1,354.5,353.3,352.3,352.0,352.6,353.7,-56.1,-54.6,-50.6,-46.3,-44.4,-45.5,-49.9,-54.2,-61.6,-59.2,-55.5,-51.0,-46.4,-42.8,-40.2,-43.0,-46.8,-51.1,-55.2,-58.9,-51.9,-50.1,-48.3,-47.6,-48.5,-50.4,-52.1,-52.8,-5.5,-4.6,-0.8,3.5,5.9,4.9,1.2,-3.4,-9.2,-7.0,-3.6,0.8,5.2,8.6,11.0,9.1,6.1,2.3,-1.9,-6.0,-1.4,0.5,2.1,2.5,1.5,-0.4,-2.0,-2.5,62.3,57.9,55.9,57.4,61.5,66.2,67.9,66.4,64.7,62.2,60.4,59.4,59.9,61.6,64.2,65.8,66.5,67.0,67.0,66.3,64.0,64.7,63.8,61.9,60.1,59.4,60.3,62.2,57.5,53.1,50.8,52.0,56.0,60.4,62.7,61.8,60.9,57.9,55.5,54.0,54.3,55.4,57.5,59.5,60.7,61.5,61.8,61.9,59.0,59.5,58.5,56.6,54.8,54.3,55.3,57.2,885.9,886.1,885.8,885.3,884.9,885.1,885.1,885.6,890.6,887.7,885.0,883.5,883.8,885.0,886.6,885.3,884.1,884.1,885.5,887.9,886.3,886.1,886.0,886.0,886.2,886.4,886.5,886.5,882.3,882.9,883.9,884.6,884.6,883.9,882.9,882.4,883.4,882.1,881.3,881.6,883.7,886.7,889.8,886.9,884.0,882.1,881.6,882.3,883.7,884.0,884.4,884.7,884.7,884.4,884.0,883.7,0.47,0.20,0.53,0.00,0.00,0.00,0.00,0.06,0.01,0.53,1.05,1.45,0.00,0.43,0.15,0.30,0.01,0.00,0.00,0.00,1.00,0.00,0.00,0.00,0.00,0.00,1.00,1.00,1.00,0.00,1.00,0.00,0.00,0.00,0.00
157,0,10.884,0.98,1,0.164965,0.082002,-0.982885,0.001295,0.099314,-0.995055,0.084,0.091,207.2,208.0,210.4,213.0,214.1,213.5,210.9,208.4,204.1,205.5,207.5,210.1,212.9,215.1,216.7,215.0,212.7,210.2,207.8,205.7,209.7,210.8,211.9,212.2,211.7,210.6,209.6,209.2,236.9,237.4,239.6,242.2,243.6,243.1,240.9,238.2,234.7,236.1,238.0,240.6,243.2,245.2,246.6,245.5,243.8,241.6,239.1,236.7,239.3,240.5,241.4,241.7,241.0,239.9,238.9,238.7,356.8,354.2,353.0,353.8,356.3,359.1,360.1,359.3,358.1,356.7,355.7,355.1,355.4,356.3,357.8,358.8,359.3,359.7,359.6,359.2,357.8,358.2,357.6,356.5,355.4,355.0,355.6,356.7,353.8,351.1,349.7,350.3,352.7,355.3,356.7,356.3,355.8,354.0,352.6,351.7,351.7,352.2,353.3,354.6,355.5,356.0,356.3,356.3,354.5,354.8,354.2,353.0,352.0,351.7,352.4,353.5,-55.2,-53.8,-49.8,-45.5,-43.5,-44.6,-48.9,-53.2,-60.7,-58.3,-54.6,-50.1,-45.5,-41.9,-39.3,-42.0,-45.8,-50.1,-54.2,-57.9,-51.0,-49.1,-47.4,-46.7,-47.6,-49.5,-51.3,-51.9,-5.2,-4.3,-0.6,3.7,6.2,5.3,1.6,-3.1,-8.9,-6.7,-3.3,1.1,5.4,8.8,11.2,9.4,6.4,2.7,-1.5,-5.6,-1.1,0.8,2.4,2.8,1.7,-0.2,-1.8,-2.2,62.0,57.6,55.5,56.9,61.0,65.7,67.5,66.1,64.5,61.9,60.1,59.0,59.4,61.1,63.6,65.2,66.1,66.6,66.7,66.0,63.6,64.2,63.3,61.4,59.6,59.0,59.9,61.8,57.0,52.6,50.2,51.4,55.3,59.7,62.0,61.3,60.4,57.4,54.9,53.4,53.6,54.6,56.7,58.7,60.0,60.9,61.2,61.4,58.4,58.9,57.9,55.9,54.2,53.7,54.8,56.7,876.5,876.6,876.3,875.8,875.5,875.6,875.7,876.1,881.2,878.3,875.6,874.0,874.3,875.6,877.2,875.9,874.7,874.7,876.1,878.5,876.9,876.7,876.6,876.6,876.7,877.0,877.1,877.0,879.4,880.1,881.1,881.8,881.8,881.2,880.1,879.6,880.5,879.2,878.5,878.8,880.9,884.0,887.1,884.1,881.2,879.3,878.8,879.5,880.9,881.2,881.6,881.9,881.9,881.6,881.2,880.9,0.65,0.34,0.54,0.00,0.00,0.00,0.00,0.03,0.01,0.61,0.96,1.80,0.00,0.68,0.29,0.23,0.01,0.00,1.00,0.00,1.00,0.00,0.00,0.00,0.00,0.00,1.00,1.00,1.00,0.00,1.00,0.00,0.00,0.00,0.00
158,0,10.953,0.98,1,0.169253,0.078649,-0.982430,0.006400,0.097297,-0.995235,0.089,0.089,207.3,208.2,210.6,213.1,214.3,213.7,211.1,208.6,204.3,205.6,207.7,210.3,213.1,215.3,216.9,215.2,212.9,210.4,208.0,205.9,209.9,211.0,212.0,212.4,211.9,210.8,209.7,209.4,237.1,237.6,239.8,242.3,243.8,243.3,241.1,238.4,234.9,236.2,238.2,240.8,243.3,245.3,246.7,245.7,244.0,241.8,239.3,236.9,239.5,240.6,241.6,241.8,241.2,240.1,239.1,238.9,356.9,354.3,353.0,353.9,356.3,359.1,360.2,359.4,358.2,356.8,355.8,355.2,355.4,356.4,357.8,358.8,359.4,359.7,359.7,359.3,357.9,358.2,357.7,356.5,355.5,355.1,355.6,356.8,353.6,351.0,349.6,350.2,352.5,355.1,356.6,356.2,355.7,353.9,352.4,351.5,351.5,352.0,353.1,354.4,355.3,355.9,356.2,356.2,354.4,354.7,354.0,352.9,351.9,351.6,352.2,353.4,-54.8,-53.4,-49.4,-45.1,-43.0,-44.1,-48.4,-52.7,-60.2,-57.8,-54.2,-49.7,-45.1,-41.4,-38.8,-41.5,-45.4,-49.6,-53.7,-57.4,-50.5,-48.7,-46.9,-46.3,-47.2,-49.1,-50.8,-51.4,-4.9,-4.1,-0.4,4.0,6.4,5.6,1.9,-2.7,-8.6,-6.4,-3.1,1.3,5.7,9.1,11.5,9.7,6.7,3.1,-1.2,-5.3,-0.8,1.1,2.7,3.1,2.0,0.1,-1.5,-1.9,61.9,57.5,55.4,56.8,60.9,65.6,67.4,66.0,64.5,61.9,60.0,58.9,59.3,60.9,63.4,65.1,65.9,66.5,66.6,66.0,63.5,64.1,63.2,61.3,59.5,58.9,59.8,61.8,56.8,52.3,50.0,51.1,55.0,59.4,61.7,61.0,60.2,57.1,54.6,53.1,53.2,54.3,56.4,58.4,59.7,60.5,61.0,61.1,58.1,58.6,57.6,55.6,53.9,53.5,54.5,56.4,873.8,873.9,873.6,873.1,872.8,872.9,873.0,873.4,878.5,875.6,872.9,871.3,871.6,872.9,874.5,873.2,871.9,872.0,873.4,875.8,874.2,874.0,873.8,873.9,874.0,874.2,874.4,874.3,878.7,879.4,880.4,881.1,881.1,880.4,879.4,878.9,879.7,878.5,877.8,878.1,880.2,883.3,886.4,883.4,880.5,878.6,878.0,878.7,880.2,880.5,880.9,881.2,881.2,880.9,880.5,880.2,0.76,0.42,0.48,0.00,0.00,0.00,0.00,0.03,0.01,0.73,0.79,2.20,0.00,0.95,0.43,0.22,0.00,0.00,1.00,0.00,1.00,0.00,0.00,0.00,0.00,0.00,1.00,1.00,1.00,0.00,1.00,0.00,0.00,0.00,0.00
159,0,11.023,0.98,1,0.169294,0.078586,-0.982427,0.006839,0.097291,-0.995232,0.089,0.089,207.3,208.2,210.6,213.1,214.4,213.7,211.1,208.6,204.3,205.6,207.7,210.3,213.1,215.3,216.9,215.3,212.9,210.4,208.0,205.9,209.9,211.0,212.1,212.4,211.9,210.8,209.7,209.4,237.1,237.6,239.8,242.4,243.9,243.4,241.2,238.4,235.0,236.2,238.2,240.8,243.4,245.4,246.8,245.8,244.0,241.9,239.4,236.9,239.6,240.7,241.6,241.9,241.2,240.1,239.1,238.9,356.7,354.1,352.8,353.7,356.1,359.0,360.0,359.2,358.1,356.6,355.6,355.0,355.2,356.2,357.6,358.7,359.2,359.6,359.5,359.1,357.7,358.0,357.5,356.3,355.3,354.9,355.4,356.6,353.5,350.8,349.4,350.0,352.3,354.9,356.4,356.0,355.5,353.7,352.2,351.3,351.3,351.8,352.9,354.2,355.1,355.7,356.0,356.1,354.2,354.5,353.9,352.7,351.7,351.4,352.0,353.2,-54.5,-53.1,-49.1,-44.8,-42.8,-43.9,-48.2,-52.5,-59.9,-57.6,-54.0,-49.5,-44.8,-41.2,-38.6,-41.3,-45.1,-49.3,-53.5,-57.2,-50.3,-48.4,-46.7,-46.0,-46.9,-48.8,-50.6,-51.2,-4.9,-4.0,-0.3,4.0,6.5,5.6,2.0,-2.7,-8.5,-6.3,-3.0,1.4,5.7,9.1,11.5,9.7,6.8,3.1,-1.1,-5.2,-0.7,1.2,2.8,3.1,2.1,0.1,-1.5,-1.8,61.3,56.9,54.8,56.2,60.3,65.0,66.8,65.4,63.9,61.3,59.4,58.3,58.7,60.3,62.9,64.5,65.3,65.9,66.0,65.4,62.9,63.6,62.6,60.7,58.9,58.3,59.2,61.2,56.2,51.8,49.4,50.5,54.4,58.8,61.1,60.5,59.7,56.6,54.1,52.5,52.6,53.7,55.8,57.8,59.1,59.9,60.4,60.6,57.5,58.0,57.0,55.0,53.3,52.9,53.9,55.8,869.9,870.0,869.8,869.3,868.9,869.0,869.0,869.5,874.6,871.7,869.0,867.4,867.7,869.0,870.5,869.2,868.0,868.0,869.5,871.9,870.3,870.0,869.9,870.0,870.2,870.4,870.5,870.4,874.4,875.1,876.2,876.9,876.9,876.2,875.2,874.6,875.5,874.3,873.5,873.9,876.0,879.1,882.2,879.2,876.3,874.3,873.8,874.5,875.9,876.2,876.7,877.0,877.0,876.7,876.2,875.9,0.88,0.44,0.53,0.00,0.00,0.00,0.00,0.00,0.00,0.78,0.71,2.37,0.00,1.03,0.46,0.25,0.00,1.00,1.00,0.00,1.00,0.00,0.00,0.00,0.00,0.00,1.00,1.00,1.00,0.00,1.00,0.00,0.00,0.00,0.00
160,0,11.093,0.98,1,0.165924,0.075648,-0.983233,0.004113,0.094634,-0.995504,0.086,0.086,207.2,208.0,210.4,213.0,214.2,213.6,211.0,208.4,204.2,205.5,207.5,210.1,212.9,215.2,216.8,215.1,212.8,210.3,207.8,205.7,209.8,210.9,211.9,212.3,211.8,210.6,209.6,209.2,237.0,237.5,239.7,242.2,243.7,243.2,241.0,238.3,234.8,236.1,238.1,240.7,243.3,245.3,246.7,245.7,243.9,241.7,239.2,236.8,239.4,240.6,241.5,241.7,241.1,240.0,239.0,238.8,356.7,354.1,352.8,353.7,356.1,358.9,360.0,359.2,358.1,356.7,355.6,355.0,355.2,356.2,357.6,358.7,359.2,359.6,359.6,359.1,357.7,358.1,357.5,356.4,355.3,354.9,355.5,356.6,353.4,350.7,349.3,349.9,352.2,354.9,356.3,355.9,355.4,353.6,352.2,351.2,351.2,351.7,352.8,354.1,355.0,355.6,355.9,356.0,354.1,354.4,353.8,352.6,351.6,351.3,352.0,353.1,-54.8,-53.4,-49.4,-45.1,-43.1,-44.1,-48.4,-52.7,-60.2,-57.8,-54.2,-49.7,-45.1,-41.5,-38.8,-41.5,-45.4,-49.6,-53.7,-57.4,-50.5,-48.7,-46.9,-46.3,-47.2,-49.1,-50.9,-51.5,-5.1,-4.2,-0.6,3.8,6.3,5.4,1.8,-2.9,-8.7,-6.5,-3.2,1.1,5.5,8.9,11.3,9.5,6.6,2.9,-1.3,-5.4,-1.0,0.9,2.6,2.9,1.8,-0.1,-1.7,-2.0,61.4,57.0,54.9,56.3,60.3,65.0,66.8,65.5,64.0,61.4,59.5,58.3,58.7,60.4,62.9,64.5,65.4,66.0,66.1,65.5,63.0,63.6,62.7,60.8,59.0,58.4,59.3,61.2,56.0,51.6,49.2,50.3,54.2,58.6,61.0,60.3,59.5,56.4,53.9,52.3,52.4,53.5,55.6,57.6,58.9,59.8,60.2,60.4,57.4,57.9,56.8,54.9,53.2,52.7,53.8,55.7,870.4,870.5,870.2,869.7,869.3,869.5,869.5,870.0,875.1,872.2,869.5,867.9,868.2,869.4,871.0,869.7,868.5,868.5,870.0,872.4,870.7,870.5,870.4,870.4,870.6,870.8,871.0,870.9,874.1,874.8,875.9,876.6,876.6,875.8,874.8,874.3,875.1,874.0,873.2,873.6,875.6,878.7,881.8,878.8,875.9,874.0,873.4,874.1,875.6,875.9,876.4,876.7,876.7,876.4,875.9,875.6,0.99,0.43,0.60,0.00,0.00,0.00,0.00,0.00,0.00,0.70,0.71,2.43,0.00,1.08,0.59,0.47,0.00,1.00,1.00,0.00,1.00,0.00,0.00,0.00,0.00,0.00,1.00,1.00,1.00,0.00,1.00,0.00,0.00,0.00,0.00
161,0,11.163,0.98,1,0.165161,0.074466,-0.983451,0.003798,0.094067,-0.995559,0.085,0.085,207.1,208.0,210.3,212.9,214.1,213.5,210.9,208.4,204.1,205.4,207.4,210.1,212.9,215.1,216.7,215.1,212.7,210.2,207.8,205.7,209.7,210.8,211.9,212.2,211.7,210.6,209.5,209.2,236.9,237.4,239.6,242.1,243.6,243.1,241.0,238.2,234.7,236.0,238.0,240.6,243.2,245.2,246.6,245.6,243.8,241.6,239.1,236.7,239.3,240.5,241.4,241.6,241.0,239.9,238.9,238.7,356.8,354.1,352.9,353.7,356.1,359.0,360.1,359.2,358.1,356.7,355.7,355.0,355.2,356.2,357.6,358.7,359.2,359.6,359.6,359.1,357.7,358.1,357.5,356.4,355.3,354.9,355.5,356.6,353.3,350.7,349.2,349.8,352.1,354.8,356.2,355.9,355.4,353.6,352.1,351.1,351.1,351.6,352.8,354.1,354.9,355.6,355.8,355.9,354.1,354.3,353.7,352.5,351.5,351.3,351.9,353.1,-54.9,-53.6,-49.6,-45.3,-43.2,-44.2,-48.6,-52.9,-60.3,-58.0,-54.4,-49.9,-45.3,-41.6,-39.0,-41.7,-45.5,-49.7,-53.8,-57.5,-50.7,-48.8,-47.1,-46.5,-47.4,-49.2,-51.0,-51.6,-5.2,-4.4,-0.8,3.6,6.1,5.3,1.6,-3.0,-8.9,-6.7,-3.4,1.0,5.3,8.7,11.1,9.4,6.4,2.7,-1.5,-5.6,-1.1,0.8,2.4,2.8,1.7,-0.2,-1.8,-2.2,61.5,57.1,54.9,56.3,60.3,65.0,66.9,65.5,64.1,61.5,59.5,58.4,58.8,60.4,62.9,64.6,65.4,66.1,66.1,65.6,63.1,63.6,62.7,60.8,59.0,58.4,59.3,61.3,56.0,51.6,49.2,50.2,54.1,58.5,60.9,60.2,59.5,56.4,53.8,52.3,52.4,53.4,55.5,57.5,58.8,59.7,60.2,60.4,57.3,57.8,56.8,54.8,53.1,52.6,53.7,55.6,870.7,870.8,870.5,870.0,869.6,869.7,869.8,870.3,875.4,872.5,869.7,868.2,868.4,869.6,871.2,869.9,868.7,868.8,870.2,872.7,871.0,870.8,870.6,870.7,870.9,871.1,871.2,871.2,874.7,875.5,876.5,877.2,877.2,876.5,875.4,874.9,875.8,874.6,873.9,874.2,876.3,879.3,882.5,879.4,876.6,874.6,874.1,874.8,876.2,876.5,877.0,877.3,877.3,877.0,876.5,876.2,1.02,0.36,0.61,0.00,0.00,0.00,0.00,0.00,0.00,0.60,0.76,2.46,0.00,1.13,0.66,0.56,0.00,1.00,1.00,0.00,1.00,0.00,0.00,0.00,0.00,0.00,1.00,1.00,1.00,0.00,1.00,0.00,0.00,0.00,0.00
162,0,11.233,0.98,1,0.165282,0.075426,-0.983358,0.004479,0.095339,-0.995435,0.086,0.086,207.2,208.0,210.4,212.9,214.2,213.6,211.0,208.4,204.1,205.4,207.5,210.1,212.9,215.1,216.8,215.1,212.8,210.2,207.8,205.7,209.7,210.8,211.9,212.3,211.7,210.6,209.5,209.2,236.9,237.4,239.6,242.2,243.7,243.2,241.0,238.2,234.8,236.0,238.0,240.6,243.2,245.2,246.6,245.6,243.9,241.7,239.2,236.7,239.4,240.5,241.5,241.7,241.0,239.9,238.9,238.7,356.9,354.2,353.0,353.8,356.3,359.1,360.2,359.3,358.2,356.8,355.8,355.1,355.3,356.3,357.7,358.8,359.4,359.7,359.7,359.3,357.8,358.2,357.6,356.5,355.4,355.0,355.6,356.7,353.4,350.7,349.3,349.9,352.2,354.9,356.3,356.0,355.5,353.7,352.2,351.2,351.2,351.7,352.8,354.1,355.0,355.6,355.9,356.0,354.2,354.4,353.8,352.6,351.6,351.3,352.0,353.1,-54.7,-53.4,-49.4,-45.1,-43.0,-44.0,-48.3,-52.6,-60.1,-57.7,-54.2,-49.7,-45.0,-41.4,-38.8,-41.4,-45.3,-49.5,-53.6,-57.3,-50.5,-48.6,-46.8,-46.2,-47.1,-49.0,-50.8,-51.4,-5.2,-4.3,-0.7,3.7,6.2,5.3,1.7,-2.9,-8.8,-6.6,-3.3,1.0,5.4,8.8,11.2,9.4,6.5,2.8,-1.4,-5.5,-1.0,0.9,2.5,2.8,1.7,-0.2,-1.8,-2.1,61.5,57.1,54.9,56.3,60.4,65.1,66.9,65.5,64.1,61.4,59.5,58.4,58.8,60.4,62.9,64.6,65.4,66.1,66.1,65.6,63.1,63.7,62.7,60.8,59.0,58.4,59.4,61.3,55.9,51.5,49.1,50.2,54.0,58.5,60.9,60.2,59.4,56.3,53.8,52.2,52.3,53.4,55.5,57.4,58.8,59.7,60.1,60.3,57.3,57.7,56.7,54.8,53.1,52.6,53.6,55.6,868.0,868.1,867.8,867.3,866.9,867.0,867.1,867.6,872.7,869.8,867.1,865.5,865.7,867.0,868.6,867.3,866.1,866.1,867.6,870.0,868.3,868.1,868.0,868.0,868.2,868.4,868.5,868.5,871.7,872.5,873.5,874.2,874.2,873.5,872.5,871.9,872.8,871.6,870.9,871.2,873.3,876.4,879.5,876.5,873.6,871.7,871.1,871.8,873.2,873.6,874.0,874.3,874.3,874.0,873.6,873.2,1.11,0.48,0.59,0.36,0.00,0.00,0.00,0.00,0.00,0.51,0.76,2.44,0.00,1.05,0.73,0.44,0.17,1.00,1.00,0.00,1.00,0.00,0.00,0.00,0.00,0.00,1.00,1.00,1.00,0.00,1.00,0.00,0.00,0.00,0.00
163,0,11.302,0.98,1,0.173253,0.086602,-0.981062,0.005727,0.108888,-0.994038,0.090,0.099,207.7,208.5,210.8,213.3,214.6,214.0,211.4,208.9,204.7,205.9,208.0,210.6,213.3,215.5,217.1,215.5,213.2,210.7,208.3,206.2,210.2,211.3,212.3,212.7,212.1,211.0,210.0,209.7,237.0,237.5,239.7,242.2,243.7,243.2,241.0,238.3,234.9,236.2,238.1,240.7,243.2,245.2,246.6,245.6,243.9,241.7,239.2,236.8,239.4,240.6,241.5,241.7,241.1,240.0,239.0,238.8,358.1,355.5,354.3,355.1,357.5,360.2,361.3,360.5,359.4,358.1,357.1,356.4,356.6,357.5,358.8,359.9,360.5,360.9,360.9,360.4,359.0,359.4,358.8,357.7,356.6,356.3,356.8,358.0,354.5,351.9,350.4,351.0,353.3,355.9,357.4,357.0,356.5,354.7,353.3,352.4,352.3,352.8,353.8,355.1,356.1,356.7,357.0,357.0,355.2,355.5,354.8,353.7,352.7,352.4,353.1,354.2,-55.1,-53.8,-49.8,-45.4,-43.3,-44.3,-48.6,-53.0,-60.5,-58.1,-54.5,-50.0,-45.4,-41.8,-39.1,-41.8,-45.6,-49.8,-53.9,-57.7,-50.8,-48.9,-47.2,-46.6,-47.5,-49.4,-51.2,-51.8,-5.1,-4.3,-0.6,3.8,6.3,5.4,1.8,-2.9,-8.7,-6.5,-3.2,1.2,5.5,8.9,11.4,9.6,6.6,2.9,-1.3,-5.4,-1.0,1.0,2.6,2.9,1.8,-0.1,-1.7,-2.0,65.0,60.5,58.4,59.7,63.8,68.5,70.4,69.0,67.6,65.0,63.1,61.9,62.3,63.8,66.2,67.9,68.8,69.5,69.6,69.1,66.5,67.1,66.2,64.2,62.4,61.9,62.8,64.7,58.9,54.5,52.1,53.1,57.0,61.4,63.8,63.2,62.4,59.3,56.8,55.3,55.3,56.3,58.3,60.3,61.7,62.6,63.1,63.3,60.2,60.7,59.6,57.7,56.0,55.5,56.6,58.5,887.5,887.6,887.4,887.0,886.7,886.8,886.8,887.2,892.2,889.3,886.6,885.1,885.5,886.8,888.5,887.1,885.8,885.8,887.1,889.5,888.0,887.8,887.7,887.7,887.9,888.0,888.1,888.1,889.4,890.0,891.0,891.7,891.8,891.1,890.2,889.6,890.5,889.3,888.5,888.7,890.8,893.9,897.0,894.1,891.2,889.3,888.8,889.5,890.9,891.2,891.6,891.9,891.9,891.6,891.1,890.9,1.14,0.58,0.53,0.72,0.00,0.00,0.00,0.00,0.00,0.48,0.82,2.45,0.00,0.94,0.73,0.28,0.42,1.00,1.00,0.00,1.00,0.00,0.00,0.00,0.00,0.00,1.00,1.00,1.00,0.00,1.00,0.00,0.00,0.00,1.00
164,0,11.372,0.98,1,0.174386,0.085978,-0.980917,0.006512,0.108525,-0.994072,0.091,0.098,207.7,208.4,210.8,213.3,214.5,214.0,211.4,208.9,204.6,205.9,208.0,210.6,213.3,215.5,217.1,215.5,213.2,210.7,208.3,206.2,210.2,211.3,212.3,212.7,212.1,211.0,210.0,209.6,237.0,237.5,239.6,242.2,243.7,243.2,241.0,238.3,234.9,236.2,238.1,240.7,243.2,245.2,246.6,245.6,243.9,241.7,239.2,236.8,239.4,240.5,241.5,241.7,241.1,239.9,239.0,238.8,358.2,355.6,354.3,355.1,357.5,360.3,361.4,360.6,359.5,358.1,357.1,356.5,356.7,357.5,358.9,359.9,360.5,360.9,360.9,360.5,359.1,359.4,358.9,357.7,356.7,356.3,356.9,358.0,354.5,351.9,350.4,351.0,353.3,355.9,357.4,357.0,356.5,354.8,353.3,352.4,352.4,352.8,353.9,355.1,356.1,356.7,357.0,357.1,355.2,355.5,354.9,353.7,352.7,352.5,353.1,354.2,-55.1,-53.8,-49.8,-45.5,-43.3,-44.3,-48.6,-53.0,-60.6,-58.2,-54.5,-50.0,-45.4,-41.8,-39.1,-41.8,-45.6,-49.8,-54.0,-57.7,-50.8,-48.9,-47.2,-46.6,-47.5,-49.4,-51.2,-51.8,-5.1,-4.3,-0.6,3.8,6.3,5.4,1.8,-2.9,-8.7,-6.5,-3.3,1.1,5.5,8.9,11.3,9.6,6.6,2.9,-1.3,-5.5,-1.0,0.9,2.5,2.9,1.8,-0.1,-1.7,-2.1,65.1,60.7,58.5,59.8,63.9,68.6,70.5,69.1,67.7,65.1,63.2,62.0,62.4,63.9,66.3,68.0,68.9,69.6,69.7,69.2,66.6,67.2,66.3,64.3,62.6,62.0,62.9,64.9,59.0,54.5,52.1,53.1,57.0,61.5,63.9,63.2,62.4,59.4,56.9,55.3,55.4,56.3,58.3,60.4,61.7,62.6,63.1,63.3,60.3,60.7,59.7,57.7,56.0,55.6,56.6,58.6,887.6,887.7,887.5,887.1,886.7,886.9,886.9,887.3,892.2,889.3,886.7,885.2,885.5,886.9,888.5,887.2,885.9,885.9,887.2,889.6,888.0,887.9,887.8,887.8,887.9,888.1,888.2,888.2,889.8,890.4,891.3,892.1,892.1,891.5,890.5,890.0,890.9,889.6,888.8,889.1,891.2,894.2,897.4,894.4,891.6,889.7,889.1,889.9,891.2,891.6,892.0,892.3,892.2,891.9,891.5,891.2,1.26,0.73,0.51,1.02,0.00,0.00,0.00,0.00,0.00,0.59,0.81,2.26,0.00,0.76,0.69,0.30,0.57,1.00,1.00,0.00,1.00,0.00,0.00,0.00,0.00,0.00,1.00,1.00,1.00,0.00,1.00,0.00,0.00,0.00,1.00
165,0,11.442,0.98,1,0.179717,0.080892,-0.980387,0.010113,0.103832,-0.994543,0.096,0.093,207.8,208.6,210.9,213.4,214.6,214.1,211.6,209.1,204.8,206.1,208.1,210.7,213.4,215.5,217.1,215.6,213.3,210.9,208.5,206.4,210.3,211.4,212.4,212.8,212.2,211.1,210.1,209.8,236.9,237.4,239.5,242.0,243.5,243.0,240.9,238.2,234.8,236.1,238.0,240.5,243.0,245.0,246.3,245.3,243.7,241.5,239.1,236.7,239.3,240.4,241.3,241.5,240.9,239.8,238.9,238.7,358.6,356.1,354.8,355.6,357.9,360.6,361.8,361.0,360.0,358.6,357.6,357.0,357.1,357.9,359.2,360.3,360.9,361.3,361.3,360.9,359.5,359.8,359.3,358.2,357.1,356.8,357.3,358.5,354.8,352.2,350.8,351.4,353.6,356.2,357.6,357.3,356.8,355.1,353.7,352.8,352.7,353.1,354.1,355.4,356.3,356.9,357.2,357.3,355.5,355.8,355.1,354.0,353.0,352.8,353.4,354.5,-55.5,-54.2,-50.3,-45.9,-43.8,-44.7,-49.0,-53.4,-61.0,-58.6,-55.0,-50.5,-45.9,-42.2,-39.6,-42.2,-46.0,-50.2,-54.4,-58.1,-51.3,-49.4,-47.6,-47.1,-48.0,-49.9,-51.7,-52.2,-5.4,-4.6,-0.9,3.5,6.0,5.2,1.5,-3.1,-9.0,-6.8,-3.5,0.9,5.2,8.7,11.1,9.3,6.4,2.6,-1.6,-5.7,-1.2,0.7,2.3,2.7,1.6,-0.4,-2.0,-2.3,66.7,62.3,60.1,61.4,65.4,70.1,72.1,70.8,69.4,66.8,64.9,63.7,64.0,65.5,67.8,69.5,70.5,71.2,71.3,70.8,68.2,68.8,67.8,65.9,64.1,63.6,64.5,66.5,60.3,55.8,53.4,54.4,58.3,62.8,65.2,64.5,63.7,60.7,58.2,56.7,56.7,57.6,59.6,61.6,63.0,63.9,64.4,64.6,61.6,62.0,61.0,59.0,57.3,56.9,57.9,59.9,899.3,899.4,899.2,898.9,898.6,898.8,898.7,899.0,903.8,901.0,898.4,896.9,897.4,898.8,900.5,899.1,897.7,897.6,898.9,901.3,899.8,899.7,899.6,899.6,899.8,899.9,900.0,899.9,901.5,902.1,903.0,903.8,903.8,903.2,902.3,901.7,902.6,901.3,900.5,900.8,902.9,905.9,909.1,906.1,903.3,901.4,900.9,901.6,903.0,903.3,903.7,904.0,903.9,903.6,903.2,902.9,1.14,0.54,0.48,0.92,0.00,0.00,0.00,0.00,0.02,0.66,0.72,1.94,0.00,0.48,0.49,0.39,0.52,0.00,1.00,0.00,1.00,0.00,0.00,0.00,0.00,0.00,1.00,0.00,1.00,0.00,1.00,0.00,0.00,0.00,1.00
166,0,11.512,0.98,1,0.147073,0.099151,-0.984144,-0.020554,0.114428,-0.993219,0.064,0.108,207.1,208.0,210.3,212.8,213.9,213.2,210.7,208.3,204.1,205.4,207.4,210.0,212.7,214.8,216.3,214.7,212.4,210.0,207.7,205.6,209.6,210.6,211.7,212.0,211.5,210.5,209.4,209.1,236.7,237.2,239.5,242.0,243.4,242.8,240.6,237.9,234.5,235.8,237.8,240.4,242.9,244.9,246.3,245.2,243.4,241.2,238.8,236.4,239.1,240.2,241.1,241.4,240.8,239.7,238.7,238.5,357.6,355.1,353.9,354.8,357.2,359.9,360.9,360.0,358.8,357.5,356.6,356.1,356.3,357.2,358.6,359.6,360.1,360.4,360.3,359.8,358.6,359.0,358.4,357.3,356.3,355.9,356.4,357.5,354.8,352.2,350.9,351.6,353.9,356.5,357.8,357.4,356.7,355.1,353.8,352.9,353.0,353.5,354.5,355.8,356.6,357.1,357.3,357.3,355.6,355.9,355.3,354.2,353.2,352.9,353.5,354.6,-57.1,-55.7,-51.6,-47.3,-45.3,-46.5,-50.9,-55.1,-62.7,-60.2,-56.6,-52.0,-47.4,-43.8,-41.2,-43.9,-47.8,-52.0,-56.2,-59.9,-52.9,-51.1,-49.3,-48.6,-49.5,-51.4,-53.2,-53.8,-5.7,-4.7,-0.9,3.4,5.8,4.8,1.0,-3.7,-9.5,-7.2,-3.8,0.7,5.0,8.5,10.9,9.0,5.9,2.1,-2.1,-6.3,-1.6,0.3,1.9,2.4,1.4,-0.5,-2.2,-2.6,65.4,61.0,58.9,60.4,64.5,69.2,71.0,69.5,67.8,65.4,63.6,62.5,63.0,64.7,67.1,68.7,69.5,70.0,70.0,69.4,67.1,67.7,66.8,64.9,63.1,62.5,63.3,65.3,59.8,55.4,53.1,54.3,58.3,62.7,65.0,64.1,63.1,60.2,57.9,56.5,56.7,57.7,59.7,61.7,62.9,63.7,64.0,64.1,61.3,61.8,60.8,58.9,57.1,56.6,57.6,59.5,905.2,905.3,905.1,904.7,904.3,904.5,904.5,904.9,909.9,907.0,904.3,902.8,903.1,904.4,906.1,904.7,903.5,903.4,904.8,907.2,905.6,905.5,905.4,905.4,905.6,905.7,905.8,905.8,893.7,894.4,895.3,895.9,896.0,895.4,894.4,894.0,894.9,893.6,892.8,893.0,895.0,898.1,901.2,898.2,895.4,893.6,893.1,893.9,895.2,895.5,895.9,896.1,896.1,895.8,895.4,895.2,0.96,0.41,0.49,0.66,0.00,0.00,0.00,0.01,0.05,0.67,0.43,1.50,0.00,0.20,0.26,0.44,0.30,0.00,1.00,0.00,1.00,0.00,0.00,0.00,0.00,0.00,1.00,0.00,1.00,0.00,1.00,0.00,0.00,0.00,1.00
167,0,11.581,0.98,1,0.141732,0.103048,-0.984527,-0.025101,0.115604,-0.992978,0.059,0.110,206.8,207.7,210.1,212.6,213.7,213.0,210.4,207.9,203.8,205.1,207.2,209.7,212.4,214.6,216.1,214.4,212.2,209.7,207.3,205.3,209.3,210.4,211.4,211.8,211.3,210.2,209.2,208.8,236.5,237.2,239.4,241.9,243.3,242.7,240.5,237.7,234.3,235.7,237.7,240.3,242.9,244.9,246.2,245.1,243.4,241.2,238.7,236.2,239.0,240.1,241.0,241.3,240.7,239.6,238.6,238.4,357.1,354.5,353.4,354.3,356.7,359.4,360.4,359.5,358.2,356.9,356.1,355.5,355.9,356.8,358.2,359.1,359.6,359.9,359.8,359.3,358.1,358.5,358.0,356.9,355.8,355.4,355.9,357.0,354.6,352.0,350.7,351.4,353.7,356.3,357.7,357.2,356.5,354.9,353.6,352.8,352.8,353.4,354.4,355.7,356.5,357.0,357.2,357.1,355.5,355.8,355.2,354.1,353.0,352.7,353.3,354.5,-57.2,-55.7,-51.6,-47.3,-45.4,-46.6,-51.0,-55.3,-62.8,-60.3,-56.6,-52.1,-47.5,-43.9,-41.3,-44.1,-48.0,-52.2,-56.3,-60.0,-53.0,-51.2,-49.4,-48.7,-49.6,-51.4,-53.2,-53.9,-5.9,-4.8,-1.0,3.3,5.6,4.6,0.8,-3.8,-9.6,-7.3,-3.9,0.6,4.9,8.3,10.7,8.8,5.7,2.0,-2.3,-6.4,-1.8,0.1,1.8,2.2,1.2,-0.7,-2.3,-2.8,64.0,59.6,57.6,59.2,63.3,68.0,69.6,68.1,66.3,63.9,62.2,61.2,61.7,63.4,65.9,67.5,68.2,68.7,68.6,67.9,65.7,66.4,65.5,63.6,61.8,61.1,62.0,63.9,58.9,54.5,52.3,53.5,57.5,62.0,64.2,63.3,62.2,59.3,57.0,55.7,55.9,57.0,59.1,61.0,62.2,62.9,63.2,63.2,60.5,61.0,60.0,58.1,56.3,55.8,56.8,58.7,898.9,899.0,898.8,898.3,897.9,898.1,898.1,898.5,903.6,900.7,898.0,896.5,896.8,898.0,899.6,898.3,897.1,897.1,898.5,900.9,899.3,899.1,899.0,899.0,899.2,899.4,899.5,899.5,886.1,886.8,887.7,888.4,888.4,887.7,886.8,886.3,887.3,886.0,885.2,885.4,887.4,890.5,893.6,890.6,887.8,885.9,885.4,886.2,887.6,887.8,888.3,888.5,888.5,888.2,887.8,887.6,0.69,0.30,0.50,0.46,0.00,0.00,0.00,0.01,0.07,0.65,0.17,1.15,0.00,0.03,0.07,0.38,0.17,0.00,1.00,0.00,1.00,0.00,0.00,0.00,0.00,0.00,1.00,0.00,1.00,0.00,1.00,0.00,0.00,0.00,0.00
168,0,11.651,0.98,1,0.142267,0.103623,-0.984389,-0.024495,0.114776,-0.993089,0.059,0.110,206.6,207.5,209.9,212.3,213.4,212.7,210.1,207.7,203.5,204.9,206.9,209.5,212.2,214.3,215.9,214.2,211.9,209.4,207.1,205.0,209.0,210.1,211.2,211.6,211.1,210.0,209.0,208.6,236.4,237.0,239.3,241.8,243.2,242.6,240.4,237.6,234.2,235.6,237.6,240.2,242.8,244.8,246.2,245.1,243.3,241.1,238.6,236.1,238.9,240.0,241.0,241.2,240.6,239.5,238.5,238.3,356.9,354.4,353.2,354.2,356.6,359.3,360.3,359.4,358.1,356.8,355.9,355.4,355.7,356.7,358.1,359.0,359.5,359.7,359.6,359.1,358.0,358.4,357.9,356.7,355.7,355.3,355.8,356.9,354.5,351.9,350.6,351.3,353.6,356.3,357.6,357.1,356.4,354.8,353.4,352.6,352.7,353.3,354.3,355.6,356.4,356.9,357.1,357.1,355.4,355.7,355.1,354.0,352.9,352.6,353.2,354.4,-57.3,-55.8,-51.6,-47.4,-45.5,-46.7,-51.1,-55.4,-62.9,-60.4,-56.7,-52.1,-47.5,-44.0,-41.4,-44.2,-48.0,-52.3,-56.4,-60.1,-53.1,-51.3,-49.5,-48.8,-49.6,-51.5,-53.3,-54.0,-6.0,-5.0,-1.2,3.1,5.5,4.4,0.6,-4.0,-9.8,-7.5,-4.1,0.4,4.8,8.2,10.5,8.6,5.6,1.8,-2.4,-6.6,-1.9,-0.0,1.6,2.1,1.1,-0.8,-2.5,-3.0,63.3,59.0,57.0,58.6,62.7,67.4,69.0,67.5,65.7,63.3,61.6,60.6,61.2,62.9,65.4,66.9,67.6,68.0,67.9,67.3,65.1,65.8,64.9,63.0,61.2,60.5,61.4,63.3,58.4,54.0,51.8,53.0,57.0,61.4,63.6,62.8,61.7,58.8,56.5,55.1,55.4,56.5,58.6,60.4,61.6,62.3,62.6,62.7,59.9,60.5,59.5,57.6,55.8,55.3,56.3,58.2,893.3,893.4,893.1,892.7,892.3,892.4,892.4,892.9,897.9,895.0,892.4,890.8,891.1,892.3,893.9,892.6,891.4,891.4,892.8,895.2,893.6,893.4,893.3,893.4,893.5,893.7,893.9,893.8,880.6,881.2,882.2,882.9,882.9,882.2,881.2,880.7,881.7,880.4,879.6,879.9,881.9,885.0,888.1,885.1,882.2,880.3,879.8,880.6,882.0,882.3,882.7,883.0,883.0,882.7,882.3,882.0,0.52,0.26,0.55,0.28,0.00,0.00,0.00,0.01,0.07,0.62,0.00,1.00,0.00,0.19,0.04,0.28,0.05,0.00,0.00,0.00,1.00,0.00,0.00,0.00,0.00,0.00,1.00,0.00,1.00,0.00,1.00,0.00,0.00,0.00,0.00
169,0,11.721,0.98,1,0.140587,0.104856,-0.984500,-0.024698,0.114960,-0.993063,0.059,0.111,206.4,207.3,209.7,212.2,213.3,212.5,209.9,207.5,203.3,204.7,206.7,209.3,212.0,214.2,215.7,214.0,211.7,209.2,206.9,204.8,208.8,209.9,211.0,211.4,210.9,209.8,208.8,208.4,236.3,236.9,239.2,241.7,243.1,242.5,240.3,237.5,234.1,235.5,237.5,240.1,242.7,244.7,246.1,245.0,243.2,241.0,238.5,236.0,238.8,239.9,240.9,241.1,240.5,239.4,238.4,238.1,356.8,354.3,353.2,354.1,356.5,359.3,360.2,359.3,358.0,356.7,355.9,355.3,355.7,356.6,358.0,359.0,359.4,359.7,359.6,359.1,357.9,358.3,357.8,356.7,355.6,355.2,355.7,356.8,354.5,351.8,350.4,351.1,353.5,356.2,357.5,357.0,356.4,354.7,353.3,352.5,352.6,353.2,354.2,355.5,356.3,356.8,357.0,357.0,355.3,355.6,355.0,353.9,352.8,352.5,353.1,354.3,-57.5,-56.0,-51.9,-47.6,-45.7,-47.0,-51.4,-55.6,-63.1,-60.6,-56.9,-52.4,-47.8,-44.2,-41.6,-44.4,-48.3,-52.5,-56.7,-60.4,-53.4,-51.5,-49.7,-49.0,-49.8,-51.7,-53.5,-54.2,-6.2,-5.2,-1.4,2.9,5.3,4.3,0.5,-4.1,-10.0,-7.6,-4.2,0.2,4.6,8.0,10.4,8.5,5.4,1.6,-2.6,-6.8,-2.1,-0.2,1.5,1.9,0.9,-1.0,-2.7,-3.1,63.1,58.7,56.7,58.3,62.5,67.1,68.8,67.2,65.5,63.0,61.3,60.3,60.9,62.6,65.1,66.6,67.3,67.7,67.7,67.0,64.9,65.5,64.7,62.8,60.9,60.3,61.1,63.0,58.0,53.6,51.4,52.6,56.6,61.0,63.3,62.4,61.3,58.4,56.1,54.8,55.0,56.1,58.2,60.0,61.2,61.9,62.2,62.3,59.6,60.1,59.1,57.2,55.4,54.9,55.9,57.8,891.5,891.6,891.4,890.9,890.4,890.5,890.6,891.1,896.2,893.3,890.6,889.0,889.3,890.5,892.1,890.8,889.5,889.6,891.0,893.5,891.8,891.6,891.5,891.6,891.7,892.0,892.1,892.0,877.5,878.2,879.2,879.9,879.8,879.1,878.1,877.7,878.6,877.4,876.6,876.9,878.9,881.9,885.1,882.0,879.2,877.3,876.8,877.5,878.9,879.2,879.7,880.0,880.0,879.7,879.3,879.0,0.40,0.16,0.57,0.18,0.00,0.00,0.00,0.00,0.04,0.65,0.00,1.02,0.00,0.36,0.00,0.14,0.02,0.00,0.00,0.00,1.00,0.00,0.00,0.00,0.00,0.00,1.00,0.00,1.00,0.00,1.00,0.00,0.00,0.00,0.00
170,0,11.791,0.98,1,0.137401,0.097479,-0.985707,-0.027634,0.108481,-0.993714,0.055,0.104,206.2,207.1,209.5,212.0,213.1,212.4,209.8,207.3,203.2,204.5,206.6,209.2,211.9,214.0,215.5,213.9,211.6,209.1,206.7,204.7,208.7,209.8,210.8,211.2,210.7,209.7,208.6,208.2,236.1,236.7,239.0,241.5,242.9,242.3,240.1,237.3,233.9,235.3,237.3,239.9,242.5,244.5,245.9,244.8,243.0,240.8,238.2,235.8,238.5,239.7,240.7,240.9,240.3,239.2,238.2,237.9,356.7,354.2,353.0,354.0,356.4,359.1,360.1,359.2,357.9,356.6,355.7,355.2,355.5,356.5,357.9,358.8,359.3,359.5,359.4,358.9,357.7,358.1,357.6,356.5,355.5,355.1,355.6,356.7,354.3,351.7,350.3,351.0,353.4,356.0,357.4,356.9,356.2,354.5,353.2,352.4,352.5,353.0,354.1,355.3,356.1,356.6,356.8,356.8,355.2,355.5,354.9,353.7,352.7,352.4,353.0,354.1,-57.9,-56.3,-52.2,-47.9,-46.0,-47.3,-51.7,-55.9,-63.4,-60.9,-57.3,-52.7,-48.1,-44.5,-42.0,-44.7,-48.6,-52.9,-57.0,-60.7,-53.7,-51.8,-50.0,-49.3,-50.2,-52.0,-53.8,-54.5,-6.6,-5.5,-1.8,2.6,4.9,3.9,0.1,-4.5,-10.3,-8.0,-4.6,-0.1,4.2,7.6,10.0,8.1,5.1,1.3,-3.0,-7.1,-2.5,-0.6,1.1,1.6,0.5,-1.4,-3.0,-3.5,62.9,58.6,56.6,58.1,62.3,67.0,68.6,67.1,65.3,62.9,61.2,60.2,60.7,62.4,65.0,66.5,67.1,67.6,67.5,66.9,64.7,65.4,64.5,62.6,60.8,60.1,61.0,62.9,57.9,53.5,51.2,52.4,56.4,60.8,63.1,62.2,61.2,58.2,55.9,54.6,54.8,56.0,58.0,59.9,61.0,61.7,62.0,62.1,59.4,59.9,58.9,57.0,55.3,54.7,55.7,57.6,892.5,892.7,892.4,891.9,891.5,891.5,891.6,892.1,897.2,894.3,891.6,890.1,890.3,891.5,893.1,891.7,890.5,890.6,892.0,894.5,892.8,892.6,892.5,892.6,892.8,893.0,893.1,893.0,878.3,879.1,880.1,880.7,880.6,879.9,878.9,878.5,879.4,878.2,877.4,877.7,879.7,882.8,885.9,882.8,880.0,878.1,877.6,878.4,879.8,880.1,880.5,880.8,880.8,880.5,880.1,879.8,0.37,0.03,0.65,0.07,0.00,0.00,0.00,0.00,0.02,0.47,0.07,1.07,0.00,0.50,0.00,0.03,0.00,0.00,0.00,0.00,1.00,0.00,0.00,0.00,0.00,0.00,1.00,0.00,1.00,0.00,1.00,0.00,0.00,0.00,0.00
171,0,11.860,0.98,1,0.137381,0.093800,-0.986067,-0.027325,0.104411,-0.994159,0.056,0.100,206.2,207.1,209.5,212.0,213.1,212.4,209.8,207.3,203.2,204.5,206.6,209.2,211.9,214.0,215.5,213.9,211.6,209.1,206.7,204.7,208.7,209.8,210.8,211.2,210.7,209.7,208.6,208.2,236.1,236.7,238.9,241.5,242.9,242.3,240.0,237.3,233.9,235.2,237.3,239.9,242.5,244.5,245.9,244.8,243.0,240.7,238.2,235.8,238.5,239.6,240.6,240.9,240.3,239.2,238.2,237.9,356.7,354.2,353.0,353.9,356.4,359.1,360.1,359.2,357.9,356.6,355.7,355.2,355.5,356.5,357.9,358.8,359.3,359.5,359.4,358.9,357.7,358.1,357.6,356.5,355.5,355.1,355.6,356.7,354.3,351.7,350.3,351.0,353.4,356.0,357.4,356.9,356.2,354.5,353.2,352.4,352.5,353.0,354.1,355.3,356.1,356.6,356.8,356.8,355.1,355.5,354.9,353.7,352.7,352.4,353.0,354.1,-57.9,-56.4,-52.3,-48.0,-46.1,-47.4,-51.8,-56.0,-63.5,-61.0,-57.3,-52.8,-48.2,-44.6,-42.0,-44.8,-48.7,-52.9,-57.1,-60.7,-53.7,-51.9,-50.1,-49.4,-50.2,-52.1,-53.9,-54.6,-6.6,-5.6,-1.8,2.6,4.9,3.9,0.1,-4.5,-10.4,-8.0,-4.6,-0.2,4.2,7.6,10.0,8.1,5.0,1.2,-3.0,-7.1,-2.5,-0.6,1.1,1.5,0.5,-1.4,-3.1,-3.5,63.0,58.7,56.7,58.2,62.4,67.0,68.7,67.2,65.4,63.0,61.2,60.2,60.8,62.5,65.0,66.5,67.2,67.7,67.6,67.0,64.8,65.4,64.6,62.7,60.9,60.2,61.1,63.0,57.9,53.5,51.3,52.5,56.5,60.9,63.1,62.3,61.2,58.3,56.0,54.7,54.9,56.0,58.1,60.0,61.1,61.8,62.1,62.2,59.4,60.0,59.0,57.1,55.3,54.8,55.8,57.7,893.8,893.9,893.7,893.2,892.7,892.8,892.8,893.3,898.5,895.6,892.9,891.3,891.5,892.8,894.3,893.0,891.8,891.8,893.3,895.7,894.1,893.9,893.8,893.8,894.0,894.2,894.3,894.3,879.7,880.4,881.4,882.0,882.0,881.2,880.3,879.8,880.8,879.5,878.8,879.0,881.1,884.1,887.2,884.2,881.3,879.4,878.9,879.7,881.1,881.4,881.8,882.1,882.2,881.9,881.4,881.1,0.28,0.09,0.67,0.07,0.00,0.00,0.00,0.00,0.00,0.45,0.08,1.16,0.00,0.49,0.00,0.00,0.00,0.00,0.00,0.00,1.00,0.00,0.00,0.00,0.00,0.00,1.00,0.00,1.00,0.00,1.00,0.00,0.00,0.00,0.00
172,0,11.930,0.98,1,0.137942,0.085438,-0.986748,-0.028679,0.096587,-0.994911,0.055,0.092,206.7,207.6,210.0,212.4,213.5,212.8,210.2,207.8,203.7,205.0,207.0,209.6,212.3,214.4,215.9,214.3,212.0,209.5,207.2,205.2,209.1,210.2,211.3,211.6,211.2,210.1,209.1,208.7,236.3,236.9,239.2,241.7,243.1,242.5,240.3,237.5,234.1,235.5,237.5,240.1,242.7,244.7,246.0,244.9,243.2,241.0,238.5,236.0,238.7,239.9,240.8,241.1,240.5,239.4,238.4,238.1,356.6,354.1,352.9,353.8,356.3,359.0,359.9,359.0,357.8,356.5,355.6,355.1,355.4,356.3,357.8,358.7,359.2,359.4,359.3,358.8,357.6,358.0,357.5,356.4,355.4,355.0,355.5,356.6,354.2,351.6,350.3,351.0,353.3,355.9,357.3,356.8,356.1,354.5,353.1,352.3,352.4,353.0,354.1,355.3,356.1,356.6,356.7,356.8,355.1,355.4,354.8,353.7,352.6,352.3,352.9,354.0,-57.4,-55.9,-51.8,-47.5,-45.6,-46.9,-51.3,-55.5,-63.0,-60.5,-56.8,-52.3,-47.7,-44.1,-41.5,-44.3,-48.2,-52.4,-56.6,-60.2,-53.2,-51.4,-49.6,-48.9,-49.8,-51.6,-53.4,-54.1,-6.2,-5.2,-1.4,2.9,5.3,4.2,0.4,-4.2,-10.0,-7.7,-4.3,0.2,4.5,8.0,10.3,8.4,5.4,1.6,-2.6,-6.8,-2.1,-0.2,1.4,1.9,0.9,-1.0,-2.7,-3.2,63.1,58.8,56.8,58.4,62.5,67.2,68.8,67.3,65.6,63.1,61.3,60.3,60.9,62.6,65.2,66.7,67.4,67.9,67.8,67.1,64.9,65.6,64.7,62.8,61.0,60.3,61.2,63.1,58.2,53.8,51.5,52.8,56.8,61.2,63.4,62.5,61.5,58.5,56.2,54.8,55.1,56.3,58.4,60.2,61.4,62.1,62.4,62.4,59.7,60.2,59.3,57.3,55.6,55.0,56.0,57.9,898.5,898.6,898.4,897.9,897.5,897.5,897.6,898.0,903.2,900.3,897.6,896.0,896.3,897.5,899.1,897.8,896.5,896.6,898.0,900.5,898.8,898.6,898.5,898.6,898.8,899.0,899.1,899.0,884.8,885.5,886.5,887.2,887.1,886.4,885.4,885.0,885.9,884.7,883.9,884.2,886.2,889.2,892.3,889.3,886.5,884.6,884.1,884.9,886.3,886.5,887.0,887.3,887.3,887.0,886.6,886.3,0.25,0.19,0.69,0.15,0.00,0.00,0.00,0.00,0.00,0.44,0.08,1.23,0.00,0.45,0.00,0.00,0.00,0.00,0.00,0.00,1.00,0.00,0.00,0.00,0.00,0.00,1.00,0.00,1.00,0.00,1.00,0.00,0.00,0.00,0.00
173,0,12.000,0.98,1,0.138144,0.086232,-0.986651,-0.028566,0.097374,-0.994838,0.055,0.092,206.7,207.6,210.0,212.4,213.5,212.8,210.3,207.8,203.7,205.0,207.0,209.6,212.3,214.4,215.9,214.3,212.0,209.5,207.2,205.2,209.2,210.2,211.3,211.7,211.2,210.1,209.1,208.7,236.3,237.0,239.2,241.7,243.1,242.5,240.3,237.5,234.1,235.5,237.5,240.1,242.7,244.7,246.0,244.9,243.2,241.0,238.5,236.0,238.8,239.9,240.8,241.1,240.5,239.4,238.4,238.2,356.6,354.1,352.9,353.8,356.3,359.0,359.9,359.0,357.8,356.5,355.6,355.0,355.4,356.3,357.8,358.7,359.2,359.4,359.3,358.8,357.6,358.0,357.5,356.4,355.3,354.9,355.4,356.5,354.2,351.6,350.3,351.0,353.3,356.0,357.3,356.8,356.1,354.5,353.1,352.3,352.4,353.0,354.1,355.3,356.1,356.6,356.8,356.8,355.1,355.4,354.8,353.7,352.6,352.3,352.9,354.1,-57.4,-55.9,-51.8,-47.5,-45.6,-46.8,-51.3,-55.5,-62.9,-60.5,-56.8,-52.3,-47.6,-44.1,-41.5,-44.3,-48.2,-52.4,-56.5,-60.2,-53.2,-51.4,-49.6,-48.9,-49.7,-51.6,-53.4,-54.1,-6.2,-5.2,-1.4,2.9,5.3,4.2,0.5,-4.2,-10.0,-7.6,-4.2,0.2,4.6,8.0,10.3,8.4,5.4,1.6,-2.6,-6.8,-2.1,-0.2,1.4,1.9,0.9,-1.0,-2.7,-3.1,63.1,58.8,56.8,58.3,62.5,67.1,68.8,67.3,65.5,63.0,61.3,60.3,60.9,62.6,65.2,66.7,67.4,67.8,67.8,67.1,64.9,65.6,64.7,62.8,61.0,60.3,61.2,63.1,58.2,53.8,51.5,52.8,56.8,61.2,63.4,62.5,61.5,58.5,56.2,54.9,55.1,56.3,58.4,60.3,61.4,62.1,62.4,62.4,59.7,60.2,59.3,57.3,55.6,55.1,56.0,58.0,898.4,898.6,898.3,897.8,897.4,897.5,897.5,898.0,903.1,900.2,897.5,896.0,896.2,897.5,899.0,897.7,896.5,896.5,897.9,900.4,898.8,898.5,898.4,898.5,898.7,898.9,899.0,898.9,884.8,885.5,886.5,887.1,887.1,886.4,885.4,884.9,885.9,884.7,883.9,884.2,886.2,889.2,892.3,889.3,886.4,884.5,884.0,884.8,886.2,886.5,886.9,887.2,887.3,887.0,886.6,886.2,0.24,0.27,0.67,0.34,0.00,0.00,0.00,0.00,0.00,0.47,0.01,1.24,0.00,0.39,0.00,0.00,0.00,0.00,0.00,0.00,1.00,0.00,0.00,0.00,0.00,0.00,1.00,0.00,1.00,0.00,1.00,0.00,0.00,0.00,0.00
174,0,12.070,0.98,1,0.138358,0.086163,-0.986627,-0.029058,0.097641,-0.994797,0.055,0.092,206.9,207.8,210.2,212.6,213.7,213.0,210.4,208.0,203.9,205.2,207.2,209.8,212.5,214.6,216.1,214.5,212.2,209.7,207.4,205.4,209.3,210.4,211.4,211.8,211.4,210.3,209.3,208.9,236.5,237.1,239.3,241.8,243.2,242.6,240.4,237.7,234.3,235.6,237.6,240.2,242.8,244.8,246.1,245.0,243.3,241.1,238.6,236.1,238.9,240.0,241.0,241.2,240.6,239.5,238.5,238.3,356.7,354.1,353.0,353.9,356.3,359.0,360.0,359.1,357.9,356.6,355.6,355.1,355.4,356.4,357.8,358.8,359.2,359.5,359.4,358.9,357.7,358.1,357.6,356.5,355.4,355.0,355.5,356.6,354.3,351.7,350.3,351.0,353.3,355.9,357.3,356.8,356.2,354.5,353.1,352.3,352.4,353.0,354.1,355.3,356.1,356.6,356.8,356.8,355.1,355.4,354.8,353.7,352.6,352.3,352.9,354.1,-57.2,-55.6,-51.5,-47.3,-45.4,-46.6,-51.0,-55.2,-62.7,-60.2,-56.6,-52.0,-47.4,-43.8,-41.3,-44.0,-47.9,-52.2,-56.3,-60.0,-53.0,-51.1,-49.3,-48.6,-49.5,-51.3,-53.1,-53.8,-6.0,-5.0,-1.2,3.1,5.5,4.4,0.6,-4.0,-9.8,-7.5,-4.1,0.4,4.7,8.2,10.5,8.6,5.6,1.8,-2.4,-6.6,-1.9,-0.0,1.6,2.1,1.1,-0.8,-2.5,-2.9,63.3,59.0,57.0,58.5,62.7,67.3,69.0,67.5,65.8,63.3,61.5,60.5,61.1,62.8,65.4,66.9,67.6,68.0,68.0,67.3,65.1,65.8,64.9,63.0,61.2,60.5,61.4,63.3,58.3,53.9,51.7,52.9,56.9,61.3,63.5,62.7,61.6,58.7,56.4,55.0,55.2,56.4,58.5,60.4,61.5,62.2,62.5,62.6,59.8,60.4,59.4,57.5,55.7,55.2,56.2,58.1,899.6,899.7,899.5,899.0,898.5,898.6,898.6,899.1,904.2,901.4,898.7,897.1,897.4,898.6,900.2,898.8,897.6,897.6,899.1,901.5,899.9,899.7,899.6,899.6,899.8,900.1,900.2,900.1,886.6,887.4,888.3,889.0,888.9,888.2,887.2,886.8,887.7,886.5,885.7,886.0,888.0,891.0,894.1,891.1,888.3,886.4,885.9,886.7,888.1,888.3,888.8,889.1,889.1,888.8,888.4,888.1,0.22,0.25,0.62,0.39,0.00,0.00,0.00,0.00,0.00,0.39,0.01,1.12,0.00,0.36,0.00,0.00,0.00,0.00,0.00,0.00,1.00,0.00,0.00,0.00,0.00,0.00,1.00,0.00,1.00,0.00,1.00,0.00,0.00,0.00,0.00
175,0,12.140,0.98,1,0.139824,0.087964,-0.986261,-0.027631,0.099370,-0.994667,0.057,0.094,207.0,207.9,210.3,212.7,213.8,213.1,210.6,208.1,204.0,205.3,207.3,209.9,212.6,214.7,216.3,214.6,212.3,209.9,207.5,205.5,209.5,210.5,211.6,212.0,211.5,210.4,209.4,209.0,236.7,237.3,239.5,242.0,243.4,242.8,240.6,237.9,234.5,235.8,237.8,240.4,243.0,245.0,246.3,245.3,243.5,241.3,238.8,236.3,239.1,240.2,241.2,241.4,240.8,239.7,238.7,238.5,356.6,354.1,353.0,353.9,356.3,359.0,360.0,359.1,357.8,356.5,355.6,355.1,355.4,356.4,357.8,358.7,359.2,359.5,359.3,358.9,357.6,358.0,357.5,356.4,355.4,355.0,355.5,356.6,354.2,351.6,350.3,351.0,353.3,355.9,357.3,356.8,356.1,354.4,353.1,352.3,352.4,352.9,354.0,355.2,356.0,356.5,356.7,356.7,355.1,355.4,354.8,353.6,352.6,352.3,352.9,354.0,-56.8,-55.2,-51.1,-46.9,-45.0,-46.2,-50.6,-54.9,-62.3,-59.8,-56.2,-51.6,-47.0,-43.4,-40.9,-43.6,-47.5,-51.8,-55.9,-59.6,-52.6,-50.7,-48.9,-48.3,-49.1,-51.0,-52.8,-53.4,-5.7,-4.7,-0.9,3.4,5.8,4.8,1.0,-3.6,-9.4,-7.1,-3.7,0.7,5.1,8.5,10.9,9.0,5.9,2.2,-2.1,-6.2,-1.6,0.3,2.0,2.4,1.4,-0.5,-2.2,-2.6,63.1,58.7,56.7,58.3,62.4,67.1,68.7,67.2,65.5,63.0,61.2,60.2,60.8,62.5,65.1,66.6,67.3,67.8,67.7,67.1,64.8,65.5,64.6,62.7,60.9,60.2,61.1,63.0,58.2,53.8,51.5,52.7,56.7,61.1,63.4,62.5,61.5,58.5,56.2,54.8,55.1,56.2,58.3,60.2,61.3,62.1,62.4,62.4,59.7,60.2,59.2,57.3,55.6,55.0,56.0,57.9,896.7,896.8,896.6,896.1,895.6,895.7,895.7,896.2,901.3,898.4,895.8,894.2,894.5,895.7,897.3,895.9,894.7,894.7,896.2,898.6,897.0,896.8,896.7,896.7,896.9,897.1,897.3,897.2,884.9,885.7,886.7,887.3,887.3,886.5,885.5,885.1,886.0,884.8,884.0,884.3,886.3,889.4,892.5,889.4,886.6,884.7,884.2,885.0,886.4,886.7,887.1,887.4,887.4,887.1,886.7,886.4,0.23,0.21,0.62,0.45,0.00,0.00,0.00,0.01,0.00,0.34,0.04,1.05,0.00,0.30,0.00,0.00,0.00,0.00,0.00,0.00,1.00,0.00,0.00,0.00,0.00,0.00,1.00,0.00,1.00,0.00,1.00,0.00,0.00,0.00,0.00
176,0,12.209,0.98,1,0.139229,0.087047,-0.986427,-0.027076,0.098297,-0.994789,0.057,0.093,207.2,208.1,210.5,212.9,214.0,213.3,210.7,208.3,204.1,205.5,207.5,210.1,212.8,214.9,216.4,214.8,212.5,210.0,207.6,205.6,209.6,210.7,211.7,212.1,211.6,210.6,209.5,209.1,236.9,237.5,239.7,242.2,243.6,243.0,240.8,238.1,234.6,236.0,238.0,240.6,243.2,245.2,246.6,245.5,243.7,241.5,239.0,236.5,239.3,240.4,241.4,241.6,241.0,239.9,238.9,238.7,356.7,354.2,353.0,354.0,356.4,359.1,360.1,359.2,357.9,356.6,355.7,355.2,355.5,356.5,357.9,358.9,359.3,359.6,359.4,359.0,357.7,358.1,357.6,356.5,355.5,355.1,355.6,356.7,354.4,351.8,350.4,351.1,353.5,356.1,357.4,357.0,356.3,354.6,353.2,352.4,352.5,353.1,354.2,355.4,356.2,356.7,356.9,356.9,355.2,355.5,354.9,353.8,352.8,352.5,353.0,354.2,-56.4,-54.8,-50.7,-46.5,-44.6,-45.8,-50.2,-54.5,-61.9,-59.4,-55.7,-51.2,-46.6,-43.0,-40.5,-43.2,-47.1,-51.4,-55.5,-59.2,-52.2,-50.3,-48.5,-47.8,-48.7,-50.5,-52.3,-53.0,-5.3,-4.3,-0.5,3.8,6.2,5.1,1.3,-3.3,-9.1,-6.8,-3.4,1.1,5.4,8.8,11.2,9.3,6.3,2.5,-1.7,-5.9,-1.2,0.7,2.3,2.8,1.7,-0.2,-1.8,-2.3,63.0,58.7,56.7,58.2,62.4,67.1,68.7,67.1,65.4,62.9,61.2,60.2,60.8,62.5,65.1,66.6,67.3,67.7,67.6,67.0,64.8,65.5,64.6,62.7,60.9,60.2,61.1,63.0,58.1,53.8,51.5,52.8,56.8,61.1,63.4,62.5,61.5,58.5,56.2,54.8,55.1,56.3,58.4,60.2,61.4,62.1,62.4,62.4,59.7,60.2,59.2,57.3,55.6,55.0,56.0,57.9,893.7,893.9,893.7,893.2,892.7,892.8,892.8,893.3,898.4,895.5,892.8,891.3,891.6,892.8,894.4,893.0,891.8,891.8,893.2,895.7,894.1,893.9,893.8,893.8,894.0,894.2,894.3,894.3,880.9,881.6,882.6,883.3,883.3,882.5,881.5,881.0,882.0,880.8,880.0,880.3,882.3,885.4,888.5,885.5,882.6,880.7,880.2,880.9,882.3,882.6,883.1,883.4,883.4,883.1,882.7,882.4,0.20,0.14,0.61,0.36,0.00,0.00,0.00,0.01,0.00,0.25,0.04,0.94,0.00,0.26,0.00,0.00,0.00,0.00,0.00,0.00,1.00,0.00,0.00,0.00,0.00,0.00,1.00,0.00,1.00,0.00,1.00,0.00,0.00,0.00,0.00
177,0,12.279,0.98,1,0.135467,0.091508,-0.986547,-0.029762,0.101508,-0.994389,0.053,0.097,207.2,208.1,210.5,213.0,214.0,213.3,210.7,208.2,204.1,205.5,207.5,210.1,212.8,214.9,216.5,214.8,212.5,210.0,207.6,205.6,209.6,210.7,211.7,212.2,211.7,210.6,209.6,209.1,237.0,237.6,239.8,242.4,243.8,243.2,240.9,238.2,234.7,236.1,238.2,240.8,243.4,245.4,246.8,245.7,243.9,241.6,239.1,236.7,239.4,240.5,241.5,241.8,241.2,240.1,239.1,238.8,356.7,354.1,353.0,353.9,356.4,359.1,360.1,359.1,357.9,356.5,355.6,355.1,355.5,356.5,357.9,358.9,359.3,359.5,359.4,358.9,357.7,358.1,357.6,356.5,355.5,355.0,355.5,356.6,354.5,351.8,350.5,351.2,353.6,356.2,357.6,357.1,356.4,354.7,353.3,352.5,352.6,353.2,354.3,355.6,356.3,356.8,357.0,357.0,355.3,355.6,355.1,353.9,352.9,352.5,353.1,354.3,-56.1,-54.5,-50.4,-46.2,-44.3,-45.6,-50.0,-54.2,-61.6,-59.1,-55.5,-50.9,-46.3,-42.8,-40.2,-43.0,-46.9,-51.2,-55.3,-58.9,-51.9,-50.1,-48.3,-47.6,-48.4,-50.2,-52.1,-52.7,-5.1,-4.0,-0.3,4.1,6.4,5.4,1.6,-3.0,-8.8,-6.5,-3.1,1.4,5.7,9.1,11.4,9.5,6.5,2.8,-1.5,-5.6,-1.0,0.9,2.6,3.0,2.0,0.1,-1.5,-2.0,62.6,58.3,56.4,58.0,62.1,66.8,68.4,66.8,65.1,62.6,60.8,59.9,60.5,62.3,64.9,66.4,67.0,67.4,67.3,66.6,64.5,65.2,64.3,62.4,60.6,59.9,60.7,62.6,57.9,53.5,51.3,52.6,56.6,61.0,63.2,62.3,61.2,58.3,56.0,54.6,54.9,56.1,58.2,60.1,61.2,61.9,62.1,62.2,59.5,60.0,59.0,57.1,55.4,54.8,55.8,57.7,889.9,890.0,889.8,889.3,888.8,888.8,888.9,889.4,894.5,891.6,889.0,887.4,887.6,888.8,890.4,889.0,887.8,887.9,889.3,891.8,890.1,889.9,889.8,889.9,890.1,890.3,890.4,890.4,875.1,875.9,876.9,877.6,877.5,876.8,875.7,875.2,876.2,875.0,874.2,874.5,876.6,879.6,882.7,879.7,876.8,874.9,874.4,875.1,876.6,876.9,877.3,877.6,877.7,877.4,876.9,876.6,0.21,0.09,0.67,0.31,0.00,0.00,0.00,0.01,0.00,0.29,0.03,0.85,0.00,0.16,0.00,0.02,0.00,0.00,0.00,0.00,1.00,0.00,0.00,0.00,0.00,0.00,1.00,0.00,1.00,0.00,1.00,0.00,0.00,0.00,0.00
178,0,12.349,0.98,1,0.138835,0.096848,-0.985568,-0.026999,0.107462,-0.993843,0.056,0.103,207.2,208.1,210.5,213.0,214.1,213.3,210.7,208.3,204.1,205.5,207.5,210.1,212.9,215.0,216.5,214.9,212.5,210.0,207.7,205.6,209.7,210.7,211.8,212.2,211.7,210.6,209.6,209.2,237.0,237.6,239.9,242.4,243.8,243.2,241.0,238.2,234.8,236.2,238.2,240.8,243.4,245.4,246.8,245.7,243.9,241.7,239.2,236.7,239.5,240.6,241.6,241.8,241.2,240.1,239.1,238.8,356.9,354.3,353.2,354.1,356.6,359.3,360.3,359.3,358.1,356.8,355.8,355.3,355.7,356.7,358.1,359.1,359.5,359.7,359.6,359.1,357.9,358.3,357.8,356.7,355.7,355.2,355.7,356.8,354.6,352.0,350.6,351.4,353.7,356.4,357.7,357.2,356.6,354.9,353.5,352.7,352.8,353.4,354.5,355.7,356.5,357.0,357.2,357.2,355.5,355.8,355.2,354.1,353.0,352.7,353.3,354.5,-56.0,-54.4,-50.3,-46.0,-44.2,-45.5,-49.9,-54.1,-61.5,-59.0,-55.4,-50.8,-46.2,-42.6,-40.1,-42.9,-46.8,-51.0,-55.2,-58.8,-51.8,-50.0,-48.2,-47.5,-48.3,-50.1,-51.9,-52.6,-5.0,-4.0,-0.2,4.1,6.5,5.4,1.7,-3.0,-8.8,-6.4,-3.0,1.4,5.8,9.1,11.5,9.6,6.6,2.8,-1.4,-5.5,-0.9,1.0,2.6,3.1,2.1,0.2,-1.5,-1.9,62.9,58.6,56.7,58.2,62.4,67.1,68.7,67.1,65.3,62.9,61.1,60.2,60.8,62.6,65.1,66.6,67.3,67.7,67.6,66.9,64.7,65.4,64.6,62.7,60.9,60.2,61.0,62.9,58.2,53.8,51.6,52.8,56.8,61.2,63.5,62.6,61.5,58.6,56.3,54.9,55.2,56.4,58.5,60.3,61.4,62.2,62.4,62.5,59.8,60.3,59.3,57.4,55.7,55.1,56.1,58.0,888.9,889.1,888.8,888.3,887.8,887.9,887.9,888.4,893.6,890.7,888.0,886.5,886.7,887.9,889.5,888.1,886.9,886.9,888.3,890.8,889.2,889.0,888.9,888.9,889.2,889.4,889.5,889.4,875.2,876.0,877.0,877.7,877.7,876.9,875.9,875.4,876.3,875.1,874.3,874.7,876.7,879.8,882.9,879.9,877.0,875.0,874.5,875.3,876.7,877.0,877.4,877.8,877.8,877.5,877.0,876.7,0.17,0.05,0.71,0.23,0.00,0.00,0.00,0.05,0.04,0.44,0.00,0.65,0.00,0.09,0.13,0.11,0.00,0.00,0.00,0.00,1.00,0.00,0.00,0.00,0.00,0.00,1.00,0.00,1.00,0.00,1.00,0.00,0.00,0.00,0.00
179,0,12.419,0.98,1,0.138134,0.098839,-0.985469,-0.026985,0.109481,-0.993623,0.056,0.105,207.2,208.1,210.5,213.0,214.1,213.3,210.7,208.3,204.1,205.5,207.5,210.1,212.8,215.0,216.5,214.8,212.5,210.0,207.6,205.6,209.6,210.7,211.8,212.2,211.7,210.6,209.6,209.2,237.0,237.6,239.9,242.5,243.8,243.2,241.0,238.2,234.8,236.2,238.2,240.9,243.4,245.4,246.8,245.7,243.9,241.7,239.2,236.7,239.5,240.6,241.6,241.8,241.2,240.1,239.1,238.9,356.9,354.4,353.3,354.2,356.7,359.4,360.4,359.4,358.2,356.8,355.9,355.4,355.8,356.8,358.2,359.2,359.6,359.8,359.7,359.2,358.0,358.4,357.9,356.8,355.7,355.3,355.8,356.9,354.8,352.1,350.8,351.5,353.8,356.5,357.8,357.4,356.7,355.0,353.6,352.8,352.9,353.5,354.6,355.8,356.6,357.1,357.3,357.3,355.6,355.9,355.3,354.2,353.1,352.8,353.4,354.6,-56.0,-54.4,-50.3,-46.1,-44.2,-45.5,-49.9,-54.2,-61.6,-59.1,-55.4,-50.9,-46.2,-42.7,-40.2,-42.9,-46.8,-51.1,-55.2,-58.9,-51.9,-50.0,-48.2,-47.5,-48.3,-50.2,-52.0,-52.7,-5.0,-4.0,-0.2,4.1,6.5,5.5,1.7,-2.9,-8.8,-6.4,-3.0,1.4,5.8,9.2,11.5,9.6,6.6,2.8,-1.4,-5.5,-0.9,1.0,2.6,3.1,2.1,0.2,-1.5,-1.9,63.1,58.7,56.8,58.4,62.6,67.2,68.8,67.2,65.5,63.0,61.3,60.3,60.9,62.7,65.3,66.8,67.4,67.8,67.7,67.0,64.9,65.6,64.7,62.9,61.0,60.3,61.2,63.1,58.4,54.0,51.7,53.0,57.0,61.4,63.6,62.7,61.7,58.7,56.4,55.1,55.3,56.5,58.6,60.5,61.6,62.3,62.6,62.6,59.9,60.4,59.5,57.5,55.8,55.3,56.2,58.2,889.1,889.3,889.0,888.5,888.0,888.1,888.1,888.6,893.7,890.9,888.2,886.6,886.9,888.1,889.6,888.3,887.1,887.1,888.5,891.0,889.4,889.2,889.1,889.1,889.3,889.6,889.7,889.6,874.5,875.3,876.3,877.0,876.9,876.2,875.1,874.6,875.6,874.4,873.6,873.9,876.0,879.1,882.2,879.1,876.2,874.3,873.8,874.5,876.0,876.3,876.7,877.0,877.1,876.8,876.3,876.0,0.15,0.05,0.83,0.14,0.00,0.00,0.00,0.08,0.07,0.65,0.00,0.48,0.00,0.02,0.29,0.19,0.00,0.00,0.00,0.00,1.00,0.00,0.00,0.00,1.00,0.00,1.00,0.00,0.00,0.00,1.00,0.00,0.00,0.00,0.00
180,0,12.488,0.98,1,0.138799,0.098549,-0.985405,-0.027967,0.108977,-0.993651,0.056,0.104,207.0,208.0,210.4,212.8,213.9,213.2,210.6,208.1,204.0,205.3,207.4,210.0,212.7,214.8,216.3,214.7,212.4,209.9,207.5,205.4,209.5,210.6,211.6,212.0,211.5,210.5,209.4,209.0,236.9,237.5,239.7,242.3,243.7,243.1,240.9,238.1,234.7,236.0,238.0,240.7,243.3,245.3,246.7,245.6,243.8,241.6,239.0,236.6,239.3,240.4,241.4,241.7,241.1,240.0,239.0,238.7,357.1,354.5,353.4,354.4,356.8,359.5,360.5,359.5,358.3,357.0,356.1,355.6,355.9,356.9,358.3,359.3,359.7,359.9,359.8,359.3,358.1,358.5,358.0,356.9,355.9,355.4,355.9,357.0,354.8,352.2,350.8,351.5,353.9,356.6,357.9,357.4,356.8,355.1,353.7,352.9,353.0,353.6,354.7,355.9,356.7,357.2,357.4,357.4,355.7,356.0,355.4,354.3,353.2,352.9,353.5,354.7,-56.3,-54.7,-50.6,-46.4,-44.5,-45.8,-50.2,-54.5,-61.9,-59.4,-55.7,-51.2,-46.5,-43.0,-40.5,-43.2,-47.1,-51.4,-55.5,-59.2,-52.2,-50.3,-48.5,-47.8,-48.6,-50.5,-52.3,-53.0,-5.2,-4.2,-0.5,3.9,6.2,5.2,1.4,-3.2,-9.0,-6.7,-3.3,1.2,5.5,8.9,11.3,9.4,6.4,2.6,-1.6,-5.8,-1.1,0.8,2.4,2.9,1.8,-0.1,-1.7,-2.2,63.3,59.0,57.1,58.7,62.8,67.5,69.1,67.5,65.8,63.3,61.5,60.6,61.2,63.0,65.5,67.0,67.7,68.1,68.0,67.3,65.2,65.9,65.0,63.1,61.3,60.6,61.4,63.3,58.6,54.2,51.9,53.2,57.2,61.6,63.8,62.9,61.9,58.9,56.6,55.3,55.5,56.7,58.8,60.6,61.8,62.5,62.8,62.8,60.1,60.6,59.7,57.7,56.0,55.4,56.4,58.4,889.9,890.0,889.8,889.3,888.8,888.9,888.9,889.4,894.5,891.6,889.0,887.4,887.7,888.9,890.5,889.1,887.9,887.9,889.3,891.8,890.2,889.9,889.8,889.9,890.1,890.4,890.5,890.4,875.4,876.1,877.1,877.8,877.8,877.0,876.0,875.5,876.4,875.2,874.5,874.8,876.8,879.9,883.0,879.9,877.1,875.1,874.6,875.4,876.8,877.1,877.5,877.9,877.9,877.6,877.2,876.8,0.14,0.02,0.91,0.07,0.00,0.00,0.00,0.12,0.13,0.80,0.00,0.35,0.00,0.01,0.43,0.30,0.00,0.00,0.00,0.00,1.00,0.00,0.00,0.00,1.00,0.00,1.00,0.00,0.00,0.00,1.00,0.00,0.00,0.00,0.00
181,0,12.558,0.98,1,0.141095,0.098502,-0.985084,-0.027176,0.109089,-0.993660,0.058,0.105,206.9,207.9,210.3,212.7,213.8,213.1,210.5,208.0,203.9,205.2,207.3,209.9,212.6,214.7,216.2,214.6,212.3,209.8,207.4,205.4,209.4,210.5,211.5,211.9,211.5,210.4,209.3,208.9,236.8,237.4,239.7,242.2,243.6,243.0,240.8,238.0,234.6,236.0,238.0,240.6,243.2,245.2,246.6,245.5,243.7,241.5,239.0,236.5,239.2,240.4,241.4,241.6,241.0,239.9,238.9,238.6,357.2,354.7,353.5,354.5,356.9,359.6,360.6,359.7,358.4,357.1,356.2,355.7,356.0,357.0,358.5,359.4,359.8,360.0,359.9,359.4,358.2,358.7,358.2,357.1,356.0,355.6,356.1,357.2,355.0,352.3,351.0,351.7,354.0,356.7,358.0,357.5,356.9,355.2,353.8,353.0,353.1,353.7,354.8,356.0,356.8,357.3,357.5,357.5,355.8,356.1,355.5,354.4,353.3,353.0,353.6,354.8,-56.5,-54.9,-50.8,-46.6,-44.7,-46.0,-50.4,-54.6,-62.1,-59.6,-55.9,-51.3,-46.7,-43.2,-40.6,-43.4,-47.3,-51.5,-55.7,-59.4,-52.3,-50.5,-48.7,-48.0,-48.8,-50.7,-52.5,-53.2,-5.4,-4.4,-0.6,3.8,6.1,5.1,1.3,-3.3,-9.1,-6.8,-3.4,1.0,5.4,8.8,11.2,9.3,6.2,2.5,-1.8,-5.9,-1.3,0.6,2.3,2.7,1.7,-0.2,-1.9,-2.3,63.6,59.3,57.3,58.9,63.1,67.7,69.3,67.8,66.0,63.5,61.8,60.8,61.5,63.2,65.8,67.3,67.9,68.3,68.2,67.6,65.4,66.1,65.3,63.4,61.5,60.8,61.7,63.6,58.8,54.4,52.2,53.4,57.4,61.8,64.0,63.2,62.1,59.2,56.9,55.5,55.8,56.9,59.0,60.9,62.0,62.7,63.0,63.1,60.3,60.9,59.9,58.0,56.2,55.7,56.7,58.6,890.5,890.6,890.4,889.9,889.5,889.5,889.5,890.0,895.1,892.2,889.6,888.0,888.3,889.6,891.1,889.7,888.5,888.5,889.9,892.4,890.8,890.6,890.5,890.6,890.8,891.0,891.1,891.0,876.3,877.0,878.0,878.7,878.7,877.9,876.9,876.4,877.3,876.1,875.4,875.7,877.7,880.8,883.9,880.8,878.0,876.1,875.5,876.3,877.7,878.0,878.5,878.8,878.8,878.5,878.1,877.7,0.14,0.00,0.98,0.13,0.00,0.00,0.00,0.12,0.16,0.81,0.00,0.34,0.00,0.01,0.45,0.30,0.00,0.00,0.00,0.00,1.00,0.00,0.00,0.00,1.00,0.00,1.00,0.00,0.00,0.00,1.00,0.00,0.00,0.00,0.00
182,0,12.628,0.98,1,0.141428,0.100918,-0.984791,-0.027274,0.111130,-0.993432,0.058,0.107,206.8,207.8,210.2,212.6,213.7,213.0,210.4,207.9,203.8,205.1,207.2,209.8,212.5,214.6,216.1,214.5,212.2,209.7,207.3,205.3,209.3,210.4,211.4,211.8,211.4,210.3,209.2,208.8,236.7,237.3,239.6,242.1,243.5,242.9,240.7,237.9,234.5,235.9,237.9,240.5,243.1,245.1,246.5,245.4,243.6,241.4,238.8,236.4,239.1,240.3,241.2,241.5,240.9,239.8,238.8,238.5,357.2,354.7,353.6,354.5,357.0,359.7,360.6,359.7,358.4,357.1,356.2,355.7,356.1,357.1,358.5,359.4,359.8,360.1,359.9,359.4,358.3,358.7,358.2,357.1,356.0,355.6,356.1,357.2,355.0,352.4,351.0,351.8,354.1,356.8,358.1,357.6,357.0,355.3,353.9,353.1,353.2,353.8,354.9,356.1,356.9,357.4,357.6,357.6,355.9,356.2,355.6,354.5,353.4,353.1,353.7,354.9,-56.8,-55.2,-51.1,-46.8,-45.0,-46.2,-50.7,-54.9,-62.3,-59.8,-56.1,-51.6,-47.0,-43.4,-40.9,-43.7,-47.6,-51.8,-55.9,-59.6,-52.6,-50.8,-48.9,-48.2,-49.1,-50.9,-52.7,-53.4,-5.5,-4.5,-0.7,3.6,5.9,4.9,1.1,-3.5,-9.3,-7.0,-3.6,0.9,5.2,8.6,11.0,9.1,6.1,2.3,-1.9,-6.1,-1.4,0.4,2.1,2.6,1.5,-0.4,-2.0,-2.5,63.7,59.4,57.5,59.1,63.2,67.9,69.5,67.9,66.1,63.7,61.9,61.0,61.6,63.4,66.0,67.4,68.0,68.4,68.3,67.7,65.5,66.2,65.4,63.5,61.7,61.0,61.8,63.7,59.0,54.6,52.4,53.6,57.6,62.0,64.2,63.4,62.3,59.4,57.1,55.7,56.0,57.2,59.3,61.1,62.2,62.9,63.2,63.3,60.6,61.1,60.1,58.2,56.4,55.9,56.9,58.8,891.8,892.0,891.8,891.3,890.8,890.8,890.8,891.3,896.4,893.5,890.9,889.4,889.6,890.9,892.5,891.1,889.8,889.8,891.2,893.7,892.1,891.9,891.8,891.9,892.1,892.3,892.4,892.3,877.3,878.1,879.1,879.7,879.7,878.9,877.9,877.4,878.4,877.2,876.4,876.7,878.8,881.8,884.9,881.9,879.0,877.1,876.6,877.3,878.8,879.1,879.5,879.8,879.8,879.6,879.1,878.8,0.13,0.00,1.00,0.24,0.00,0.00,0.00,0.13,0.16,0.86,0.00,0.45,0.00,0.02,0.48,0.39,0.00,0.00,0.00,0.00,1.00,0.00,0.00,0.00,1.00,0.00,1.00,0.00,0.00,0.00,1.00,0.00,0.00,0.00,0.00
183,0,12.698,0.98,1,0.143162,0.101644,-0.984466,-0.026308,0.112654,-0.993286,0.059,0.108,206.8,207.7,210.1,212.6,213.6,212.9,210.3,207.8,203.7,205.0,207.1,209.7,212.4,214.5,216.0,214.4,212.1,209.6,207.2,205.2,209.2,210.3,211.3,211.7,211.3,210.2,209.1,208.7,236.6,237.2,239.5,242.0,243.4,242.8,240.6,237.8,234.4,235.8,237.8,240.4,243.0,245.0,246.4,245.3,243.5,241.3,238.7,236.3,239.0,240.2,241.1,241.4,240.8,239.7,238.7,238.4,357.3,354.8,353.6,354.6,357.0,359.7,360.7,359.7,358.5,357.2,356.3,355.8,356.1,357.1,358.6,359.5,359.9,360.1,360.0,359.5,358.3,358.8,358.3,357.2,356.1,355.7,356.2,357.3,355.1,352.5,351.1,351.8,354.2,356.8,358.2,357.7,357.0,355.3,354.0,353.2,353.2,353.8,354.9,356.1,356.9,357.4,357.6,357.6,355.9,356.2,355.7,354.5,353.5,353.2,353.8,354.9,-56.9,-55.3,-51.2,-47.0,-45.1,-46.4,-50.8,-55.1,-62.5,-60.0,-56.3,-51.7,-47.1,-43.6,-41.1,-43.8,-47.7,-52.0,-56.1,-59.8,-52.8,-50.9,-49.1,-48.4,-49.2,-51.1,-52.9,-53.6,-5.7,-4.7,-0.9,3.4,5.8,4.7,1.0,-3.7,-9.5,-7.2,-3.8,0.7,5.0,8.5,10.8,8.9,5.9,2.1,-2.1,-6.3,-1.6,0.3,1.9,2.4,1.4,-0.5,-2.2,-2.6,63.9,59.6,57.6,59.2,63.4,68.0,69.6,68.0,66.3,63.8,62.1,61.1,61.8,63.5,66.1,67.6,68.2,68.6,68.5,67.8,65.7,66.4,65.6,63.7,61.8,61.1,62.0,63.9,59.2,54.8,52.6,53.8,57.8,62.2,64.5,63.6,62.6,59.6,57.3,55.9,56.2,57.4,59.5,61.3,62.5,63.2,63.5,63.5,60.8,61.3,60.3,58.4,56.7,56.1,57.1,59.0,892.2,892.4,892.2,891.7,891.3,891.3,891.3,891.8,896.8,894.0,891.3,889.8,890.1,891.4,892.9,891.6,890.3,890.3,891.7,894.1,892.6,892.4,892.3,892.3,892.5,892.8,892.8,892.8,879.4,880.1,881.1,881.8,881.7,881.0,880.0,879.5,880.4,879.2,878.5,878.8,880.8,883.8,886.9,883.9,881.0,879.1,878.6,879.4,880.8,881.1,881.5,881.8,881.9,881.6,881.1,880.8,0.14,0.02,1.06,0.28,0.00,0.00,0.00,0.17,0.17,0.98,0.00,0.52,0.00,0.03,0.50,0.44,0.00,0.00,0.00,0.00,1.00,0.00,0.00,0.00,1.00,0.00,1.00,0.00,0.00,0.00,1.00,0.00,0.00,0.00,0.00
184,0,12.767,0.98,1,0.145173,0.102468,-0.984086,-0.024693,0.113177,-0.993268,0.061,0.109,206.8,207.7,210.1,212.6,213.7,212.9,210.3,207.9,203.7,205.1,207.1,209.7,212.5,214.6,216.1,214.4,212.1,209.6,207.3,205.2,209.2,210.3,211.4,211.8,211.3,210.2,209.2,208.8,236.6,237.2,239.5,242.0,243.4,242.8,240.6,237.9,234.4,235.8,237.8,240.4,243.0,245.0,246.4,245.3,243.5,241.3,238.8,236.3,239.1,240.2,241.2,241.4,240.8,239.7,238.7,238.5,357.2,354.7,353.6,354.5,357.0,359.7,360.6,359.7,358.4,357.1,356.2,355.7,356.1,357.0,358.5,359.4,359.8,360.0,359.9,359.4,358.3,358.7,358.2,357.1,356.0,355.6,356.1,357.2,355.0,352.4,351.0,351.8,354.1,356.7,358.1,357.6,356.9,355.3,353.9,353.1,353.2,353.8,354.9,356.1,356.9,357.3,357.5,357.6,355.9,356.2,355.6,354.4,353.4,353.1,353.7,354.8,-56.9,-55.3,-51.2,-47.0,-45.1,-46.4,-50.8,-55.1,-62.5,-60.0,-56.3,-51.7,-47.1,-43.6,-41.1,-43.8,-47.7,-52.0,-56.1,-59.8,-52.8,-50.9,-49.1,-48.4,-49.2,-51.1,-52.9,-53.6,-5.7,-4.7,-0.9,3.5,5.8,4.8,1.0,-3.6,-9.4,-7.1,-3.7,0.8,5.1,8.5,10.9,9.0,5.9,2.2,-2.1,-6.2,-1.6,0.3,2.0,2.4,1.4,-0.5,-2.1,-2.6,63.8,59.5,57.5,59.1,63.3,67.9,69.5,68.0,66.2,63.7,62.0,61.1,61.7,63.5,66.0,67.5,68.1,68.5,68.4,67.7,65.6,66.3,65.5,63.6,61.8,61.1,61.9,63.8,59.2,54.8,52.6,53.8,57.8,62.2,64.5,63.6,62.5,59.6,57.3,55.9,56.2,57.4,59.4,61.3,62.4,63.1,63.4,63.5,60.8,61.3,60.3,58.4,56.6,56.1,57.1,59.0,893.1,893.2,893.1,892.6,892.1,892.2,892.1,892.6,897.7,894.8,892.2,890.7,891.0,892.2,893.8,892.4,891.1,891.1,892.5,895.0,893.4,893.2,893.1,893.2,893.4,893.6,893.7,893.6,880.5,881.2,882.2,882.9,882.8,882.1,881.1,880.6,881.6,880.3,879.6,879.9,881.9,884.9,888.1,885.0,882.1,880.2,879.7,880.5,881.9,882.2,882.6,883.0,883.0,882.7,882.3,881.9,0.12,0.02,1.11,0.25,0.00,0.00,0.00,0.23,0.15,1.11,0.00,0.46,0.00,0.04,0.56,0.53,0.00,0.00,0.00,0.00,1.00,0.00,0.00,0.00,1.00,0.00,1.00,0.00,0.00,0.00,1.00,0.00,0.00,0.00,0.00
185,0,12.837,0.98,1,0.145536,0.101571,-0.984125,-0.022874,0.112499,-0.993388,0.062,0.108,206.8,207.7,210.1,212.6,213.6,212.9,210.3,207.8,203.7,205.0,207.1,209.7,212.4,214.5,216.1,214.4,212.1,209.6,207.2,205.2,209.2,210.3,211.3,211.7,211.3,210.2,209.1,208.7,236.7,237.3,239.5,242.1,243.5,242.9,240.6,237.9,234.4,235.8,237.8,240.5,243.0,245.0,246.4,245.3,243.5,241.3,238.8,236.3,239.1,240.2,241.2,241.5,240.8,239.7,238.7,238.5,357.1,354.6,353.4,354.4,356.8,359.5,360.5,359.5,358.3,357.0,356.1,355.6,355.9,356.9,358.3,359.3,359.7,359.9,359.8,359.3,358.1,358.6,358.1,357.0,355.9,355.5,356.0,357.1,354.9,352.3,350.9,351.6,354.0,356.6,358.0,357.5,356.8,355.1,353.8,353.0,353.0,353.6,354.7,355.9,356.7,357.2,357.4,357.4,355.7,356.0,355.4,354.3,353.3,353.0,353.5,354.7,-56.9,-55.3,-51.2,-47.0,-45.1,-46.4,-50.8,-55.0,-62.5,-60.0,-56.3,-51.7,-47.1,-43.6,-41.0,-43.8,-47.7,-51.9,-56.1,-59.8,-52.8,-50.9,-49.1,-48.4,-49.2,-51.1,-52.9,-53.6,-5.6,-4.6,-0.8,3.5,5.8,4.8,1.0,-3.6,-9.4,-7.1,-3.7,0.8,5.1,8.5,10.9,9.0,6.0,2.2,-2.0,-6.2,-1.5,0.4,2.0,2.5,1.4,-0.5,-2.1,-2.6,63.5,59.2,57.3,58.8,63.0,67.7,69.3,67.7,65.9,63.5,61.8,60.8,61.4,63.2,65.7,67.2,67.8,68.2,68.1,67.5,65.4,66.1,65.2,63.3,61.5,60.8,61.6,63.5,58.9,54.5,52.3,53.5,57.5,61.9,64.1,63.3,62.2,59.3,57.0,55.6,55.9,57.0,59.1,61.0,62.1,62.8,63.1,63.2,60.4,61.0,60.0,58.1,56.3,55.8,56.8,58.7,892.1,892.3,892.1,891.6,891.1,891.2,891.1,891.6,896.7,893.8,891.2,889.7,890.0,891.2,892.8,891.4,890.2,890.1,891.5,894.0,892.4,892.2,892.1,892.2,892.4,892.6,892.7,892.6,879.5,880.3,881.3,881.9,881.9,881.1,880.1,879.7,880.6,879.4,878.6,878.9,881.0,884.0,887.1,884.1,881.2,879.3,878.8,879.5,881.0,881.3,881.7,882.0,882.0,881.8,881.3,881.0,0.09,0.02,1.11,0.21,0.00,0.00,0.00,0.24,0.16,1.11,0.00,0.45,0.00,0.03,0.39,0.46,0.00,0.00,0.00,0.00,1.00,0.00,0.00,0.00,1.00,0.00,1.00,0.00,1.00,0.00,1.00,0.00,0.00,0.00,0.00
186,0,12.907,0.98,1,0.142796,0.099283,-0.984760,-0.026571,0.109584,-0.993622,0.059,0.105,206.8,207.8,210.1,212.6,213.7,212.9,210.3,207.9,203.8,205.1,207.2,209.8,212.4,214.5,216.0,214.4,212.1,209.6,207.3,205.2,209.3,210.3,211.4,211.8,211.3,210.2,209.2,208.8,236.6,237.2,239.5,242.0,243.4,242.8,240.5,237.8,234.4,235.8,237.8,240.4,243.0,245.0,246.3,245.2,243.5,241.2,238.7,236.3,239.0,240.2,241.1,241.4,240.8,239.7,238.7,238.4,357.0,354.5,353.4,354.3,356.8,359.5,360.4,359.4,358.2,356.9,356.0,355.5,355.9,356.8,358.3,359.2,359.6,359.8,359.7,359.2,358.1,358.5,358.0,356.9,355.8,355.4,355.9,357.0,354.9,352.2,350.9,351.6,354.0,356.6,357.9,357.4,356.8,355.1,353.8,353.0,353.1,353.6,354.7,355.9,356.7,357.2,357.4,357.4,355.7,356.0,355.4,354.3,353.3,353.0,353.5,354.7,-57.2,-55.6,-51.5,-47.2,-45.4,-46.6,-51.1,-55.3,-62.8,-60.2,-56.5,-52.0,-47.4,-43.8,-41.3,-44.1,-47.9,-52.2,-56.3,-60.0,-53.0,-51.2,-49.4,-48.7,-49.5,-51.3,-53.1,-53.8,-5.7,-4.7,-0.9,3.5,5.8,4.7,0.9,-3.7,-9.5,-7.2,-3.7,0.7,5.1,8.5,10.8,8.9,5.9,2.1,-2.1,-6.3,-1.6,0.3,1.9,2.4,1.4,-0.5,-2.2,-2.6,63.8,59.4,57.5,59.1,63.3,67.9,69.5,67.9,66.2,63.7,62.0,61.1,61.7,63.4,66.0,67.5,68.1,68.5,68.4,67.7,65.6,66.3,65.5,63.6,61.7,61.0,61.9,63.8,59.1,54.7,52.5,53.8,57.8,62.2,64.4,63.5,62.4,59.5,57.2,55.9,56.2,57.3,59.4,61.3,62.4,63.1,63.3,63.4,60.7,61.2,60.3,58.3,56.6,56.0,57.0,58.9,897.6,897.8,897.6,897.1,896.7,896.7,896.7,897.1,902.2,899.3,896.7,895.2,895.5,896.8,898.4,897.0,895.7,895.7,897.0,899.5,897.9,897.7,897.7,897.8,898.0,898.2,898.2,898.1,883.2,884.0,885.0,885.6,885.6,884.8,883.9,883.4,884.3,883.1,882.3,882.6,884.7,887.7,890.8,887.8,884.9,883.0,882.5,883.3,884.7,885.0,885.4,885.7,885.7,885.5,885.0,884.7,0.24,0.15,1.03,0.19,0.00,0.00,0.00,0.16,0.12,0.98,0.00,0.46,0.03,0.01,0.22,0.29,0.19,0.00,0.00,0.00,1.00,0.00,0.00,0.00,1.00,0.00,1.00,0.00,1.00,0.00,1.00,0.00,0.00,0.00,0.00
187,0,12.977,0.98,1,0.144989,0.114188,-0.982822,-0.032598,0.124358,-0.991702,0.057,0.120,207.2,208.1,210.4,212.8,213.9,213.2,210.7,208.3,204.2,205.6,207.6,210.1,212.7,214.7,216.2,214.6,212.4,210.0,207.7,205.7,209.6,210.6,211.6,212.0,211.6,210.5,209.5,209.1,236.5,237.1,239.3,241.8,243.1,242.5,240.2,237.6,234.3,235.7,237.6,240.2,242.7,244.7,246.0,244.9,243.1,240.9,238.5,236.1,238.8,239.9,240.9,241.1,240.6,239.5,238.5,238.2,358.2,355.8,354.7,355.6,357.9,360.5,361.5,360.6,359.3,358.1,357.3,356.9,357.2,358.0,359.3,360.2,360.6,360.9,360.8,360.3,359.2,359.6,359.1,358.0,357.0,356.6,357.1,358.2,356.0,353.5,352.2,352.9,355.2,357.7,359.0,358.5,357.8,356.2,355.0,354.3,354.4,354.9,355.8,357.0,357.8,358.3,358.4,358.4,356.8,357.2,356.6,355.5,354.5,354.1,354.7,355.8,-58.4,-56.9,-52.8,-48.5,-46.6,-47.8,-52.3,-56.5,-64.2,-61.6,-57.8,-53.2,-48.6,-45.1,-42.6,-45.3,-49.2,-53.4,-57.6,-61.4,-54.3,-52.4,-50.6,-49.9,-50.8,-52.6,-54.4,-55.1,-6.2,-5.1,-1.2,3.1,5.4,4.3,0.4,-4.2,-10.0,-7.6,-4.1,0.4,4.7,8.2,10.6,8.6,5.5,1.6,-2.7,-6.8,-2.1,-0.2,1.5,2.0,1.0,-0.9,-2.6,-3.1,68.2,63.8,61.8,63.4,67.6,72.3,73.9,72.4,70.4,68.1,66.5,65.6,66.2,67.8,70.2,71.7,72.4,72.8,72.7,72.0,70.0,70.7,69.8,67.9,66.1,65.4,66.2,68.1,62.9,58.5,56.3,57.6,61.6,66.1,68.3,67.3,66.1,63.3,61.2,59.9,60.1,61.2,63.1,65.0,66.2,66.9,67.1,67.1,64.5,65.1,64.1,62.1,60.4,59.8,60.8,62.7,929.1,929.2,929.1,928.8,928.5,928.6,928.5,928.8,933.7,930.8,928.2,926.8,927.2,928.6,930.3,928.9,927.6,927.4,928.7,931.0,929.6,929.5,929.5,929.5,929.6,929.8,929.8,929.8,910.4,910.9,911.8,912.4,912.4,911.9,911.0,910.6,911.6,910.3,909.4,909.5,911.5,914.5,917.6,914.7,911.9,910.1,909.7,910.5,911.8,912.0,912.4,912.7,912.7,912.4,912.0,911.8,0.45,0.27,0.92,0.12,0.00,0.00,0.00,0.09,0.17,0.88,0.01,0.66,0.03,0.00,0.00,0.11,0.44,0.00,1.00,0.00,1.00,0.00,0.00,0.00,1.00,0.00,1.00,0.00,0.00,0.00,1.00,0.00,0.00,0.00,0.00
188,0,13.047,0.98,1,0.144566,0.112138,-0.983121,-0.031186,0.122467,-0.991983,0.057,0.118,207.4,208.2,210.5,212.9,214.0,213.3,210.8,208.4,204.3,205.7,207.7,210.2,212.8,214.8,216.3,214.7,212.5,210.1,207.8,205.8,209.7,210.7,211.8,212.1,211.7,210.6,209.6,209.2,236.5,237.2,239.4,241.8,243.1,242.5,240.3,237.6,234.4,235.7,237.7,240.3,242.7,244.7,246.0,244.9,243.1,241.0,238.5,236.2,238.9,239.9,240.9,241.2,240.6,239.5,238.6,238.3,358.0,355.6,354.5,355.4,357.7,360.3,361.2,360.3,359.1,357.9,357.1,356.7,357.0,357.8,359.1,360.0,360.4,360.7,360.5,360.1,359.0,359.4,358.9,357.8,356.8,356.4,356.9,357.9,355.8,353.2,352.0,352.7,355.0,357.5,358.8,358.3,357.5,356.0,354.8,354.1,354.2,354.7,355.6,356.8,357.6,358.0,358.2,358.2,356.6,356.9,356.4,355.3,354.3,353.9,354.5,355.6,-58.4,-56.8,-52.7,-48.4,-46.5,-47.8,-52.2,-56.5,-64.1,-61.5,-57.7,-53.2,-48.6,-45.0,-42.5,-45.2,-49.1,-53.3,-57.5,-61.3,-54.2,-52.3,-50.5,-49.8,-50.7,-52.5,-54.4,-55.0,-6.1,-5.0,-1.1,3.2,5.5,4.4,0.5,-4.1,-9.9,-7.5,-4.0,0.4,4.8,8.3,10.6,8.6,5.5,1.7,-2.6,-6.7,-2.0,-0.1,1.6,2.1,1.1,-0.8,-2.5,-3.0,67.9,63.6,61.6,63.2,67.4,72.1,73.7,72.1,70.2,67.9,66.3,65.4,65.9,67.6,70.0,71.5,72.1,72.6,72.5,71.8,69.7,70.4,69.6,67.7,65.8,65.1,66.0,67.9,62.7,58.3,56.1,57.4,61.4,65.9,68.1,67.1,65.9,63.1,61.0,59.7,60.0,61.0,63.0,64.8,66.0,66.7,66.9,66.9,64.3,64.9,63.9,62.0,60.2,59.6,60.6,62.5,931.2,931.4,931.2,930.9,930.6,930.8,930.6,930.9,935.8,932.9,930.3,928.9,929.3,930.7,932.5,931.0,929.7,929.5,930.8,933.1,931.7,931.6,931.6,931.6,931.8,931.9,931.9,931.9,912.8,913.4,914.2,914.8,914.9,914.3,913.4,913.0,914.0,912.7,911.8,912.0,913.9,916.9,920.1,917.1,914.3,912.5,912.1,912.9,914.2,914.5,914.8,915.1,915.1,914.8,914.4,914.2,0.53,0.34,0.87,0.03,0.00,0.00,0.00,0.18,0.29,0.86,0.01,0.66,0.03,0.00,0.26,0.31,0.54,0.00,1.00,0.00,1.00,0.00,0.00,0.00,1.00,0.00,1.00,0.00,0.00,0.00,1.00,0.00,0.00,0.00,0.00
189,0,13.116,0.98,1,0.143895,0.109873,-0.983475,-0.029768,0.122131,-0.992067,0.058,0.117,207.4,208.3,210.6,213.0,214.0,213.3,210.8,208.4,204.3,205.7,207.7,210.2,212.8,214.9,216.3,214.8,212.5,210.1,207.8,205.8,209.7,210.8,211.8,212.2,211.7,210.7,209.7,209.3,236.7,237.3,239.5,242.0,243.3,242.7,240.5,237.8,234.5,235.8,237.8,240.4,242.9,244.9,246.2,245.1,243.3,241.2,238.7,236.3,239.0,240.1,241.1,241.4,240.8,239.7,238.7,238.5,357.3,354.8,353.8,354.7,357.0,359.7,360.6,359.7,358.5,357.3,356.4,355.9,356.3,357.2,358.5,359.4,359.7,360.0,359.9,359.4,358.3,358.7,358.2,357.2,356.1,355.7,356.2,357.3,355.2,352.6,351.3,352.1,354.4,356.9,358.2,357.7,357.0,355.4,354.2,353.5,353.6,354.1,355.1,356.3,357.0,357.5,357.6,357.6,356.1,356.4,355.8,354.7,353.7,353.3,353.9,355.0,-57.8,-56.2,-52.1,-47.8,-45.9,-47.2,-51.7,-55.9,-63.5,-60.9,-57.2,-52.6,-48.0,-44.4,-41.9,-44.7,-48.5,-52.8,-57.0,-60.7,-53.6,-51.8,-50.0,-49.3,-50.1,-52.0,-53.8,-54.5,-5.8,-4.7,-0.9,3.5,5.8,4.7,0.8,-3.8,-9.6,-7.2,-3.8,0.7,5.1,8.5,10.9,8.9,5.8,2.0,-2.3,-6.4,-1.7,0.2,1.9,2.4,1.4,-0.5,-2.2,-2.7,66.1,61.7,59.8,61.4,65.6,70.2,71.8,70.3,68.5,66.1,64.4,63.5,64.1,65.8,68.2,69.7,70.3,70.6,70.6,69.9,67.9,68.6,67.8,65.9,64.0,63.3,64.2,66.1,61.2,56.8,54.6,55.9,59.9,64.3,66.5,65.6,64.4,61.6,59.4,58.2,58.4,59.5,61.5,63.3,64.4,65.1,65.3,65.4,62.8,63.3,62.4,60.4,58.7,58.1,59.1,61.0,922.5,922.7,922.6,922.3,921.8,921.8,921.7,922.0,927.0,924.2,921.6,920.2,920.6,921.9,923.6,922.1,920.7,920.6,921.9,924.3,922.9,922.8,922.7,922.8,923.0,923.2,923.2,923.1,905.4,906.1,907.0,907.6,907.6,906.9,906.0,905.5,906.5,905.3,904.4,904.7,906.6,909.6,912.7,909.7,906.9,905.0,904.6,905.4,906.8,907.1,907.5,907.7,907.8,907.5,907.1,906.8,0.46,0.22,0.82,0.00,0.00,0.00,0.00,0.46,0.43,0.99,0.01,0.67,0.00,0.00,0.74,0.74,0.36,0.00,1.00,0.00,1.00,0.00,0.00,0.00,1.00,0.00,1.00,0.00,0.00,0.00,1.00,1.00,1.00,0.00,0.00
190,0,13.186,0.98,1,0.141888,0.103469,-0.984460,-0.029674,0.117073,-0.992680,0.057,0.111,207.2,208.2,210.5,213.0,214.0,213.3,210.7,208.3,204.1,205.5,207.6,210.1,212.8,214.9,216.4,214.7,212.5,210.0,207.7,205.6,209.6,210.7,211.7,212.1,211.7,210.6,209.6,209.2,236.8,237.4,239.6,242.2,243.5,242.9,240.7,238.0,234.6,235.9,237.9,240.6,243.1,245.1,246.5,245.3,243.6,241.3,238.9,236.4,239.2,240.3,241.3,241.5,240.9,239.8,238.9,238.6,356.6,354.1,353.0,354.0,356.4,359.1,360.0,359.0,357.8,356.6,355.7,355.2,355.5,356.5,357.9,358.8,359.1,359.3,359.2,358.8,357.7,358.1,357.6,356.5,355.5,355.0,355.5,356.6,354.6,352.0,350.7,351.4,353.7,356.3,357.7,357.1,356.4,354.8,353.5,352.8,352.9,353.4,354.5,355.7,356.4,356.9,357.0,357.0,355.4,355.8,355.2,354.0,353.0,352.7,353.3,354.4,-57.0,-55.4,-51.2,-47.0,-45.1,-46.4,-50.9,-55.1,-62.6,-60.1,-56.3,-51.8,-47.2,-43.6,-41.1,-43.9,-47.7,-52.0,-56.2,-59.9,-52.8,-51.0,-49.2,-48.4,-49.3,-51.1,-52.9,-53.6,-5.5,-4.5,-0.6,3.7,6.0,5.0,1.1,-3.5,-9.3,-6.9,-3.5,1.0,5.3,8.8,11.1,9.2,6.1,2.3,-2.0,-6.1,-1.4,0.5,2.2,2.6,1.6,-0.3,-2.0,-2.4,63.6,59.3,57.4,59.0,63.2,67.8,69.4,67.8,66.1,63.7,62.0,61.0,61.7,63.4,65.9,67.3,67.9,68.2,68.2,67.6,65.5,66.2,65.4,63.5,61.7,61.0,61.8,63.7,59.1,54.7,52.5,53.8,57.8,62.2,64.4,63.5,62.4,59.5,57.3,56.0,56.3,57.4,59.5,61.3,62.3,63.0,63.3,63.3,60.7,61.3,60.3,58.4,56.6,56.1,57.0,59.0,905.3,905.6,905.5,905.1,904.5,904.5,904.3,904.8,909.9,907.1,904.5,903.1,903.4,904.6,906.2,904.7,903.4,903.3,904.7,907.1,905.7,905.5,905.4,905.6,905.8,906.0,906.1,905.9,890.5,891.3,892.3,892.9,892.8,892.0,891.1,890.6,891.6,890.4,889.6,889.9,891.9,894.9,898.0,894.9,892.1,890.2,889.7,890.5,891.9,892.2,892.6,893.0,893.0,892.7,892.3,892.0,0.23,0.10,0.78,0.00,0.00,0.00,0.00,0.77,0.47,1.01,0.00,0.53,0.00,0.00,1.21,1.16,0.11,0.00,1.00,0.00,1.00,0.00,0.00,0.00,1.00,0.00,1.00,0.00,0.00,0.00,1.00,1.00,1.00,0.00,0.00
191,0,13.256,0.98,1,0.139490,0.101757,-0.984981,-0.030926,0.115403,-0.992837,0.055,0.109,207.2,208.1,210.5,212.9,214.0,213.2,210.7,208.2,204.1,205.5,207.5,210.1,212.7,214.8,216.3,214.7,212.4,210.0,207.6,205.6,209.6,210.6,211.7,212.1,211.6,210.6,209.5,209.1,236.8,237.4,239.6,242.2,243.5,242.9,240.7,238.0,234.6,235.9,237.9,240.6,243.1,245.1,246.5,245.3,243.6,241.3,238.9,236.4,239.2,240.3,241.3,241.5,240.9,239.8,238.9,238.6,356.3,353.8,352.7,353.6,356.1,358.7,359.6,358.7,357.5,356.3,355.4,354.9,355.2,356.2,357.6,358.4,358.8,359.0,358.9,358.5,357.4,357.8,357.3,356.2,355.1,354.7,355.2,356.3,354.2,351.6,350.3,351.0,353.4,356.0,357.3,356.8,356.1,354.5,353.2,352.4,352.5,353.1,354.2,355.3,356.0,356.5,356.7,356.7,355.1,355.4,354.8,353.7,352.7,352.3,352.9,354.1,-57.1,-55.5,-51.4,-47.1,-45.3,-46.6,-51.0,-55.3,-62.8,-60.2,-56.5,-51.9,-47.3,-43.8,-41.3,-44.0,-47.9,-52.2,-56.3,-60.0,-53.0,-51.1,-49.3,-48.6,-49.4,-51.3,-53.1,-53.8,-5.5,-4.5,-0.7,3.7,6.0,5.0,1.1,-3.5,-9.3,-6.9,-3.5,1.0,5.3,8.8,11.1,9.2,6.1,2.3,-2.0,-6.1,-1.4,0.5,2.2,2.6,1.6,-0.3,-2.0,-2.4,63.2,58.9,56.9,58.5,62.7,67.3,68.9,67.3,65.6,63.2,61.5,60.5,61.1,62.9,65.4,66.8,67.4,67.7,67.7,67.1,65.0,65.7,64.9,63.0,61.2,60.5,61.3,63.2,58.5,54.1,51.9,53.2,57.2,61.6,63.8,62.9,61.8,58.9,56.7,55.4,55.7,56.8,58.9,60.6,61.7,62.4,62.6,62.7,60.1,60.6,59.7,57.8,56.0,55.4,56.4,58.3,906.3,906.7,906.6,906.1,905.5,905.4,905.3,905.8,910.8,908.1,905.5,904.1,904.4,905.6,907.2,905.7,904.4,904.3,905.6,908.1,906.7,906.5,906.4,906.6,906.8,907.0,907.1,906.9,890.4,891.2,892.2,892.8,892.6,891.9,890.9,890.4,891.5,890.3,889.5,889.8,891.7,894.7,897.8,894.8,891.9,890.0,889.5,890.3,891.8,892.0,892.5,892.8,892.9,892.6,892.2,891.8,0.14,0.04,0.70,0.00,0.00,0.00,0.00,0.86,0.47,0.98,0.00,0.53,0.02,0.00,1.28,1.18,0.03,0.00,0.00,0.00,1.00,0.00,0.00,0.00,1.00,0.00,1.00,0.00,0.00,0.00,1.00,1.00,1.00,0.00,0.00
192,0,13.326,0.98,1,0.139404,0.098984,-0.985276,-0.032310,0.110145,-0.993390,0.054,0.105,207.1,208.0,210.4,212.8,213.9,213.1,210.6,208.2,204.0,205.4,207.4,210.0,212.7,214.7,216.2,214.6,212.3,209.9,207.5,205.5,209.5,210.6,211.6,212.0,211.5,210.5,209.4,209.0,236.7,237.4,239.6,242.1,243.5,242.8,240.6,237.9,234.5,235.9,237.9,240.5,243.1,245.0,246.4,245.3,243.5,241.3,238.8,236.4,239.1,240.2,241.2,241.5,240.9,239.8,238.8,238.5,356.3,353.8,352.7,353.6,356.0,358.7,359.6,358.7,357.5,356.2,355.3,354.8,355.2,356.1,357.5,358.4,358.7,359.0,358.9,358.4,357.3,357.7,357.2,356.1,355.1,354.7,355.2,356.3,354.2,351.6,350.3,351.0,353.4,356.0,357.3,356.8,356.1,354.5,353.2,352.4,352.5,353.1,354.2,355.3,356.0,356.5,356.6,356.6,355.1,355.4,354.8,353.7,352.7,352.3,352.9,354.1,-57.5,-55.9,-51.8,-47.5,-45.6,-46.9,-51.4,-55.6,-63.2,-60.6,-56.9,-52.3,-47.7,-44.1,-41.6,-44.4,-48.3,-52.5,-56.7,-60.4,-53.3,-51.5,-49.7,-49.0,-49.8,-51.6,-53.5,-54.2,-5.6,-4.5,-0.7,3.6,5.9,4.9,1.0,-3.6,-9.4,-7.0,-3.6,0.9,5.2,8.7,11.1,9.1,6.0,2.2,-2.1,-6.2,-1.5,0.4,2.1,2.5,1.5,-0.4,-2.0,-2.5,63.4,59.1,57.1,58.7,62.9,67.6,69.1,67.5,65.8,63.4,61.7,60.8,61.4,63.1,65.6,67.0,67.6,68.0,67.9,67.3,65.2,65.9,65.1,63.2,61.4,60.7,61.5,63.4,58.7,54.3,52.1,53.4,57.4,61.8,64.0,63.1,62.0,59.1,56.9,55.6,55.9,57.1,59.1,60.9,61.9,62.6,62.8,62.9,60.3,60.9,59.9,58.0,56.2,55.7,56.6,58.5,910.4,910.7,910.6,910.2,909.6,909.5,909.4,909.9,914.9,912.1,909.6,908.1,908.5,909.7,911.3,909.8,908.5,908.4,909.8,912.2,910.8,910.6,910.5,910.7,910.9,911.1,911.2,911.0,893.9,894.7,895.7,896.3,896.2,895.4,894.4,894.0,895.0,893.8,893.0,893.3,895.3,898.2,901.3,898.3,895.4,893.5,893.0,893.9,895.3,895.6,896.0,896.3,896.4,896.1,895.7,895.3,0.00,0.00,0.68,0.00,0.00,0.00,0.00,0.82,0.47,0.86,0.00,0.56,0.02,0.00,1.11,1.04,0.02,0.00,0.00,0.00,1.00,0.00,0.00,0.00,1.00,0.00,1.00,0.00,0.00,0.00,1.00,1.00,1.00,0.00,0.00
193,0,13.395,0.98,1,0.139574,0.100261,-0.985123,-0.032211,0.111396,-0.993254,0.054,0.107,207.1,208.0,210.4,212.8,213.8,213.1,210.5,208.1,204.0,205.4,207.4,210.0,212.6,214.7,216.2,214.6,212.3,209.8,207.5,205.5,209.5,210.5,211.6,212.0,211.5,210.4,209.4,209.0,236.7,237.3,239.6,242.1,243.4,242.8,240.6,237.9,234.5,235.9,237.9,240.5,243.0,245.0,246.4,245.3,243.5,241.3,238.8,236.4,239.1,240.2,241.2,241.5,240.9,239.8,238.8,238.5,356.3,353.8,352.7,353.6,356.0,358.7,359.6,358.7,357.5,356.2,355.3,354.8,355.2,356.1,357.5,358.4,358.7,359.0,358.9,358.4,357.3,357.7,357.2,356.1,355.1,354.7,355.2,356.3,354.2,351.6,350.3,351.0,353.4,356.0,357.3,356.8,356.1,354.5,353.2,352.4,352.5,353.1,354.2,355.3,356.0,356.5,356.6,356.7,355.1,355.4,354.8,353.7,352.7,352.3,352.9,354.1,-57.6,-56.0,-51.8,-47.6,-45.7,-47.0,-51.4,-55.7,-63.2,-60.6,-56.9,-52.3,-47.7,-44.2,-41.7,-44.4,-48.3,-52.6,-56.7,-60.5,-53.4,-51.5,-49.7,-49.0,-49.8,-51.7,-53.5,-54.2,-5.6,-4.6,-0.7,3.6,5.9,4.9,1.0,-3.6,-9.4,-7.1,-3.6,0.9,5.2,8.7,11.1,9.1,6.0,2.2,-2.1,-6.2,-1.5,0.4,2.1,2.5,1.5,-0.4,-2.1,-2.5,63.4,59.0,57.1,58.7,62.9,67.5,69.1,67.5,65.8,63.4,61.7,60.7,61.4,63.1,65.6,67.0,67.6,67.9,67.9,67.3,65.2,65.9,65.1,63.2,61.4,60.7,61.5,63.4,58.7,54.3,52.1,53.4,57.4,61.8,64.0,63.1,62.0,59.1,56.9,55.6,55.9,57.1,59.1,60.9,61.9,62.6,62.8,62.9,60.3,60.9,59.9,58.0,56.2,55.7,56.6,58.5,910.1,910.4,910.3,909.8,909.3,909.2,909.1,909.5,914.6,911.8,909.2,907.8,908.1,909.4,910.9,909.5,908.1,908.1,909.4,911.9,910.4,910.2,910.2,910.3,910.6,910.8,910.8,910.7,894.0,894.8,895.7,896.3,896.2,895.4,894.5,894.0,895.1,893.9,893.1,893.3,895.3,898.3,901.4,898.3,895.5,893.6,893.1,893.9,895.4,895.6,896.0,896.4,896.4,896.2,895.8,895.4,0.00,0.00,0.67,0.00,0.00,0.00,0.00,0.65,0.42,0.92,0.00,0.59,0.02,0.00,0.86,0.82,0.02,0.00,0.00,0.00,1.00,0.00,0.00,0.00,1.00,0.00,1.00,0.00,0.00,0.00,1.00,1.00,1.00,0.00,0.00
194,0,13.465,0.98,1,0.139137,0.100119,-0.985199,-0.034141,0.110912,-0.993244,0.053,0.106,207.0,207.9,210.3,212.7,213.7,213.0,210.5,208.1,203.9,205.3,207.3,209.9,212.5,214.6,216.1,214.5,212.2,209.8,207.4,205.4,209.4,210.4,211.5,211.9,211.4,210.4,209.3,208.9,236.7,237.3,239.5,242.0,243.4,242.8,240.5,237.8,234.5,235.8,237.8,240.4,243.0,245.0,246.3,245.2,243.4,241.2,238.7,236.3,239.1,240.2,241.1,241.4,240.8,239.7,238.7,238.5,356.2,353.8,352.7,353.6,356.0,358.7,359.6,358.6,357.4,356.2,355.3,354.8,355.2,356.1,357.5,358.4,358.7,359.0,358.8,358.4,357.3,357.7,357.2,356.1,355.1,354.7,355.2,356.2,354.2,351.6,350.3,351.0,353.3,355.9,357.2,356.7,356.0,354.4,353.2,352.4,352.5,353.1,354.1,355.3,356.0,356.4,356.6,356.6,355.1,355.4,354.8,353.7,352.6,352.3,352.9,354.0,-57.8,-56.2,-52.1,-47.8,-46.0,-47.2,-51.7,-55.9,-63.5,-60.9,-57.2,-52.6,-48.0,-44.4,-41.9,-44.7,-48.6,-52.8,-57.0,-60.7,-53.6,-51.8,-50.0,-49.3,-50.1,-52.0,-53.8,-54.5,-5.7,-4.7,-0.9,3.5,5.8,4.7,0.9,-3.7,-9.5,-7.2,-3.7,0.8,5.1,8.6,11.0,9.0,5.9,2.1,-2.2,-6.3,-1.6,0.3,2.0,2.4,1.4,-0.5,-2.2,-2.6,63.5,59.2,57.3,58.8,63.0,67.7,69.3,67.7,65.9,63.5,61.8,60.9,61.5,63.2,65.7,67.2,67.7,68.1,68.0,67.4,65.4,66.0,65.2,63.3,61.5,60.8,61.6,63.5,58.8,54.4,52.2,53.5,57.5,61.9,64.1,63.2,62.0,59.2,56.9,55.7,55.9,57.1,59.2,60.9,62.0,62.6,62.9,63.0,60.4,60.9,60.0,58.0,56.3,55.7,56.7,58.6,912.5,912.7,912.6,912.2,911.7,911.6,911.5,911.9,917.0,914.2,911.6,910.2,910.5,911.8,913.3,911.9,910.6,910.5,911.8,914.3,912.8,912.6,912.6,912.7,912.9,913.1,913.2,913.1,895.6,896.3,897.3,897.9,897.8,897.0,896.0,895.6,896.7,895.5,894.6,894.9,896.9,899.8,902.9,899.9,897.0,895.2,894.7,895.5,896.9,897.2,897.6,898.0,898.0,897.8,897.3,897.0,0.00,0.00,0.66,0.00,0.00,0.00,0.00,0.57,0.38,0.99,0.00,0.55,0.00,0.01,0.76,0.69,0.00,0.00,0.00,0.00,1.00,0.00,0.00,0.00,1.00,0.00,1.00,0.00,0.00,0.00,1.00,0.00,0.00,0.00,0.00
195,0,13.535,0.98,1,0.140087,0.100763,-0.984999,-0.033785,0.111480,-0.993192,0.054,0.107,206.9,207.8,210.2,212.6,213.7,212.9,210.4,208.0,203.9,205.2,207.3,209.8,212.5,214.5,216.0,214.4,212.2,209.7,207.4,205.3,209.3,210.4,211.4,211.8,211.3,210.3,209.3,208.9,236.6,237.3,239.5,242.0,243.4,242.7,240.5,237.8,234.5,235.8,237.8,240.4,243.0,244.9,246.3,245.2,243.4,241.2,238.7,236.3,239.0,240.1,241.1,241.4,240.8,239.7,238.7,238.5,356.2,353.8,352.7,353.6,356.0,358.7,359.6,358.7,357.4,356.2,355.3,354.9,355.2,356.1,357.5,358.4,358.7,359.0,358.9,358.4,357.3,357.7,357.2,356.1,355.1,354.7,355.2,356.2,354.2,351.6,350.3,351.0,353.3,355.9,357.2,356.7,356.0,354.4,353.1,352.4,352.5,353.0,354.1,355.2,356.0,356.4,356.6,356.6,355.0,355.3,354.8,353.6,352.6,352.3,352.9,354.0,-58.0,-56.4,-52.3,-48.0,-46.1,-47.4,-51.9,-56.1,-63.7,-61.1,-57.3,-52.8,-48.2,-44.6,-42.1,-44.9,-48.7,-53.0,-57.2,-60.9,-53.8,-52.0,-50.2,-49.5,-50.3,-52.1,-53.9,-54.6,-5.8,-4.7,-0.9,3.5,5.8,4.7,0.9,-3.7,-9.6,-7.2,-3.7,0.7,5.1,8.5,10.9,9.0,5.9,2.1,-2.2,-6.4,-1.7,0.3,1.9,2.4,1.4,-0.5,-2.2,-2.7,63.6,59.2,57.3,58.9,63.1,67.7,69.3,67.7,66.0,63.6,61.9,61.0,61.6,63.3,65.8,67.2,67.8,68.2,68.1,67.5,65.4,66.1,65.3,63.4,61.5,60.8,61.7,63.6,58.8,54.5,52.2,53.5,57.5,61.9,64.1,63.2,62.1,59.3,57.0,55.7,56.0,57.2,59.2,61.0,62.1,62.7,63.0,63.0,60.4,61.0,60.0,58.1,56.3,55.8,56.7,58.7,913.3,913.5,913.4,913.0,912.5,912.5,912.3,912.8,917.8,915.0,912.4,911.0,911.3,912.6,914.2,912.7,911.4,911.3,912.6,915.1,913.6,913.5,913.4,913.5,913.7,913.9,914.0,913.9,896.9,897.6,898.6,899.2,899.0,898.3,897.3,896.9,898.0,896.7,895.9,896.2,898.1,901.1,904.2,901.2,898.3,896.5,896.0,896.8,898.2,898.5,898.9,899.2,899.3,899.0,898.6,898.3,0.00,0.00,0.67,0.00,0.00,0.00,0.00,0.51,0.31,1.04,0.00,0.49,0.00,0.01,0.68,0.56,0.00,0.00,0.00,0.00,1.00,0.00,0.00,0.00,1.00,0.00,1.00,0.00,0.00,0.00,1.00,0.00,0.00,0.00,0.00
196,0,13.605,0.98,1,0.140380,0.097606,-0.985275,-0.033459,0.108704,-0.993511,0.054,0.104,206.8,207.7,210.1,212.5,213.6,212.9,210.3,207.9,203.8,205.1,207.2,209.7,212.4,214.5,215.9,214.3,212.1,209.6,207.3,205.3,209.2,210.3,211.3,211.7,211.3,210.2,209.2,208.8,236.6,237.2,239.4,241.9,243.3,242.7,240.4,237.8,234.4,235.7,237.7,240.3,242.9,244.9,246.2,245.1,243.3,241.1,238.6,236.2,239.0,240.1,241.0,241.3,240.7,239.6,238.6,238.4,356.2,353.8,352.7,353.6,356.0,358.6,359.6,358.7,357.5,356.2,355.3,354.8,355.2,356.1,357.5,358.3,358.7,359.0,358.9,358.4,357.3,357.7,357.2,356.1,355.1,354.7,355.1,356.2,354.1,351.5,350.2,350.9,353.2,355.8,357.2,356.7,356.0,354.4,353.1,352.3,352.4,353.0,354.0,355.2,355.9,356.4,356.5,356.5,355.0,355.3,354.7,353.6,352.5,352.2,352.8,353.9,-58.0,-56.5,-52.3,-48.1,-46.2,-47.5,-51.9,-56.2,-63.7,-61.1,-57.4,-52.8,-48.2,-44.7,-42.2,-44.9,-48.8,-53.0,-57.2,-60.9,-53.9,-52.0,-50.2,-49.5,-50.3,-52.2,-54.0,-54.7,-5.9,-4.8,-1.0,3.3,5.7,4.6,0.8,-3.9,-9.7,-7.3,-3.9,0.6,5.0,8.4,10.8,8.8,5.7,1.9,-2.3,-6.5,-1.8,0.1,1.8,2.3,1.3,-0.7,-2.3,-2.8,63.4,59.1,57.2,58.8,62.9,67.6,69.2,67.6,65.9,63.5,61.8,60.8,61.4,63.1,65.6,67.1,67.6,68.0,68.0,67.4,65.3,66.0,65.1,63.2,61.4,60.7,61.6,63.5,58.6,54.2,52.0,53.3,57.3,61.7,63.9,63.0,61.9,59.0,56.8,55.5,55.8,56.9,59.0,60.7,61.8,62.5,62.8,62.8,60.2,60.8,59.8,57.9,56.1,55.6,56.5,58.4,911.6,911.9,911.8,911.3,910.8,910.8,910.7,911.1,916.1,913.3,910.7,909.3,909.6,910.9,912.5,911.0,909.7,909.6,911.0,913.4,912.0,911.8,911.7,911.9,912.1,912.3,912.3,912.2,895.4,896.2,897.1,897.7,897.6,896.8,895.9,895.5,896.5,895.3,894.5,894.7,896.7,899.7,902.8,899.7,896.9,895.0,894.6,895.4,896.8,897.0,897.5,897.8,897.8,897.6,897.2,896.8,0.00,0.00,0.68,0.00,0.00,0.00,0.00,0.48,0.34,0.99,0.00,0.47,0.00,0.01,0.74,0.62,0.00,0.00,0.00,0.00,1.00,0.00,0.00,0.00,1.00,0.00,1.00,0.00,0.00,0.00,1.00,0.00,0.00,0.00,0.00
197,0,13.674,0.98,1,0.141443,0.094948,-0.985383,-0.032978,0.106341,-0.993783,0.055,0.101,206.7,207.6,210.0,212.4,213.5,212.8,210.2,207.8,203.7,205.0,207.1,209.6,212.3,214.4,215.8,214.2,212.0,209.5,207.2,205.1,209.1,210.2,211.2,211.6,211.2,210.1,209.1,208.7,236.5,237.1,239.3,241.9,243.2,242.6,240.4,237.7,234.3,235.7,237.7,240.3,242.8,244.8,246.2,245.1,243.3,241.1,238.6,236.2,238.9,240.0,241.0,241.3,240.7,239.6,238.6,238.3,356.2,353.7,352.6,353.5,356.0,358.6,359.6,358.6,357.5,356.2,355.3,354.8,355.1,356.1,357.4,358.3,358.7,358.9,358.8,358.4,357.3,357.7,357.2,356.1,355.0,354.6,355.1,356.2,354.0,351.4,350.1,350.8,353.2,355.7,357.1,356.6,355.9,354.3,353.0,352.2,352.3,352.9,353.9,355.1,355.8,356.3,356.5,356.5,354.9,355.2,354.6,353.5,352.5,352.1,352.7,353.9,-58.1,-56.5,-52.4,-48.1,-46.2,-47.5,-51.9,-56.2,-63.8,-61.2,-57.5,-52.9,-48.3,-44.7,-42.2,-45.0,-48.8,-53.1,-57.3,-61.0,-53.9,-52.1,-50.3,-49.6,-50.4,-52.3,-54.1,-54.8,-6.0,-5.0,-1.1,3.2,5.6,4.5,0.7,-3.9,-9.8,-7.4,-4.0,0.5,4.9,8.3,10.7,8.7,5.7,1.8,-2.4,-6.6,-1.9,0.0,1.7,2.2,1.2,-0.8,-2.4,-2.9,63.3,58.9,57.0,58.6,62.7,67.4,69.0,67.4,65.7,63.3,61.6,60.6,61.2,62.9,65.4,66.8,67.4,67.8,67.8,67.2,65.1,65.8,64.9,63.0,61.2,60.5,61.4,63.3,58.4,54.0,51.8,53.0,57.0,61.4,63.6,62.8,61.7,58.8,56.5,55.2,55.5,56.6,58.7,60.5,61.5,62.2,62.5,62.6,59.9,60.5,59.5,57.6,55.8,55.3,56.3,58.2,909.3,909.6,909.5,909.1,908.6,908.5,908.4,908.8,913.9,911.1,908.5,907.1,907.4,908.7,910.2,908.8,907.5,907.4,908.7,911.1,909.7,909.5,909.5,909.6,909.8,910.0,910.1,909.9,893.7,894.5,895.5,896.1,895.9,895.2,894.2,893.8,894.9,893.6,892.8,893.1,895.0,898.0,901.1,898.0,895.2,893.3,892.9,893.7,895.1,895.4,895.8,896.1,896.2,895.9,895.5,895.2,0.00,0.00,0.74,0.00,0.00,0.00,0.00,0.45,0.33,0.95,0.03,0.43,0.00,0.00,0.72,0.60,0.00,0.00,0.00,0.00,1.00,0.00,0.00,0.00,1.00,0.00,1.00,0.00,0.00,0.00,1.00,0.00,0.00,0.00,0.00
198,0,13.744,0.98,1,0.136872,0.088129,-0.986661,-0.036072,0.099625,-0.994371,0.051,0.094,206.6,207.5,209.9,212.3,213.4,212.6,210.1,207.7,203.6,204.9,206.9,209.5,212.2,214.2,215.7,214.1,211.9,209.4,207.1,205.0,209.0,210.1,211.1,211.5,211.0,210.0,208.9,208.5,236.4,237.0,239.2,241.8,243.1,242.5,240.3,237.6,234.2,235.6,237.6,240.2,242.7,244.7,246.1,245.0,243.2,241.0,238.5,236.0,238.8,239.9,240.9,241.2,240.6,239.4,238.5,238.2,356.1,353.6,352.5,353.4,355.8,358.5,359.5,358.5,357.4,356.1,355.2,354.7,355.0,356.0,357.3,358.2,358.6,358.8,358.7,358.3,357.2,357.6,357.1,356.0,354.9,354.5,355.0,356.1,353.9,351.3,350.0,350.7,353.0,355.6,357.0,356.5,355.8,354.2,352.9,352.1,352.2,352.7,353.8,355.0,355.7,356.2,356.4,356.4,354.8,355.1,354.5,353.4,352.3,352.0,352.6,353.7,-58.3,-56.7,-52.6,-48.3,-46.4,-47.7,-52.1,-56.4,-63.9,-61.3,-57.6,-53.1,-48.5,-44.9,-42.4,-45.1,-49.0,-53.2,-57.4,-61.1,-54.1,-52.2,-50.4,-49.7,-50.6,-52.4,-54.2,-54.9,-6.2,-5.1,-1.3,3.0,5.4,4.3,0.5,-4.1,-10.0,-7.6,-4.2,0.3,4.7,8.1,10.5,8.5,5.5,1.6,-2.6,-6.8,-2.1,-0.2,1.5,2.0,1.0,-0.9,-2.6,-3.1,63.0,58.7,56.7,58.3,62.5,67.1,68.7,67.2,65.5,63.0,61.3,60.3,60.9,62.7,65.2,66.6,67.2,67.6,67.5,66.9,64.8,65.5,64.7,62.8,61.0,60.3,61.1,63.0,58.0,53.6,51.4,52.6,56.6,61.0,63.3,62.4,61.3,58.4,56.1,54.8,55.1,56.3,58.3,60.1,61.2,61.8,62.1,62.2,59.5,60.1,59.1,57.2,55.5,54.9,55.9,57.8,908.4,908.7,908.6,908.1,907.6,907.5,907.4,907.9,913.0,910.1,907.6,906.1,906.4,907.7,909.2,907.8,906.5,906.4,907.8,910.2,908.8,908.6,908.5,908.6,908.9,909.1,909.1,909.0,890.6,891.4,892.3,892.9,892.8,892.0,891.0,890.6,891.7,890.5,889.7,889.9,891.9,894.9,897.9,894.9,892.0,890.2,889.7,890.6,892.0,892.2,892.6,893.0,893.0,892.8,892.4,892.0,0.00,0.00,0.64,0.00,0.00,0.00,0.00,0.43,0.30,0.86,0.06,0.36,0.00,0.00,0.79,0.69,0.07,0.00,0.00,0.00,1.00,0.00,0.00,0.00,1.00,0.00,1.00,0.00,0.00,0.00,1.00,0.00,0.00,0.00,0.00
199,0,13.814,0.98,1,0.136809,0.072629,-0.987931,-0.035072,0.085409,-0.995729,0.051,0.080,206.2,207.1,209.4,211.9,213.0,212.3,209.7,207.3,203.2,204.5,206.5,209.1,211.8,213.9,215.4,213.7,211.5,209.0,206.7,204.6,208.6,209.7,210.7,211.1,210.6,209.6,208.5,208.1,236.0,236.7,238.9,241.4,242.8,242.2,240.0,237.2,233.9,235.2,237.2,239.8,242.4,244.4,245.8,244.7,242.9,240.6,238.1,235.7,238.5,239.6,240.6,240.8,240.2,239.1,238.1,237.9,355.4,352.9,351.7,352.6,355.0,357.7,358.7,357.8,356.7,355.3,354.4,353.9,354.2,355.1,356.5,357.4,357.8,358.1,358.0,357.6,356.4,356.8,356.3,355.2,354.1,353.7,354.2,355.3,353.0,350.4,349.0,349.8,352.1,354.7,356.0,355.5,354.8,353.2,351.9,351.1,351.2,351.8,352.9,354.0,354.8,355.2,355.4,355.4,353.8,354.1,353.6,352.4,351.4,351.1,351.7,352.8,-58.8,-57.3,-53.2,-48.9,-47.0,-48.2,-52.6,-56.9,-64.4,-61.9,-58.2,-53.7,-49.0,-45.5,-42.9,-45.7,-49.5,-53.8,-57.9,-61.7,-54.6,-52.8,-51.0,-50.3,-51.1,-53.0,-54.8,-55.5,-6.8,-5.7,-1.9,2.5,4.8,3.7,-0.1,-4.7,-10.5,-8.2,-4.8,-0.3,4.1,7.5,9.9,8.0,4.9,1.1,-3.2,-7.3,-2.6,-0.7,1.0,1.4,0.4,-1.5,-3.2,-3.6,61.6,57.2,55.2,56.8,60.9,65.6,67.2,65.7,64.1,61.6,59.8,58.8,59.4,61.1,63.6,65.0,65.6,66.1,66.1,65.5,63.4,64.0,63.2,61.3,59.4,58.8,59.6,61.5,56.3,51.9,49.7,50.9,54.9,59.3,61.5,60.7,59.6,56.7,54.4,53.1,53.4,54.5,56.6,58.4,59.4,60.1,60.4,60.5,57.8,58.4,57.4,55.5,53.8,53.2,54.2,56.1,906.5,906.9,906.8,906.3,905.7,905.6,905.5,906.0,911.0,908.3,905.7,904.3,904.6,905.8,907.3,905.9,904.5,904.5,905.8,908.3,906.9,906.7,906.6,906.8,907.0,907.2,907.3,907.1,889.2,890.0,891.0,891.6,891.4,890.6,889.6,889.2,890.3,889.1,888.3,888.6,890.5,893.5,896.5,893.5,890.6,888.7,888.3,889.1,890.6,890.8,891.2,891.6,891.7,891.4,891.0,890.6,0.00,0.00,0.64,0.00,0.00,0.00,0.00,0.42,0.29,0.73,0.11,0.29,0.00,0.00,0.93,0.68,0.21,0.00,0.00,0.00,1.00,0.00,0.00,0.00,1.00,0.00,1.00,0.00,0.00,0.00,1.00,0.00,0.00,0.00,0.00
200,0,13.884,0.98,1,0.138695,0.061918,-0.988398,-0.032715,0.076655,-0.996521,0.053,0.070,206.1,207.0,209.3,211.7,212.8,212.2,209.6,207.2,203.0,204.4,206.4,209.0,211.6,213.7,215.2,213.6,211.4,208.9,206.6,204.5,208.5,209.6,210.6,211.0,210.5,209.4,208.4,208.0,235.9,236.4,238.7,241.2,242.6,242.0,239.8,237.1,233.7,235.0,237.0,239.6,242.2,244.2,245.6,244.4,242.7,240.5,238.0,235.5,238.3,239.4,240.4,240.6,240.0,238.9,237.9,237.7,354.7,352.2,351.1,351.9,354.3,357.0,358.0,357.1,356.1,354.7,353.7,353.2,353.5,354.4,355.8,356.7,357.1,357.3,357.3,356.9,355.7,356.1,355.6,354.5,353.4,353.1,353.6,354.7,352.1,349.5,348.1,348.8,351.1,353.7,355.1,354.6,354.0,352.3,351.0,350.2,350.3,350.9,352.0,353.1,353.8,354.3,354.5,354.5,352.9,353.2,352.6,351.5,350.5,350.2,350.8,351.9,-59.2,-57.7,-53.6,-49.3,-47.3,-48.5,-52.9,-57.2,-64.8,-62.3,-58.6,-54.0,-49.4,-45.8,-43.3,-46.0,-49.8,-54.1,-58.2,-62.0,-55.0,-53.1,-51.3,-50.6,-51.5,-53.4,-55.2,-55.8,-7.1,-6.1,-2.3,2.1,4.4,3.4,-0.4,-5.0,-10.8,-8.5,-5.1,-0.7,3.7,7.2,9.6,7.6,4.6,0.8,-3.5,-7.6,-3.0,-1.1,0.6,1.1,0.0,-1.9,-3.6,-4.0,60.5,56.2,54.2,55.7,59.8,64.4,66.1,64.7,63.2,60.7,58.8,57.7,58.2,59.9,62.4,63.9,64.5,65.0,65.0,64.6,62.3,63.0,62.1,60.2,58.4,57.7,58.6,60.5,54.9,50.5,48.3,49.5,53.5,57.8,60.1,59.2,58.2,55.3,53.0,51.6,51.9,53.1,55.2,56.9,58.0,58.6,59.0,59.1,56.4,57.0,56.0,54.1,52.3,51.8,52.8,54.7,908.5,908.9,908.9,908.4,907.8,907.6,907.4,907.9,913.0,910.3,907.7,906.3,906.6,907.9,909.4,907.9,906.5,906.4,907.8,910.3,908.9,908.7,908.6,908.8,909.1,909.3,909.3,909.1,891.7,892.6,893.6,894.1,893.9,893.0,892.0,891.7,892.7,891.6,890.8,891.1,893.0,896.0,899.0,895.9,893.1,891.2,890.7,891.6,893.0,893.3,893.7,894.1,894.2,893.9,893.5,893.1,0.06,0.02,0.60,0.00,0.00,0.00,0.00,0.51,0.32,0.70,0.26,0.26,0.00,0.00,1.27,0.80,0.32,0.00,0.00,0.00,1.00,0.00,0.00,0.00,1.00,0.00,1.00,0.00,0.00,0.00,1.00,0.00,0.00,0.00,0.00
201,0,13.953,0.98,1,0.139762,0.036545,-0.989510,-0.029135,0.053639,-0.998135,0.056,0.045,205.7,206.5,208.9,211.3,212.5,211.8,209.3,206.9,202.7,204.0,206.0,208.6,211.2,213.4,214.9,213.3,211.0,208.6,206.3,204.2,208.2,209.2,210.2,210.6,210.1,209.0,208.0,207.6,235.4,236.0,238.2,240.8,242.2,241.6,239.4,236.7,233.3,234.6,236.6,239.2,241.7,243.7,245.1,244.0,242.3,240.1,237.6,235.1,237.9,239.0,239.9,240.2,239.6,238.5,237.5,237.2,353.4,350.9,349.7,350.6,352.9,355.6,356.6,355.8,354.9,353.5,352.5,351.8,352.1,353.0,354.4,355.3,355.7,356.0,356.0,355.7,354.4,354.8,354.2,353.1,352.1,351.8,352.3,353.4,350.4,347.9,346.5,347.2,349.5,352.1,353.4,353.0,352.4,350.7,349.3,348.5,348.6,349.2,350.3,351.4,352.2,352.6,352.8,352.9,351.3,351.6,351.0,349.9,348.9,348.6,349.1,350.3,-59.7,-58.3,-54.2,-49.9,-47.9,-49.0,-53.3,-57.6,-65.3,-62.8,-59.1,-54.6,-50.0,-46.4,-43.8,-46.4,-50.3,-54.5,-58.7,-62.4,-55.5,-53.6,-51.8,-51.2,-52.1,-54.0,-55.7,-56.3,-7.8,-6.9,-3.1,1.3,3.7,2.7,-1.1,-5.7,-11.5,-9.2,-5.9,-1.4,3.0,6.4,8.9,6.9,3.9,0.1,-4.2,-8.3,-3.7,-1.8,-0.1,0.3,-0.7,-2.6,-4.3,-4.7,58.2,53.9,51.8,53.2,57.2,61.9,63.7,62.3,61.0,58.4,56.5,55.3,55.7,57.4,59.8,61.3,62.0,62.5,62.7,62.3,59.9,60.5,59.6,57.7,55.9,55.3,56.2,58.1,52.1,47.7,45.4,46.6,50.6,54.9,57.2,56.4,55.4,52.5,50.1,48.7,49.0,50.2,52.3,54.0,55.1,55.7,56.1,56.3,53.6,54.1,53.1,51.2,49.5,49.0,49.9,51.8,906.5,907.0,907.0,906.5,905.8,905.5,905.3,905.8,911.0,908.3,905.8,904.4,904.7,905.9,907.3,905.8,904.4,904.4,905.7,908.2,906.8,906.6,906.6,906.8,907.1,907.3,907.4,907.1,890.5,891.5,892.5,893.0,892.8,891.8,890.8,890.4,891.5,890.4,889.7,890.0,891.9,894.9,897.8,894.7,891.8,889.9,889.5,890.3,891.8,892.0,892.5,892.9,893.0,892.8,892.4,891.9,0.09,0.02,0.69,0.00,0.00,0.00,0.00,0.57,0.39,0.71,0.42,0.28,0.00,0.00,1.48,0.84,0.40,0.00,0.00,0.00,1.00,0.00,0.00,0.00,1.00,0.00,1.00,0.00,0.00,0.00,1.00,0.00,0.00,0.00,0.00
202,0,14.023,0.98,1,0.139353,0.038254,-0.989504,-0.029010,0.055357,-0.998045,0.055,0.047,205.7,206.5,208.9,211.3,212.5,211.8,209.3,206.9,202.7,204.0,206.0,208.6,211.2,213.3,214.9,213.3,211.0,208.6,206.3,204.2,208.1,209.2,210.2,210.6,210.1,209.0,208.0,207.6,235.4,236.0,238.2,240.7,242.2,241.6,239.4,236.7,233.3,234.6,236.6,239.2,241.7,243.7,245.1,244.0,242.3,240.0,237.6,235.1,237.8,239.0,239.9,240.2,239.6,238.4,237.5,237.2,353.4,350.9,349.7,350.6,352.9,355.6,356.6,355.8,354.9,353.5,352.5,351.8,352.1,353.0,354.4,355.3,355.7,356.0,356.0,355.7,354.4,354.8,354.2,353.1,352.1,351.8,352.3,353.4,350.4,347.8,346.5,347.2,349.5,352.1,353.4,353.0,352.4,350.7,349.3,348.5,348.6,349.2,350.3,351.4,352.1,352.6,352.8,352.9,351.3,351.6,351.0,349.8,348.8,348.5,349.1,350.3,-59.7,-58.3,-54.3,-50.0,-47.9,-49.0,-53.4,-57.7,-65.3,-62.8,-59.2,-54.6,-50.0,-46.4,-43.8,-46.5,-50.3,-54.6,-58.7,-62.5,-55.5,-53.6,-51.8,-51.2,-52.1,-54.0,-55.8,-56.4,-7.8,-6.9,-3.1,1.3,3.7,2.7,-1.1,-5.7,-11.5,-9.2,-5.9,-1.4,3.0,6.4,8.9,6.9,3.9,0.1,-4.2,-8.3,-3.7,-1.8,-0.1,0.3,-0.7,-2.7,-4.3,-4.7,58.2,53.9,51.8,53.2,57.3,61.9,63.7,62.3,61.1,58.4,56.5,55.3,55.8,57.4,59.9,61.4,62.0,62.6,62.7,62.3,59.9,60.5,59.6,57.7,56.0,55.3,56.3,58.2,52.0,47.7,45.4,46.6,50.5,54.9,57.2,56.4,55.4,52.5,50.1,48.7,49.0,50.2,52.3,54.0,55.0,55.7,56.1,56.2,53.6,54.1,53.1,51.2,49.5,48.9,49.9,51.8,906.9,907.4,907.4,906.9,906.2,905.9,905.7,906.2,911.4,908.7,906.2,904.8,905.1,906.3,907.7,906.2,904.9,904.8,906.1,908.6,907.2,907.0,907.0,907.2,907.5,907.7,907.8,907.5,890.7,891.6,892.7,893.2,892.9,892.0,890.9,890.6,891.6,890.5,889.8,890.1,892.1,895.0,898.0,894.9,892.0,890.1,889.6,890.5,892.0,892.2,892.7,893.1,893.2,893.0,892.5,892.1,0.17,0.02,0.70,0.00,0.00,0.00,0.00,0.59,0.40,0.85,0.54,0.36,0.00,0.00,1.65,0.83,0.36,0.00,0.00,0.00,1.00,0.00,0.00,0.00,1.00,0.00,1.00,0.00,0.00,0.00,1.00,1.00,0.00,0.00,0.00
203,0,14.093,0.98,1,0.134632,0.006215,-0.990876,-0.029512,0.026523,-0.999212,0.053,0.016,204.7,205.4,207.7,210.2,211.4,210.9,208.4,205.9,201.7,203.0,205.0,207.5,210.2,212.3,213.9,212.3,210.1,207.7,205.3,203.3,207.2,208.3,209.3,209.6,209.0,208.0,207.0,206.6,234.3,234.8,237.0,239.6,241.0,240.5,238.3,235.6,232.2,233.5,235.4,238.0,240.6,242.6,244.1,243.0,241.2,239.0,236.5,234.1,236.8,237.9,238.8,239.1,238.4,237.3,236.4,236.1,351.9,349.3,348.1,348.8,351.1,353.8,354.9,354.2,353.5,352.0,350.9,350.1,350.3,351.1,352.5,353.4,353.9,354.3,354.4,354.2,352.7,353.1,352.5,351.4,350.4,350.1,350.6,351.7,348.0,345.4,344.1,344.7,347.0,349.6,350.9,350.5,350.0,348.3,346.9,346.0,346.1,346.7,347.8,348.9,349.6,350.1,350.4,350.5,348.8,349.1,348.5,347.4,346.4,346.1,346.7,347.8,-61.6,-60.3,-56.3,-52.0,-49.8,-50.7,-55.0,-59.4,-67.0,-64.7,-61.1,-56.6,-51.9,-48.3,-45.6,-48.2,-52.0,-56.2,-60.4,-64.2,-57.3,-55.4,-53.6,-53.1,-54.0,-55.9,-57.7,-58.2,-9.7,-8.9,-5.1,-0.7,1.8,0.9,-2.8,-7.5,-13.4,-11.1,-7.8,-3.4,1.0,4.5,7.0,5.1,2.0,-1.7,-6.0,-10.1,-5.5,-3.6,-2.0,-1.6,-2.7,-4.6,-6.2,-6.6,55.6,51.2,49.0,50.2,54.2,58.9,60.8,59.5,58.6,55.9,53.8,52.4,52.7,54.3,56.7,58.2,59.0,59.7,59.9,59.8,57.1,57.7,56.7,54.8,53.0,52.5,53.5,55.4,47.9,43.5,41.2,42.3,46.2,50.6,52.9,52.2,51.3,48.3,45.9,44.4,44.6,45.8,47.9,49.6,50.6,51.4,51.8,52.1,49.3,49.8,48.8,46.9,45.2,44.7,45.7,47.6,908.2,908.8,908.9,908.3,907.5,907.1,906.9,907.4,912.6,910.0,907.5,906.1,906.4,907.6,909.0,907.4,906.0,905.9,907.3,909.8,908.5,908.2,908.3,908.5,908.9,909.1,909.1,908.8,889.7,890.8,891.9,892.4,892.0,890.9,889.8,889.5,890.6,889.6,888.9,889.2,891.2,894.1,897.0,893.8,890.9,889.0,888.6,889.4,891.0,891.2,891.7,892.1,892.3,892.1,891.6,891.1,0.15,0.00,0.78,0.00,0.00,0.00,0.00,0.51,0.39,0.92,0.60,0.35,0.00,0.00,1.80,0.70,0.44,0.00,0.00,1.00,1.00,0.00,0.00,0.00,1.00,0.00,1.00,0.00,0.00,0.00,1.00,1.00,0.00,0.00,1.00
204,0,14.163,0.98,1,0.129080,-0.038412,-0.990890,-0.034414,-0.011199,-0.999345,0.048,-0.025,203.0,203.7,205.9,208.4,209.8,209.3,206.9,204.4,200.1,201.3,203.3,205.8,208.5,210.6,212.3,210.8,208.5,206.1,203.8,201.7,205.6,206.7,207.6,207.9,207.3,206.2,205.3,205.0,232.5,232.9,235.1,237.7,239.2,238.8,236.6,233.9,230.4,231.7,233.6,236.2,238.7,240.8,242.3,241.2,239.5,237.2,234.7,232.3,235.0,236.1,237.1,237.3,236.6,235.4,234.5,234.3,350.4,347.8,346.5,347.1,349.3,352.1,353.3,352.6,352.2,350.6,349.4,348.5,348.6,349.4,350.6,351.6,352.1,352.6,352.9,352.8,351.2,351.5,350.9,349.7,348.8,348.5,349.1,350.2,345.5,342.9,341.4,342.0,344.2,346.8,348.3,348.0,347.5,345.8,344.3,343.4,343.4,343.9,345.1,346.1,346.8,347.4,347.7,347.9,346.2,346.5,345.9,344.7,343.7,343.5,344.1,345.3,-64.3,-63.2,-59.3,-54.9,-52.6,-53.3,-57.5,-61.9,-69.7,-67.4,-63.9,-59.4,-54.8,-51.1,-48.3,-50.8,-54.6,-58.8,-63.0,-66.7,-59.9,-58.0,-56.3,-55.8,-56.9,-58.8,-60.5,-61.0,-12.8,-12.1,-8.4,-3.9,-1.3,-2.1,-5.7,-10.4,-16.3,-14.2,-10.9,-6.5,-2.1,1.4,4.0,2.1,-0.9,-4.7,-8.9,-13.1,-8.5,-6.6,-5.0,-4.7,-5.8,-7.8,-9.4,-9.7,52.9,48.5,46.1,47.2,51.0,55.7,57.8,56.7,56.3,53.4,51.1,49.5,49.6,51.0,53.3,54.9,55.8,56.6,57.1,57.2,54.3,54.7,53.7,51.8,50.1,49.6,50.7,52.6,43.3,39.0,36.6,37.5,41.3,45.7,48.1,47.5,46.9,43.8,41.3,39.7,39.8,40.9,43.0,44.6,45.7,46.5,47.0,47.5,44.7,45.1,44.1,42.1,40.5,40.1,41.1,43.0,906.2,906.9,907.0,906.4,905.5,904.9,904.6,905.2,910.5,907.9,905.5,904.2,904.4,905.6,906.9,905.2,903.8,903.7,905.1,907.6,906.4,906.1,906.2,906.5,906.9,907.2,907.1,906.8,885.7,886.9,888.0,888.4,887.9,886.7,885.6,885.3,886.6,885.6,884.9,885.2,887.1,889.9,892.8,889.6,886.7,884.8,884.4,885.3,886.9,887.0,887.5,888.0,888.3,888.1,887.6,887.1,0.24,0.00,0.87,0.00,0.00,0.00,0.09,0.46,0.33,0.85,0.54,0.30,0.15,0.00,2.05,0.69,0.41,0.00,0.00,1.00,1.00,0.00,0.00,0.00,1.00,0.00,1.00,0.00,0.00,0.00,1.00,1.00,0.00,0.00,1.00
205,0,14.233,0.98,1,0.117550,-0.071486,-0.990491,-0.044758,-0.041604,-0.998131,0.037,-0.057,201.4,202.0,204.2,206.7,208.0,207.6,205.2,202.7,198.5,199.7,201.6,204.0,206.7,208.9,210.5,209.0,206.8,204.5,202.1,200.1,203.9,205.0,205.9,206.2,205.6,204.5,203.6,203.3,230.6,231.0,233.1,235.7,237.3,236.9,234.7,232.0,228.6,229.8,231.7,234.2,236.8,238.9,240.4,239.3,237.5,235.3,232.8,230.4,233.1,234.2,235.2,235.3,234.7,233.5,232.6,232.4,349.1,346.6,345.2,345.8,347.9,350.6,351.9,351.3,351.0,349.4,348.1,347.2,347.2,347.9,349.2,350.1,350.7,351.2,351.5,351.6,349.9,350.1,349.5,348.4,347.4,347.2,347.8,348.9,343.8,341.2,339.8,340.3,342.5,345.1,346.5,346.2,345.9,344.1,342.6,341.7,341.7,342.3,343.4,344.4,345.1,345.6,345.9,346.2,344.5,344.8,344.1,343.0,342.1,341.8,342.4,343.6,-67.9,-66.9,-63.1,-58.6,-56.2,-56.8,-61.0,-65.4,-73.2,-71.0,-67.5,-63.1,-58.4,-54.7,-51.8,-54.4,-58.1,-62.3,-66.4,-70.2,-63.5,-61.5,-59.9,-59.4,-60.5,-62.4,-64.1,-64.5,-16.1,-15.4,-11.8,-7.3,-4.7,-5.4,-9.0,-13.7,-19.6,-17.5,-14.3,-9.9,-5.5,-1.9,0.7,-1.2,-4.2,-8.0,-12.3,-16.4,-11.9,-9.9,-8.3,-8.0,-9.2,-11.1,-12.7,-13.0,51.2,46.8,44.3,45.3,49.1,53.8,55.9,55.0,54.8,51.8,49.4,47.7,47.7,49.1,51.3,52.9,53.8,54.7,55.4,55.6,52.5,52.9,51.8,49.9,48.3,47.8,48.9,50.8,40.7,36.4,34.0,34.9,38.7,43.0,45.4,44.9,44.3,41.3,38.7,37.1,37.2,38.3,40.3,41.9,43.0,43.7,44.3,44.8,42.1,42.5,41.4,39.5,37.9,37.5,38.5,40.4,915.4,916.3,916.5,915.8,914.7,914.1,913.7,914.3,919.6,917.1,914.8,913.5,913.7,914.8,916.1,914.4,913.0,912.8,914.2,916.7,915.6,915.3,915.3,915.7,916.2,916.5,916.4,916.0,891.8,893.1,894.2,894.5,893.9,892.6,891.5,891.3,892.6,891.7,891.0,891.3,893.2,895.9,898.7,895.5,892.6,890.8,890.4,891.3,892.9,893.0,893.5,894.1,894.4,894.2,893.7,893.2,0.16,0.00,0.85,0.00,0.00,0.00,0.23,0.49,0.26,0.64,0.50,0.14,0.32,0.00,2.13,0.68,0.41,0.00,0.00,1.00,1.00,0.00,0.00,0.00,1.00,0.00,1.00,0.00,0.00,0.00,1.00,1.00,0.00,0.00,1.00
206,0,14.302,0.98,1,0.113163,-0.086014,-0.989846,-0.048430,-0.056913,-0.997204,0.033,-0.072,200.7,201.3,203.5,206.0,207.3,206.9,204.5,202.0,197.9,199.0,200.9,203.3,206.0,208.2,209.8,208.3,206.1,203.7,201.4,199.4,203.2,204.3,205.2,205.5,204.9,203.8,202.9,202.6,229.9,230.4,232.5,235.1,236.6,236.2,234.0,231.3,227.9,229.1,231.0,233.6,236.2,238.3,239.8,238.7,236.9,234.6,232.2,229.8,232.4,233.6,234.5,234.7,234.0,232.9,231.9,231.8,348.5,346.0,344.6,345.2,347.3,350.0,351.2,350.7,350.5,348.8,347.5,346.6,346.6,347.3,348.6,349.5,350.1,350.6,350.9,351.0,349.3,349.5,348.9,347.8,346.8,346.6,347.2,348.3,343.2,340.7,339.3,339.8,342.0,344.6,346.0,345.7,345.3,343.5,342.1,341.2,341.2,341.8,342.9,343.9,344.6,345.1,345.4,345.7,344.0,344.3,343.6,342.5,341.5,341.3,341.9,343.0,-69.2,-68.3,-64.4,-60.0,-57.5,-58.1,-62.3,-66.7,-74.5,-72.3,-68.8,-64.4,-59.8,-56.0,-53.2,-55.7,-59.5,-63.7,-67.8,-71.6,-64.8,-62.9,-61.2,-60.8,-61.9,-63.8,-65.5,-65.9,-17.2,-16.5,-12.8,-8.4,-5.8,-6.5,-10.2,-14.9,-20.8,-18.6,-15.3,-11.0,-6.6,-3.0,-0.4,-2.3,-5.4,-9.1,-13.4,-17.5,-13.0,-11.0,-9.4,-9.1,-10.2,-12.2,-13.8,-14.1,50.2,45.8,43.4,44.3,48.1,52.8,54.9,54.0,53.9,50.9,48.4,46.8,46.8,48.1,50.3,51.9,52.8,53.8,54.4,54.6,51.5,51.9,50.9,48.9,47.3,46.9,48.0,49.9,39.7,35.4,33.0,34.0,37.8,42.1,44.5,43.9,43.3,40.3,37.7,36.2,36.3,37.4,39.5,41.1,42.1,42.8,43.4,43.8,41.1,41.5,40.5,38.6,36.9,36.5,37.6,39.5,917.1,918.0,918.2,917.5,916.4,915.7,915.4,916.0,921.3,918.8,916.5,915.2,915.4,916.5,917.7,916.1,914.6,914.5,915.9,918.4,917.2,916.9,917.0,917.4,917.9,918.2,918.1,917.7,890.7,892.0,893.1,893.4,892.7,891.5,890.3,890.2,891.5,890.5,889.9,890.2,892.0,894.8,897.6,894.3,891.4,889.6,889.2,890.2,891.8,891.9,892.4,892.9,893.2,893.1,892.6,892.0,0.12,0.00,0.75,0.00,0.00,0.00,0.36,0.54,0.23,0.42,0.38,0.05,0.49,0.00,2.06,0.69,0.30,0.00,0.00,1.00,1.00,0.00,0.00,1.00,1.00,0.00,1.00,0.00,0.00,0.00,1.00,1.00,0.00,0.00,1.00
207,0,14.372,0.98,1,0.118445,-0.083659,-0.989430,-0.044125,-0.054927,-0.997515,0.037,-0.070,200.7,201.3,203.4,205.9,207.3,206.9,204.5,202.0,197.8,199.0,200.9,203.3,206.0,208.1,209.8,208.3,206.1,203.7,201.4,199.4,203.2,204.3,205.2,205.5,204.9,203.8,202.8,202.6,229.8,230.2,232.4,235.0,236.5,236.0,233.9,231.1,227.7,229.0,230.9,233.4,236.0,238.1,239.6,238.5,236.7,234.5,232.0,229.6,232.3,233.4,234.3,234.5,233.9,232.7,231.8,231.6,348.4,345.9,344.5,345.0,347.2,349.9,351.1,350.5,350.3,348.7,347.4,346.5,346.5,347.2,348.4,349.4,349.9,350.5,350.8,350.8,349.1,349.3,348.7,347.6,346.7,346.4,347.1,348.1,343.2,340.6,339.2,339.8,342.0,344.5,346.0,345.6,345.2,343.5,342.0,341.1,341.1,341.7,342.9,343.9,344.5,345.0,345.3,345.6,344.0,344.2,343.6,342.5,341.5,341.3,341.9,343.0,-69.5,-68.5,-64.7,-60.3,-57.8,-58.4,-62.6,-67.1,-74.9,-72.6,-69.1,-64.7,-60.1,-56.3,-53.5,-56.0,-59.8,-63.9,-68.1,-71.9,-65.1,-63.2,-61.5,-61.1,-62.1,-64.1,-65.8,-66.2,-17.6,-16.8,-13.1,-8.7,-6.1,-6.9,-10.5,-15.2,-21.1,-18.9,-15.7,-11.3,-6.9,-3.3,-0.7,-2.6,-5.7,-9.5,-13.7,-17.9,-13.3,-11.4,-9.8,-9.4,-10.6,-12.5,-14.1,-14.5,50.1,45.7,43.3,44.3,48.0,52.7,54.8,53.9,53.8,50.8,48.3,46.7,46.7,48.0,50.3,51.9,52.8,53.7,54.3,54.5,51.4,51.9,50.8,48.9,47.2,46.8,47.9,49.8,39.9,35.5,33.2,34.1,37.9,42.3,44.6,44.1,43.4,40.4,37.9,36.3,36.4,37.6,39.7,41.2,42.2,43.0,43.5,44.0,41.2,41.7,40.6,38.7,37.1,36.7,37.7,39.6,920.6,921.5,921.7,921.0,920.0,919.3,918.9,919.5,924.8,922.3,920.0,918.7,919.0,920.0,921.3,919.6,918.2,918.0,919.4,921.8,920.7,920.5,920.5,920.9,921.4,921.7,921.6,921.2,895.8,897.1,898.2,898.5,897.9,896.6,895.5,895.3,896.6,895.7,895.0,895.3,897.2,899.9,902.7,899.5,896.6,894.7,894.3,895.3,896.9,897.0,897.5,898.1,898.4,898.2,897.7,897.2,0.00,0.00,0.64,0.00,0.00,0.00,0.40,0.52,0.21,0.29,0.40,0.00,0.46,0.00,1.88,0.59,0.22,0.00,0.00,1.00,1.00,0.00,0.00,1.00,1.00,0.00,1.00,0.00,0.00,0.00,1.00,1.00,0.00,0.00,1.00
208,0,14.442,0.98,1,0.120740,-0.084485,-0.989083,-0.042637,-0.056294,-0.997503,0.039,-0.071,200.6,201.2,203.4,205.9,207.2,206.8,204.4,202.0,197.8,198.9,200.8,203.3,205.9,208.1,209.7,208.2,206.0,203.7,201.4,199.3,203.1,204.2,205.1,205.4,204.8,203.7,202.8,202.5,229.7,230.2,232.3,234.9,236.4,236.0,233.8,231.1,227.7,228.9,230.8,233.4,236.0,238.0,239.5,238.4,236.6,234.4,231.9,229.6,232.2,233.3,234.3,234.5,233.8,232.7,231.8,231.6,348.3,345.8,344.4,345.0,347.2,349.8,351.0,350.5,350.2,348.6,347.3,346.4,346.4,347.2,348.4,349.4,349.9,350.4,350.7,350.7,349.0,349.3,348.7,347.6,346.6,346.4,347.0,348.1,343.3,340.7,339.3,339.9,342.1,344.6,346.0,345.7,345.3,343.5,342.1,341.2,341.2,341.8,343.0,344.0,344.6,345.1,345.4,345.7,344.0,344.3,343.7,342.5,341.6,341.3,341.9,343.1,-69.6,-68.6,-64.8,-60.3,-57.9,-58.5,-62.7,-67.2,-75.0,-72.7,-69.2,-64.8,-60.1,-56.4,-53.6,-56.1,-59.9,-64.0,-68.2,-72.0,-65.2,-63.3,-61.6,-61.1,-62.2,-64.2,-65.8,-66.3,-17.7,-16.9,-13.2,-8.8,-6.2,-7.0,-10.6,-15.3,-21.2,-19.0,-15.8,-11.4,-7.0,-3.4,-0.8,-2.7,-5.8,-9.6,-13.8,-18.0,-13.4,-11.5,-9.9,-9.5,-10.7,-12.6,-14.2,-14.6,50.0,45.6,43.2,44.2,48.0,52.7,54.8,53.8,53.6,50.6,48.2,46.6,46.6,48.0,50.2,51.8,52.7,53.6,54.2,54.4,51.3,51.8,50.7,48.8,47.1,46.7,47.8,49.7,40.0,35.7,33.3,34.3,38.1,42.4,44.8,44.2,43.5,40.5,38.0,36.4,36.6,37.7,39.8,41.4,42.4,43.1,43.7,44.1,41.4,41.8,40.8,38.9,37.2,36.8,37.8,39.7,920.3,921.2,921.4,920.8,919.7,919.0,918.6,919.2,924.5,922.0,919.7,918.4,918.7,919.8,921.0,919.3,917.9,917.7,919.1,921.6,920.5,920.2,920.3,920.7,921.1,921.4,921.3,920.9,896.2,897.4,898.6,898.9,898.2,897.0,895.8,895.6,897.0,896.0,895.4,895.7,897.5,900.3,903.1,899.9,896.9,895.1,894.7,895.6,897.2,897.4,897.9,898.4,898.7,898.6,898.1,897.5,0.00,0.00,0.65,0.00,0.00,0.00,0.44,0.45,0.20,0.22,0.36,0.00,0.43,0.00,1.71,0.38,0.18,0.00,0.00,1.00,1.00,0.00,0.00,1.00,1.00,0.00,1.00,0.00,0.00,0.00,1.00,1.00,0.00,0.00,1.00
209,0,14.512,0.98,1,0.121001,-0.082926,-0.989183,-0.043765,-0.055743,-0.997486,0.039,-0.070,200.5,201.1,203.3,205.8,207.1,206.7,204.3,201.8,197.7,198.8,200.7,203.2,205.8,208.0,209.6,208.1,205.9,203.5,201.3,199.2,203.0,204.1,205.1,205.3,204.7,203.7,202.7,202.4,229.6,230.1,232.3,234.8,236.3,235.9,233.7,231.0,227.6,228.8,230.7,233.3,235.9,237.9,239.4,238.3,236.6,234.3,231.9,229.5,232.1,233.3,234.2,234.4,233.7,232.6,231.7,231.5,348.2,345.7,344.4,344.9,347.1,349.8,351.0,350.4,350.1,348.5,347.2,346.3,346.4,347.1,348.4,349.3,349.9,350.4,350.7,350.6,349.0,349.2,348.6,347.6,346.6,346.3,346.9,348.0,343.3,340.8,339.4,339.9,342.2,344.7,346.1,345.8,345.3,343.6,342.2,341.3,341.3,341.9,343.1,344.1,344.7,345.2,345.5,345.7,344.1,344.4,343.7,342.6,341.7,341.4,342.0,343.1,-69.7,-68.7,-64.8,-60.4,-58.0,-58.7,-62.9,-67.3,-75.1,-72.8,-69.3,-64.9,-60.2,-56.5,-53.7,-56.3,-60.0,-64.2,-68.4,-72.1,-65.4,-63.4,-61.7,-61.3,-62.3,-64.3,-66.0,-66.4,-17.8,-17.0,-13.3,-8.9,-6.3,-7.1,-10.8,-15.5,-21.3,-19.2,-15.9,-11.5,-7.1,-3.5,-1.0,-2.9,-5.9,-9.7,-14.0,-18.1,-13.6,-11.6,-10.0,-9.7,-10.8,-12.7,-14.3,-14.7,49.9,45.5,43.1,44.1,47.9,52.6,54.6,53.7,53.4,50.5,48.1,46.5,46.5,47.9,50.2,51.8,52.6,53.5,54.1,54.2,51.2,51.7,50.6,48.7,47.0,46.6,47.6,49.6,40.1,35.7,33.4,34.4,38.2,42.5,44.9,44.3,43.6,40.6,38.1,36.5,36.7,37.9,40.0,41.5,42.5,43.2,43.7,44.2,41.5,41.9,40.9,39.0,37.3,36.9,37.9,39.8,920.1,921.0,921.1,920.5,919.4,918.7,918.4,919.0,924.3,921.8,919.5,918.2,918.4,919.5,920.8,919.1,917.7,917.5,918.9,921.4,920.2,920.0,920.0,920.4,920.9,921.2,921.1,920.7,895.4,896.7,897.8,898.1,897.5,896.2,895.1,894.9,896.2,895.3,894.6,894.9,896.8,899.5,902.3,899.1,896.2,894.3,893.9,894.9,896.5,896.6,897.1,897.7,898.0,897.8,897.3,896.8,0.00,0.00,0.71,0.00,0.00,0.00,0.45,0.31,0.13,0.15,0.44,0.00,0.38,0.00,1.44,0.20,0.13,0.00,0.00,1.00,1.00,0.00,0.00,1.00,1.00,0.00,1.00,0.00,0.00,0.00,1.00,1.00,0.00,0.00,1.00
210,0,14.581,0.98,1,0.122576,-0.082699,-0.989008,-0.043081,-0.055917,-0.997506,0.040,-0.070,200.3,201.0,203.1,205.6,206.9,206.5,204.1,201.6,197.5,198.7,200.5,203.0,205.6,207.8,209.4,207.9,205.7,203.3,201.0,199.0,202.8,203.9,204.9,205.1,204.5,203.5,202.5,202.2,229.4,229.9,232.0,234.6,236.1,235.6,233.5,230.8,227.4,228.6,230.5,233.1,235.6,237.7,239.2,238.1,236.3,234.1,231.6,229.2,231.9,233.0,234.0,234.2,233.5,232.4,231.4,231.2,348.1,345.6,344.3,344.9,347.1,349.7,350.9,350.3,350.0,348.4,347.1,346.3,346.3,347.1,348.3,349.2,349.8,350.3,350.5,350.5,348.9,349.1,348.6,347.5,346.5,346.3,346.8,347.9,343.3,340.8,339.4,339.9,342.2,344.7,346.1,345.7,345.3,343.6,342.2,341.3,341.3,341.9,343.1,344.0,344.7,345.2,345.5,345.7,344.1,344.3,343.7,342.6,341.6,341.4,342.0,343.1,-70.2,-69.2,-65.3,-60.9,-58.5,-59.2,-63.4,-67.8,-75.6,-73.3,-69.8,-65.4,-60.7,-57.0,-54.2,-56.8,-60.5,-64.7,-68.9,-72.7,-65.9,-63.9,-62.2,-61.8,-62.8,-64.8,-66.5,-66.9,-18.2,-17.5,-13.8,-9.3,-6.7,-7.5,-11.2,-15.9,-21.8,-19.6,-16.3,-11.9,-7.5,-4.0,-1.4,-3.3,-6.4,-10.2,-14.4,-18.5,-14.0,-12.1,-10.4,-10.1,-11.2,-13.2,-14.8,-15.1,49.8,45.4,43.0,44.1,47.9,52.6,54.6,53.6,53.3,50.4,48.0,46.4,46.5,47.9,50.2,51.7,52.6,53.5,54.0,54.1,51.2,51.6,50.6,48.7,47.0,46.5,47.6,49.5,40.2,35.8,33.5,34.5,38.3,42.6,45.0,44.4,43.7,40.7,38.2,36.6,36.8,38.0,40.1,41.6,42.6,43.3,43.8,44.3,41.6,42.0,41.0,39.1,37.4,37.0,38.0,39.9,922.3,923.1,923.3,922.7,921.6,920.9,920.6,921.2,926.5,924.0,921.6,920.4,920.6,921.7,923.0,921.3,919.8,919.7,921.1,923.5,922.4,922.1,922.2,922.6,923.1,923.3,923.3,922.9,898.0,899.2,900.4,900.7,900.0,898.7,897.6,897.4,898.8,897.8,897.2,897.5,899.3,902.1,904.8,901.6,898.7,896.9,896.5,897.4,899.0,899.2,899.7,900.2,900.5,900.4,899.9,899.3,0.00,0.00,0.76,0.00,0.00,0.00,0.43,0.18,0.10,0.09,0.53,0.00,0.30,0.00,1.13,0.00,0.24,0.00,0.00,1.00,1.00,0.00,0.00,1.00,1.00,0.00,1.00,0.00,0.00,0.00,1.00,0.00,0.00,0.00,1.00
211,0,14.651,0.98,1,0.120657,-0.083427,-0.989182,-0.044741,-0.057144,-0.997363,0.038,-0.071,200.2,200.8,203.0,205.5,206.8,206.3,203.9,201.5,197.3,198.5,200.4,202.8,205.5,207.6,209.2,207.7,205.5,203.2,200.9,198.8,202.6,203.7,204.7,205.0,204.4,203.3,202.3,202.1,229.3,229.8,232.0,234.5,236.0,235.5,233.4,230.6,227.3,228.5,230.4,233.0,235.6,237.6,239.1,238.0,236.2,234.0,231.5,229.1,231.8,232.9,233.9,234.1,233.4,232.3,231.4,231.1,348.1,345.6,344.2,344.8,347.0,349.7,350.9,350.3,349.9,348.3,347.1,346.2,346.2,347.0,348.3,349.2,349.7,350.2,350.5,350.5,348.8,349.1,348.5,347.4,346.5,346.2,346.8,347.9,343.3,340.8,339.4,340.0,342.2,344.7,346.1,345.8,345.3,343.6,342.2,341.3,341.3,341.9,343.1,344.1,344.7,345.2,345.5,345.7,344.1,344.4,343.8,342.6,341.7,341.4,342.0,343.1,-70.4,-69.4,-65.5,-61.1,-58.7,-59.4,-63.6,-68.0,-75.8,-73.5,-70.0,-65.6,-60.9,-57.2,-54.4,-56.9,-60.7,-64.9,-69.1,-72.8,-66.0,-64.1,-62.4,-61.9,-63.0,-64.9,-66.6,-67.1,-18.4,-17.6,-13.8,-9.4,-6.9,-7.7,-11.4,-16.1,-21.9,-19.7,-16.4,-12.0,-7.6,-4.1,-1.5,-3.4,-6.5,-10.3,-14.6,-18.7,-14.1,-12.2,-10.6,-10.2,-11.3,-13.3,-14.9,-15.2,49.6,45.2,42.8,43.9,47.7,52.4,54.4,53.4,53.1,50.1,47.8,46.2,46.3,47.7,50.0,51.6,52.4,53.3,53.8,53.9,51.0,51.4,50.4,48.5,46.8,46.3,47.4,49.3,40.1,35.7,33.4,34.4,38.2,42.6,44.9,44.3,43.6,40.5,38.0,36.5,36.7,37.9,40.0,41.6,42.6,43.3,43.8,44.2,41.5,41.9,40.9,39.0,37.3,36.9,37.9,39.8,920.3,921.1,921.3,920.7,919.6,918.9,918.6,919.2,924.5,922.0,919.6,918.3,918.6,919.7,920.9,919.3,917.9,917.7,919.1,921.6,920.4,920.2,920.2,920.6,921.0,921.3,921.3,920.9,895.2,896.5,897.6,897.9,897.3,896.0,894.9,894.7,896.1,895.1,894.4,894.7,896.6,899.3,902.1,898.9,896.0,894.2,893.8,894.7,896.3,896.4,896.9,897.5,897.8,897.6,897.1,896.6,0.00,0.00,0.79,0.00,0.00,0.00,0.39,0.05,0.05,0.05,0.58,0.00,0.16,0.00,0.80,0.00,0.32,0.00,0.00,1.00,1.00,0.00,0.00,0.00,1.00,0.00,1.00,0.00,0.00,0.00,1.00,0.00,0.00,0.00,1.00
212,0,14.721,0.98,1,0.121884,-0.080248,-0.989295,-0.043132,-0.055096,-0.997549,0.040,-0.068,200.2,200.9,203.1,205.5,206.8,206.4,204.0,201.5,197.4,198.5,200.4,202.9,205.5,207.7,209.3,207.8,205.6,203.2,200.9,198.9,202.7,203.8,204.7,205.0,204.4,203.4,202.4,202.1,229.3,229.8,232.0,234.6,236.0,235.5,233.4,230.7,227.3,228.5,230.5,233.0,235.6,237.7,239.1,238.0,236.2,234.0,231.5,229.1,231.8,232.9,233.9,234.1,233.5,232.3,231.4,231.2,348.1,345.6,344.3,344.9,347.1,349.7,350.9,350.3,349.9,348.3,347.1,346.2,346.3,347.1,348.4,349.3,349.8,350.3,350.5,350.5,348.9,349.1,348.6,347.5,346.5,346.2,346.8,347.9,343.5,341.0,339.6,340.2,342.4,345.0,346.4,346.0,345.5,343.8,342.4,341.5,341.6,342.2,343.4,344.4,345.0,345.5,345.7,345.9,344.3,344.6,344.0,342.9,341.9,341.6,342.2,343.3,-70.4,-69.3,-65.4,-61.0,-58.6,-59.4,-63.6,-68.0,-75.8,-73.5,-69.9,-65.5,-60.8,-57.1,-54.4,-56.9,-60.7,-64.9,-69.0,-72.8,-66.0,-64.1,-62.4,-61.9,-62.9,-64.9,-66.6,-67.0,-18.3,-17.5,-13.8,-9.4,-6.8,-7.7,-11.4,-16.1,-21.9,-19.7,-16.4,-12.0,-7.6,-4.1,-1.5,-3.4,-6.5,-10.3,-14.6,-18.7,-14.1,-12.2,-10.6,-10.2,-11.3,-13.2,-14.9,-15.2,49.7,45.3,43.0,44.0,47.8,52.5,54.6,53.5,53.2,50.2,47.9,46.3,46.4,47.9,50.2,51.8,52.6,53.4,54.0,54.0,51.1,51.5,50.5,48.6,46.9,46.5,47.5,49.4,40.5,36.2,33.9,34.9,38.8,43.1,45.4,44.7,44.0,41.0,38.5,37.0,37.2,38.4,40.6,42.1,43.1,43.8,44.3,44.6,42.0,42.4,41.4,39.5,37.8,37.4,38.4,40.3,921.3,922.2,922.3,921.7,920.7,920.0,919.7,920.3,925.6,923.1,920.7,919.4,919.6,920.7,922.0,920.3,918.9,918.8,920.2,922.7,921.5,921.2,921.3,921.6,922.1,922.4,922.3,921.9,897.3,898.5,899.7,900.0,899.3,898.1,897.0,896.8,898.2,897.2,896.5,896.8,898.6,901.4,904.2,901.0,898.1,896.3,895.9,896.8,898.4,898.5,899.0,899.6,899.8,899.7,899.2,898.7,0.00,0.00,0.83,0.00,0.00,0.00,0.38,0.03,0.05,0.09,0.60,0.00,0.07,0.00,0.57,0.00,0.43,0.00,0.00,1.00,1.00,0.00,0.00,0.00,1.00,0.00,1.00,0.00,0.00,0.00,1.00,0.00,0.00,0.00,1.00
213,0,14.791,0.98,1,0.124517,-0.067644,-0.989909,-0.041290,-0.044965,-0.998135,0.042,-0.057,200.5,201.2,203.4,205.9,207.1,206.7,204.3,201.8,197.6,198.8,200.7,203.2,205.9,208.0,209.6,208.1,205.9,203.5,201.2,199.2,203.0,204.1,205.0,205.3,204.8,203.7,202.7,202.4,229.7,230.3,232.5,235.0,236.5,235.9,233.7,231.0,227.7,228.9,230.9,233.5,236.0,238.1,239.5,238.4,236.6,234.4,231.9,229.5,232.2,233.3,234.3,234.5,233.9,232.8,231.8,231.6,348.1,345.6,344.3,345.0,347.2,349.9,351.0,350.4,349.9,348.3,347.1,346.3,346.4,347.2,348.5,349.4,350.0,350.4,350.6,350.5,348.9,349.2,348.7,347.6,346.6,346.3,346.9,348.0,343.9,341.4,340.0,340.7,342.9,345.5,346.8,346.4,345.9,344.2,342.8,342.0,342.1,342.7,343.9,344.9,345.5,345.9,346.2,346.4,344.8,345.1,344.5,343.4,342.4,342.1,342.7,343.8,-69.7,-68.6,-64.6,-60.2,-57.9,-58.7,-63.0,-67.4,-75.1,-72.8,-69.3,-64.8,-60.1,-56.4,-53.7,-56.3,-60.1,-64.3,-68.4,-72.2,-65.4,-63.4,-61.7,-61.2,-62.2,-64.2,-65.9,-66.4,-17.6,-16.7,-13.0,-8.6,-6.1,-7.0,-10.8,-15.4,-21.3,-19.0,-15.7,-11.2,-6.8,-3.3,-0.8,-2.7,-5.8,-9.6,-13.9,-18.0,-13.4,-11.5,-9.9,-9.5,-10.5,-12.5,-14.1,-14.5,49.7,45.3,43.0,44.1,48.0,52.7,54.6,53.5,53.0,50.1,47.9,46.4,46.5,48.0,50.4,51.9,52.7,53.5,54.0,53.9,51.1,51.6,50.6,48.7,47.0,46.5,47.5,49.4,41.2,36.8,34.6,35.7,39.5,43.9,46.1,45.4,44.6,41.6,39.2,37.8,38.0,39.2,41.4,43.0,43.9,44.6,45.0,45.3,42.7,43.2,42.2,40.3,38.6,38.1,39.1,41.0,919.4,920.2,920.3,919.7,918.7,918.1,917.8,918.4,923.7,921.1,918.7,917.4,917.7,918.8,920.1,918.5,917.1,916.9,918.3,920.8,919.6,919.3,919.4,919.7,920.1,920.4,920.3,920.0,895.7,896.9,897.9,898.3,897.7,896.5,895.4,895.2,896.5,895.5,894.9,895.1,897.0,899.8,902.6,899.4,896.5,894.7,894.3,895.2,896.8,896.9,897.4,897.9,898.2,898.0,897.6,897.0,0.00,0.00,0.81,0.00,0.00,0.00,0.38,0.01,0.07,0.12,0.49,0.00,0.03,0.00,0.46,0.00,0.48,0.00,0.00,1.00,1.00,0.00,0.00,0.00,1.00,1.00,1.00,0.00,0.00,0.00,1.00,0.00,0.00,0.00,1.00
214,0,14.860,0.98,1,0.132922,-0.052622,-0.989729,-0.034712,-0.031609,-0.998897,0.049,-0.042,201.2,201.9,204.1,206.6,207.9,207.3,204.9,202.4,198.3,199.5,201.4,203.9,206.6,208.7,210.3,208.8,206.6,204.2,201.8,199.8,203.7,204.7,205.7,206.0,205.5,204.4,203.4,203.1,230.5,231.0,233.2,235.7,237.2,236.6,234.4,231.7,228.3,229.6,231.6,234.2,236.7,238.8,240.2,239.1,237.3,235.1,232.6,230.2,232.9,234.0,235.0,235.2,234.6,233.5,232.5,232.3,348.4,345.9,344.6,345.3,347.5,350.2,351.3,350.6,350.0,348.5,347.4,346.6,346.7,347.6,348.9,349.8,350.3,350.7,350.9,350.7,349.2,349.5,348.9,347.9,346.9,346.6,347.1,348.2,344.5,342.0,340.6,341.3,343.6,346.1,347.4,347.0,346.5,344.8,343.4,342.6,342.7,343.3,344.5,345.5,346.1,346.6,346.8,346.9,345.4,345.7,345.1,344.0,343.0,342.7,343.3,344.4,-68.5,-67.3,-63.3,-58.9,-56.7,-57.6,-61.8,-66.2,-74.0,-71.6,-68.0,-63.5,-58.8,-55.2,-52.5,-55.1,-58.9,-63.1,-67.3,-71.0,-64.2,-62.2,-60.5,-60.0,-61.0,-62.9,-64.6,-65.1,-16.4,-15.5,-11.8,-7.3,-4.9,-5.8,-9.6,-14.3,-20.1,-17.8,-14.5,-10.0,-5.6,-2.1,0.3,-1.6,-4.7,-8.5,-12.8,-16.9,-12.3,-10.3,-8.7,-8.3,-9.3,-11.3,-12.9,-13.3,50.0,45.7,43.4,44.6,48.5,53.2,55.1,54.0,53.2,50.4,48.3,46.8,47.1,48.6,51.0,52.5,53.3,54.0,54.4,54.3,51.5,52.1,51.1,49.2,47.4,46.9,47.9,49.8,42.3,37.9,35.7,36.8,40.7,45.1,47.3,46.5,45.6,42.7,40.3,38.9,39.2,40.4,42.6,44.2,45.1,45.8,46.1,46.4,43.8,44.3,43.3,41.4,39.7,39.2,40.2,42.1,919.0,919.7,919.8,919.3,918.4,917.8,917.5,918.1,923.3,920.7,918.3,917.0,917.3,918.4,919.8,918.2,916.7,916.6,918.0,920.4,919.2,919.0,919.0,919.3,919.7,920.0,919.9,919.6,897.8,899.0,900.0,900.4,899.9,898.7,897.7,897.4,898.7,897.7,897.0,897.3,899.1,902.0,904.8,901.6,898.7,896.9,896.5,897.4,899.0,899.1,899.6,900.1,900.3,900.2,899.7,899.2,0.00,0.00,0.72,0.00,0.00,0.00,0.29,0.00,0.08,0.14,0.54,0.00,0.05,0.00,0.50,0.00,0.50,0.00,0.00,1.00,1.00,0.00,0.00,0.00,1.00,1.00,1.00,0.00,0.00,0.00,1.00,0.00,0.00,0.00,1.00
215,0,14.930,0.98,1,0.140692,-0.041233,-0.989194,-0.026809,-0.023327,-0.999368,0.057,-0.032,202.4,203.1,205.4,207.8,209.0,208.5,206.0,203.6,199.4,200.7,202.6,205.1,207.8,209.9,211.4,209.9,207.7,205.3,203.0,200.9,204.8,205.9,206.9,207.2,206.7,205.6,204.6,204.3,231.6,232.2,234.4,236.9,238.3,237.7,235.5,232.8,229.4,230.8,232.7,235.3,237.8,239.8,241.2,240.1,238.4,236.1,233.7,231.3,234.0,235.1,236.1,236.3,235.7,234.6,233.6,233.4,348.4,345.9,344.7,345.4,347.7,350.4,351.4,350.7,350.0,348.6,347.4,346.7,346.9,347.8,349.1,350.0,350.4,350.8,350.9,350.7,349.3,349.6,349.1,348.0,347.0,346.7,347.2,348.3,345.1,342.6,341.3,342.0,344.3,346.8,348.1,347.6,347.0,345.3,344.0,343.2,343.4,344.0,345.2,346.2,346.8,347.2,347.4,347.5,346.0,346.3,345.7,344.6,343.6,343.3,343.9,345.0,-66.4,-65.2,-61.2,-56.8,-54.6,-55.6,-59.9,-64.3,-72.0,-69.6,-65.9,-61.4,-56.8,-53.1,-50.5,-53.1,-56.9,-61.1,-65.3,-69.1,-62.2,-60.3,-58.5,-58.0,-58.9,-60.8,-62.6,-63.1,-14.6,-13.6,-9.8,-5.4,-3.0,-4.0,-7.8,-12.5,-18.3,-16.0,-12.6,-8.1,-3.7,-0.3,2.2,0.2,-2.9,-6.7,-10.9,-15.1,-10.4,-8.5,-6.8,-6.4,-7.4,-9.4,-11.0,-11.5,50.2,45.8,43.7,44.9,48.9,53.6,55.4,54.2,53.3,50.5,48.4,47.1,47.4,49.0,51.4,52.9,53.6,54.3,54.6,54.4,51.8,52.3,51.4,49.5,47.7,47.2,48.1,50.0,43.4,39.1,36.9,38.1,42.1,46.4,48.6,47.8,46.8,43.8,41.5,40.2,40.5,41.8,44.0,45.6,46.5,47.1,47.4,47.6,45.0,45.5,44.6,42.7,41.0,40.4,41.4,43.3,919.7,920.4,920.5,920.0,919.1,918.6,918.3,918.8,923.9,921.4,919.0,917.7,918.0,919.2,920.6,919.0,917.5,917.4,918.7,921.1,920.0,919.7,919.8,920.1,920.5,920.7,920.6,920.3,901.3,902.4,903.5,904.0,903.5,902.3,901.2,901.0,902.2,901.2,900.5,900.8,902.7,905.6,908.4,905.3,902.3,900.5,900.0,900.9,902.5,902.7,903.2,903.7,903.9,903.7,903.2,902.7,0.00,0.00,0.63,0.00,0.00,0.00,0.19,0.00,0.06,0.07,0.51,0.05,0.02,0.00,0.46,0.00,0.53,0.00,0.00,1.00,1.00,0.00,0.00,0.00,0.00,1.00,1.00,0.00,0.00,0.00,1.00,0.00,0.00,0.00,1.00
216,0,15.000,0.98,1,0.144051,-0.035340,-0.988939,-0.023090,-0.019509,-0.999543,0.061,-0.028,203.4,204.2,206.4,208.9,210.1,209.5,207.0,204.6,200.4,201.7,203.7,206.2,208.8,210.9,212.5,210.9,208.7,206.3,204.0,201.9,205.8,206.9,207.9,208.2,207.7,206.6,205.6,205.3,232.7,233.3,235.5,238.0,239.4,238.8,236.6,233.9,230.5,231.9,233.8,236.4,239.0,241.0,242.3,241.2,239.4,237.2,234.8,232.4,235.1,236.2,237.2,237.4,236.8,235.7,234.8,234.5,348.7,346.2,345.0,345.7,348.0,350.7,351.7,351.0,350.3,348.8,347.7,347.0,347.2,348.1,349.4,350.3,350.8,351.1,351.2,351.0,349.6,349.9,349.4,348.3,347.3,347.0,347.5,348.6,345.6,343.1,341.8,342.5,344.8,347.4,348.7,348.2,347.5,345.9,344.5,343.8,343.9,344.6,345.8,346.8,347.4,347.8,348.0,348.1,346.5,346.8,346.3,345.2,344.2,343.9,344.4,345.5,-64.4,-63.1,-59.1,-54.8,-52.6,-53.6,-58.0,-62.3,-70.0,-67.6,-63.9,-59.4,-54.7,-51.1,-48.5,-51.1,-54.9,-59.2,-63.3,-67.1,-60.2,-58.3,-56.5,-55.9,-56.9,-58.8,-60.5,-61.1,-12.6,-11.6,-7.8,-3.4,-1.1,-2.1,-5.9,-10.6,-16.4,-14.0,-10.6,-6.2,-1.8,1.7,4.1,2.1,-1.0,-4.8,-9.0,-13.2,-8.5,-6.6,-4.9,-4.5,-5.5,-7.4,-9.1,-9.5,50.5,46.1,44.0,45.3,49.3,54.0,55.8,54.5,53.5,50.7,48.7,47.4,47.8,49.4,51.9,53.3,54.0,54.6,54.9,54.6,52.1,52.7,51.7,49.8,48.1,47.5,48.5,50.4,44.3,40.0,37.8,39.1,43.0,47.3,49.5,48.6,47.6,44.7,42.4,41.1,41.4,42.7,45.0,46.5,47.5,48.0,48.3,48.4,45.9,46.5,45.5,43.6,41.9,41.3,42.3,44.2,916.4,917.1,917.2,916.7,915.9,915.4,915.1,915.6,920.7,918.1,915.7,914.4,914.8,916.0,917.4,915.8,914.3,914.1,915.5,917.9,916.7,916.5,916.5,916.8,917.2,917.4,917.4,917.1,899.7,900.8,902.0,902.4,902.0,900.8,899.7,899.4,900.6,899.6,898.9,899.3,901.2,904.1,907.0,903.8,900.9,899.0,898.5,899.4,900.9,901.1,901.6,902.1,902.3,902.1,901.6,901.1,0.00,0.00,0.54,0.00,0.00,0.00,0.15,0.00,0.02,0.04,0.56,0.11,0.02,0.01,0.27,0.00,0.38,0.00,0.00,1.00,1.00,0.00,0.00,0.00,0.00,1.00,1.00,0.00,1.00,0.00,1.00,0.00,0.00,0.00,1.00
217,0,15.070,0.98,1,0.149176,-0.024861,-0.988498,-0.017954,-0.010875,-0.999780,0.066,-0.018,204.1,204.9,207.2,209.7,210.8,210.2,207.7,205.3,201.1,202.4,204.4,207.0,209.6,211.7,213.2,211.7,209.4,207.0,204.7,202.6,206.5,207.6,208.6,209.0,208.5,207.4,206.4,206.0,233.6,234.2,236.4,238.9,240.3,239.7,237.4,234.8,231.4,232.8,234.7,237.3,239.9,241.8,243.2,242.1,240.3,238.1,235.7,233.3,236.0,237.1,238.0,238.3,237.7,236.6,235.7,235.4,348.6,346.2,345.0,345.7,348.1,350.7,351.8,351.0,350.2,348.7,347.6,347.0,347.2,348.1,349.5,350.4,350.8,351.2,351.2,351.0,349.6,349.9,349.4,348.3,347.3,347.0,347.5,348.6,345.9,343.3,342.1,342.8,345.1,347.6,348.9,348.4,347.7,346.1,344.8,344.0,344.2,344.9,346.1,347.1,347.7,348.1,348.3,348.3,346.8,347.1,346.5,345.4,344.4,344.1,344.7,345.8,-62.9,-61.5,-57.5,-53.2,-51.1,-52.1,-56.5,-60.8,-68.5,-66.0,-62.3,-57.8,-53.2,-49.6,-47.0,-49.6,-53.4,-57.7,-61.8,-65.6,-58.7,-56.8,-55.0,-54.4,-55.3,-57.2,-59.0,-59.6,-11.1,-10.0,-6.2,-1.9,0.5,-0.6,-4.4,-9.0,-14.8,-12.5,-9.1,-4.6,-0.2,3.2,5.6,3.6,0.6,-3.2,-7.5,-11.6,-7.0,-5.1,-3.4,-2.9,-3.9,-5.8,-7.5,-8.0,50.2,45.9,43.8,45.1,49.2,53.8,55.6,54.2,53.1,50.4,48.4,47.2,47.6,49.3,51.8,53.2,53.9,54.5,54.7,54.3,51.9,52.5,51.6,49.7,47.9,47.3,48.2,50.1,44.7,40.4,38.2,39.5,43.5,47.8,49.9,49.0,48.0,45.0,42.7,41.5,41.9,43.2,45.5,47.1,48.0,48.5,48.7,48.8,46.3,46.9,46.0,44.1,42.3,41.7,42.7,44.6,912.9,913.5,913.6,913.2,912.4,912.0,911.6,912.1,917.2,914.6,912.2,910.9,911.3,912.5,913.9,912.3,910.9,910.7,912.0,914.4,913.2,913.0,913.1,913.3,913.7,913.9,913.8,913.6,899.5,900.6,901.8,902.3,901.8,900.7,899.6,899.3,900.4,899.4,898.7,899.1,901.1,903.9,906.9,903.7,900.8,898.8,898.4,899.2,900.8,901.0,901.5,902.0,902.2,901.9,901.5,901.0,0.00,0.00,0.49,0.00,0.00,0.00,0.15,0.00,0.00,0.12,0.58,0.22,0.00,0.07,0.09,0.00,0.29,0.00,0.00,1.00,1.00,0.00,0.00,0.00,0.00,1.00,1.00,0.00,1.00,0.00,1.00,0.00,0.00,0.00,1.00
218,0,15.140,0.98,1,0.145559,-0.021383,-0.989119,-0.021649,-0.008566,-0.999729,0.062,-0.015,204.5,205.3,207.6,210.1,211.2,210.6,208.1,205.7,201.5,202.8,204.8,207.4,210.0,212.1,213.6,212.0,209.8,207.4,205.1,203.0,206.9,208.0,209.0,209.4,208.9,207.8,206.8,206.4,234.0,234.6,236.8,239.3,240.7,240.1,237.8,235.2,231.8,233.2,235.2,237.8,240.3,242.3,243.6,242.5,240.7,238.5,236.1,233.7,236.4,237.5,238.5,238.7,238.1,237.0,236.1,235.8,348.7,346.2,345.0,345.8,348.1,350.8,351.8,351.0,350.2,348.7,347.7,347.0,347.3,348.2,349.6,350.4,350.9,351.2,351.2,351.0,349.6,350.0,349.5,348.4,347.3,347.0,347.5,348.6,346.0,343.5,342.2,342.9,345.3,347.8,349.0,348.5,347.9,346.2,344.9,344.2,344.3,345.0,346.2,347.2,347.9,348.2,348.4,348.4,346.9,347.2,346.7,345.6,344.6,344.2,344.8,345.9,-62.3,-61.0,-56.9,-52.6,-50.5,-51.6,-55.9,-60.3,-68.0,-65.5,-61.8,-57.2,-52.6,-49.0,-46.4,-49.1,-52.9,-57.1,-61.3,-65.1,-58.1,-56.2,-54.4,-53.8,-54.7,-56.6,-58.4,-59.0,-10.4,-9.3,-5.5,-1.1,1.2,0.1,-3.7,-8.3,-14.1,-11.8,-8.3,-3.9,0.5,3.9,6.3,4.3,1.3,-2.5,-6.8,-10.9,-6.3,-4.4,-2.7,-2.2,-3.2,-5.1,-6.8,-7.3,50.4,46.0,43.9,45.3,49.4,54.0,55.8,54.4,53.3,50.6,48.6,47.4,47.8,49.5,52.0,53.4,54.1,54.6,54.8,54.5,52.1,52.7,51.8,49.9,48.1,47.5,48.4,50.3,44.9,40.6,38.5,39.8,43.8,48.1,50.2,49.3,48.2,45.3,43.0,41.7,42.1,43.5,45.7,47.3,48.2,48.7,49.0,49.1,46.6,47.1,46.2,44.3,42.6,42.0,42.9,44.8,915.0,915.7,915.8,915.3,914.5,914.1,913.8,914.2,919.3,916.7,914.3,913.0,913.4,914.6,916.0,914.4,913.0,912.8,914.1,916.5,915.3,915.1,915.2,915.4,915.8,916.0,916.0,915.7,900.1,901.2,902.3,902.8,902.4,901.3,900.2,899.8,901.0,900.0,899.3,899.7,901.6,904.5,907.4,904.2,901.3,899.4,898.9,899.8,901.3,901.6,902.0,902.5,902.7,902.5,902.0,901.5,0.00,0.00,0.42,0.00,0.00,0.00,0.17,0.00,0.02,0.25,0.57,0.26,0.00,0.19,0.03,0.00,0.12,0.00,0.00,1.00,1.00,0.00,0.00,0.00,0.00,1.00,1.00,0.00,1.00,0.00,1.00,0.00,0.00,0.00,1.00
219,0,15.209,0.98,1,0.144304,-0.016686,-0.989393,-0.023491,-0.004569,-0.999714,0.061,-0.011,204.7,205.5,207.8,210.3,211.4,210.8,208.3,205.8,201.7,203.0,205.0,207.5,210.2,212.3,213.8,212.2,210.0,207.6,205.2,203.2,207.1,208.2,209.2,209.5,209.0,208.0,207.0,206.6,234.2,234.8,237.0,239.6,240.9,240.3,238.0,235.4,232.0,233.4,235.4,238.0,240.5,242.5,243.8,242.7,240.9,238.7,236.2,233.9,236.6,237.7,238.6,238.9,238.3,237.2,236.3,236.0,348.7,346.3,345.1,345.9,348.2,350.9,351.9,351.1,350.2,348.8,347.8,347.1,347.4,348.3,349.7,350.5,350.9,351.3,351.3,351.0,349.7,350.1,349.5,348.5,347.4,347.1,347.6,348.7,346.1,343.6,342.3,343.1,345.4,347.9,349.2,348.7,348.0,346.4,345.1,344.3,344.5,345.2,346.4,347.4,348.0,348.4,348.5,348.6,347.1,347.4,346.8,345.7,344.7,344.4,344.9,346.0,-62.0,-60.6,-56.6,-52.2,-50.2,-51.3,-55.6,-59.9,-67.7,-65.1,-61.4,-56.9,-52.3,-48.7,-46.1,-48.8,-52.6,-56.8,-61.0,-64.8,-57.8,-55.9,-54.1,-53.5,-54.4,-56.3,-58.1,-58.7,-10.0,-9.0,-5.1,-0.8,1.5,0.4,-3.4,-8.0,-13.8,-11.4,-8.0,-3.5,0.8,4.3,6.7,4.7,1.6,-2.2,-6.5,-10.6,-5.9,-4.0,-2.3,-1.9,-2.9,-4.8,-6.5,-6.9,50.5,46.1,44.1,45.5,49.5,54.2,55.9,54.5,53.3,50.7,48.7,47.5,48.0,49.7,52.1,53.6,54.2,54.8,54.9,54.6,52.2,52.8,51.9,50.0,48.2,47.6,48.5,50.4,45.1,40.8,38.7,40.0,44.0,48.3,50.4,49.5,48.4,45.5,43.2,42.0,42.4,43.7,46.0,47.5,48.4,49.0,49.2,49.3,46.8,47.4,46.4,44.5,42.8,42.2,43.1,45.0,914.7,915.3,915.4,914.9,914.2,913.8,913.5,914.0,919.0,916.4,914.0,912.7,913.1,914.3,915.7,914.1,912.7,912.5,913.8,916.2,915.0,914.8,914.9,915.1,915.5,915.7,915.6,915.4,899.4,900.4,901.5,902.0,901.6,900.5,899.4,899.1,900.2,899.2,898.6,898.9,900.8,903.7,906.7,903.5,900.6,898.7,898.2,899.0,900.6,900.8,901.3,901.8,902.0,901.7,901.3,900.8,0.00,0.00,0.43,0.00,0.00,0.00,0.16,0.00,0.05,0.38,0.52,0.26,0.00,0.28,0.05,0.00,0.07,0.00,0.00,1.00,1.00,0.00,0.00,0.00,0.00,1.00,1.00,0.00,1.00,0.00,1.00,0.00,0.00,0.00,1.00
220,0,15.279,0.98,1,0.146389,-0.012140,-0.989153,-0.022134,-0.000017,-0.999755,0.062,-0.006,204.9,205.7,208.0,210.5,211.6,211.0,208.5,206.0,201.8,203.2,205.2,207.7,210.4,212.5,214.0,212.4,210.2,207.8,205.4,203.4,207.3,208.4,209.4,209.7,209.3,208.2,207.2,206.8,234.3,234.9,237.2,239.7,241.0,240.4,238.2,235.5,232.1,233.5,235.5,238.1,240.6,242.6,243.9,242.8,241.1,238.9,236.4,234.0,236.7,237.8,238.8,239.1,238.5,237.4,236.4,236.1,348.9,346.4,345.2,346.0,348.4,351.0,352.0,351.2,350.3,348.9,347.9,347.3,347.5,348.4,349.8,350.7,351.1,351.4,351.4,351.1,349.8,350.2,349.7,348.6,347.6,347.2,347.7,348.8,346.3,343.8,342.5,343.2,345.6,348.1,349.4,348.8,348.2,346.5,345.2,344.5,344.6,345.3,346.5,347.6,348.2,348.5,348.7,348.7,347.2,347.5,347.0,345.9,344.9,344.5,345.1,346.2,-61.6,-60.1,-56.1,-51.8,-49.7,-50.8,-55.2,-59.5,-67.2,-64.7,-61.0,-56.4,-51.8,-48.2,-45.7,-48.3,-52.1,-56.4,-60.6,-64.3,-57.3,-55.4,-53.7,-53.1,-53.9,-55.8,-57.6,-58.2,-9.8,-8.7,-4.9,-0.6,1.8,0.7,-3.2,-7.8,-13.6,-11.2,-7.8,-3.3,1.1,4.5,6.9,4.9,1.8,-2.0,-6.2,-10.4,-5.7,-3.8,-2.1,-1.6,-2.7,-4.6,-6.2,-6.7,50.6,46.3,44.2,45.6,49.7,54.4,56.1,54.7,53.4,50.8,48.8,47.7,48.1,49.8,52.3,53.8,54.4,54.9,55.1,54.7,52.3,52.9,52.0,50.2,48.4,47.8,48.7,50.5,45.4,41.1,38.9,40.2,44.2,48.6,50.7,49.8,48.7,45.8,43.5,42.2,42.6,43.9,46.2,47.8,48.7,49.2,49.5,49.6,47.0,47.6,46.7,44.8,43.0,42.5,43.4,45.3,913.0,913.6,913.7,913.2,912.4,912.1,911.8,912.3,917.3,914.7,912.3,911.0,911.3,912.5,914.0,912.4,911.0,910.8,912.1,914.5,913.3,913.1,913.2,913.4,913.7,914.0,913.9,913.7,898.9,900.0,901.1,901.6,901.2,900.1,899.0,898.6,899.8,898.7,898.1,898.4,900.4,903.3,906.2,903.1,900.1,898.2,897.7,898.6,900.1,900.4,900.9,901.3,901.5,901.3,900.8,900.3,0.00,0.00,0.44,0.00,0.00,0.00,0.17,0.00,0.11,0.37,0.36,0.22,0.00,0.38,0.05,0.00,0.00,0.00,0.00,1.00,1.00,0.00,0.00,0.00,0.00,1.00,1.00,0.00,1.00,0.00,1.00,0.00,0.00,0.00,1.00
221,0,15.349,0.98,1,0.147315,-0.009069,-0.989048,-0.021226,0.002729,-0.999771,0.063,-0.003,205.0,205.9,208.2,210.6,211.8,211.1,208.6,206.2,202.0,203.3,205.3,207.9,210.5,212.6,214.1,212.6,210.3,207.9,205.6,203.5,207.5,208.5,209.5,209.9,209.4,208.3,207.3,207.0,234.5,235.1,237.3,239.8,241.2,240.5,238.3,235.6,232.3,233.6,235.6,238.2,240.8,242.7,244.1,243.0,241.2,239.0,236.5,234.1,236.9,238.0,238.9,239.2,238.6,237.5,236.5,236.3,349.0,346.5,345.3,346.1,348.5,351.1,352.1,351.3,350.4,349.0,348.0,347.4,347.6,348.6,349.9,350.8,351.2,351.5,351.5,351.2,349.9,350.3,349.8,348.7,347.7,347.3,347.8,348.9,346.5,343.9,342.7,343.4,345.7,348.3,349.5,349.0,348.3,346.7,345.4,344.6,344.8,345.5,346.7,347.7,348.3,348.7,348.8,348.9,347.4,347.7,347.1,346.0,345.0,344.7,345.3,346.4,-61.3,-59.9,-55.8,-51.5,-49.5,-50.6,-55.0,-59.3,-67.0,-64.5,-60.8,-56.2,-51.6,-48.0,-45.4,-48.1,-51.9,-56.2,-60.4,-64.1,-57.1,-55.2,-53.5,-52.8,-53.7,-55.6,-57.4,-58.0,-9.5,-8.5,-4.7,-0.3,2.0,0.9,-2.9,-7.5,-13.3,-11.0,-7.5,-3.0,1.3,4.7,7.1,5.2,2.1,-1.7,-6.0,-10.1,-5.4,-3.5,-1.9,-1.4,-2.4,-4.3,-6.0,-6.5,50.8,46.5,44.4,45.9,49.9,54.6,56.3,54.8,53.6,51.0,49.0,47.9,48.4,50.1,52.6,54.0,54.6,55.1,55.2,54.9,52.5,53.1,52.3,50.4,48.6,48.0,48.9,50.7,45.7,41.4,39.2,40.6,44.5,48.9,51.0,50.1,49.0,46.1,43.8,42.5,42.9,44.3,46.5,48.1,49.0,49.5,49.8,49.9,47.3,47.9,47.0,45.1,43.4,42.8,43.7,45.6,913.7,914.3,914.3,913.9,913.1,912.7,912.4,912.9,918.0,915.4,912.9,911.6,912.0,913.2,914.6,913.0,911.6,911.4,912.8,915.2,914.0,913.8,913.8,914.1,914.4,914.6,914.6,914.3,899.7,900.8,901.9,902.4,902.0,900.9,899.8,899.4,900.6,899.5,898.9,899.2,901.2,904.1,907.0,903.9,900.9,899.0,898.5,899.4,901.0,901.2,901.7,902.1,902.3,902.1,901.6,901.1,0.00,0.00,0.45,0.00,0.00,0.00,0.16,0.00,0.17,0.36,0.20,0.18,0.00,0.43,0.02,0.00,0.00,0.00,0.00,1.00,1.00,0.00,0.00,0.00,0.00,1.00,1.00,0.00,0.00,0.00,1.00,0.00,0.00,0.00,0.00
222,0,15.419,0.98,1,0.146924,-0.005734,-0.989131,-0.021800,0.006094,-0.999744,0.063,0.000,205.0,205.8,208.2,210.6,211.7,211.1,208.6,206.1,201.9,203.3,205.3,207.9,210.5,212.6,214.1,212.5,210.3,207.9,205.5,203.5,207.4,208.5,209.5,209.9,209.4,208.3,207.3,206.9,234.4,235.0,237.3,239.8,241.1,240.5,238.3,235.6,232.2,233.6,235.6,238.2,240.7,242.7,244.0,242.9,241.2,239.0,236.5,234.1,236.8,237.9,238.9,239.1,238.6,237.5,236.5,236.2,349.1,346.6,345.4,346.3,348.6,351.3,352.3,351.4,350.6,349.2,348.1,347.5,347.8,348.7,350.1,351.0,351.4,351.7,351.7,351.4,350.1,350.4,349.9,348.8,347.8,347.5,348.0,349.1,346.6,344.1,342.8,343.5,345.9,348.4,349.7,349.1,348.5,346.8,345.5,344.8,344.9,345.6,346.8,347.8,348.5,348.8,349.0,349.0,347.5,347.8,347.3,346.2,345.2,344.8,345.4,346.5,-61.4,-59.9,-55.9,-51.6,-49.5,-50.6,-55.0,-59.3,-67.0,-64.5,-60.8,-56.2,-51.6,-48.0,-45.5,-48.1,-52.0,-56.2,-60.4,-64.1,-57.1,-55.2,-53.5,-52.8,-53.7,-55.6,-57.4,-58.0,-9.6,-8.6,-4.7,-0.4,1.9,0.8,-3.0,-7.6,-13.4,-11.0,-7.6,-3.1,1.2,4.7,7.0,5.1,2.0,-1.8,-6.1,-10.2,-5.5,-3.6,-1.9,-1.5,-2.5,-4.4,-6.1,-6.5,51.0,46.7,44.6,46.1,50.1,54.8,56.5,55.1,53.8,51.2,49.3,48.1,48.6,50.3,52.8,54.2,54.8,55.3,55.5,55.1,52.7,53.4,52.5,50.6,48.8,48.2,49.1,51.0,45.9,41.6,39.4,40.7,44.7,49.0,51.2,50.3,49.2,46.3,44.0,42.7,43.1,44.4,46.7,48.3,49.2,49.7,50.0,50.1,47.5,48.1,47.2,45.3,43.5,43.0,43.9,45.8,912.8,913.4,913.4,912.9,912.2,911.8,911.5,912.0,917.1,914.5,912.0,910.7,911.1,912.3,913.7,912.1,910.7,910.6,911.9,914.3,913.1,912.9,912.9,913.2,913.5,913.7,913.7,913.4,898.7,899.8,900.9,901.4,901.0,899.9,898.8,898.5,899.6,898.5,897.9,898.2,900.2,903.1,906.0,902.9,899.9,898.0,897.5,898.4,900.0,900.2,900.7,901.1,901.3,901.1,900.6,900.1,0.00,0.00,0.38,0.00,0.00,0.00,0.11,0.00,0.23,0.31,0.09,0.19,0.00,0.54,0.00,0.00,0.00,0.00,0.00,1.00,1.00,0.00,0.00,0.00,0.00,1.00,1.00,0.00,0.00,0.00,1.00,0.00,0.00,0.00,0.00
223,0,15.488,0.98,1,0.147433,-0.003203,-0.989067,-0.021968,0.008880,-0.999719,0.063,0.003,205.0,205.8,208.1,210.6,211.7,211.0,208.5,206.1,201.9,203.2,205.3,207.8,210.5,212.6,214.1,212.5,210.3,207.8,205.5,203.4,207.4,208.4,209.5,209.8,209.3,208.3,207.2,206.9,234.4,235.0,237.2,239.7,241.1,240.5,238.2,235.6,232.2,233.6,235.6,238.2,240.7,242.7,244.0,242.9,241.1,238.9,236.5,234.1,236.8,237.9,238.8,239.1,238.5,237.4,236.5,236.2,349.2,346.7,345.6,346.4,348.7,351.4,352.4,351.6,350.7,349.3,348.3,347.6,347.9,348.8,350.2,351.1,351.5,351.8,351.8,351.5,350.2,350.6,350.1,349.0,347.9,347.6,348.1,349.2,346.7,344.2,342.9,343.6,346.0,348.5,349.8,349.2,348.6,346.9,345.6,344.9,345.1,345.7,346.9,347.9,348.6,349.0,349.1,349.1,347.6,347.9,347.4,346.3,345.3,344.9,345.5,346.6,-61.4,-60.0,-55.9,-51.6,-49.6,-50.7,-55.1,-59.4,-67.0,-64.5,-60.8,-56.3,-51.6,-48.1,-45.5,-48.2,-52.0,-56.2,-60.4,-64.2,-57.2,-55.3,-53.5,-52.9,-53.8,-55.7,-57.4,-58.1,-9.7,-8.6,-4.8,-0.4,1.9,0.8,-3.0,-7.7,-13.5,-11.1,-7.7,-3.2,1.2,4.6,7.0,5.0,1.9,-1.9,-6.1,-10.3,-5.6,-3.7,-2.0,-1.5,-2.5,-4.4,-6.1,-6.6,51.2,46.9,44.8,46.3,50.3,55.0,56.7,55.3,54.0,51.4,49.5,48.3,48.8,50.5,53.0,54.4,55.0,55.5,55.6,55.3,52.9,53.6,52.7,50.8,49.0,48.4,49.3,51.1,46.1,41.8,39.6,40.9,44.9,49.3,51.4,50.5,49.4,46.5,44.2,42.9,43.3,44.6,46.9,48.5,49.4,49.9,50.2,50.3,47.7,48.3,47.4,45.5,43.7,43.2,44.1,46.0,912.4,913.0,913.0,912.5,911.8,911.4,911.2,911.7,916.7,914.1,911.7,910.3,910.7,911.9,913.4,911.8,910.4,910.2,911.5,913.9,912.7,912.5,912.5,912.8,913.1,913.3,913.3,913.0,898.9,900.0,901.1,901.6,901.2,900.1,899.0,898.7,899.8,898.8,898.1,898.4,900.4,903.3,906.2,903.1,900.2,898.3,897.8,898.6,900.2,900.4,900.9,901.3,901.5,901.3,900.8,900.4,0.00,0.00,0.36,0.00,0.00,0.00,0.10,0.00,0.23,0.29,0.11,0.19,0.00,0.54,0.00,0.00,0.00,0.00,0.00,0.00,1.00,0.00,0.00,0.00,0.00,1.00,1.00,0.00,0.00,0.00,1.00,0.00,0.00,0.00,0.00
224,0,15.558,0.98,1,0.149650,-0.004242,-0.988730,-0.019153,0.008504,-0.999780,0.066,0.002,204.8,205.6,208.0,210.4,211.6,210.9,208.4,206.0,201.8,203.1,205.1,207.7,210.3,212.4,214.0,212.4,210.1,207.7,205.3,203.3,207.2,208.3,209.3,209.7,209.2,208.1,207.1,206.7,234.3,234.9,237.1,239.7,241.0,240.4,238.1,235.5,232.1,233.5,235.5,238.1,240.6,242.6,243.9,242.8,241.0,238.8,236.4,234.0,236.7,237.8,238.8,239.0,238.4,237.3,236.4,236.1,349.4,346.9,345.8,346.6,348.9,351.6,352.6,351.8,350.9,349.5,348.4,347.8,348.1,349.0,350.4,351.3,351.7,352.0,352.1,351.7,350.4,350.8,350.3,349.2,348.1,347.8,348.3,349.4,346.9,344.3,343.0,343.8,346.1,348.6,349.9,349.4,348.7,347.1,345.8,345.0,345.2,345.9,347.1,348.1,348.8,349.1,349.3,349.3,347.8,348.1,347.5,346.4,345.4,345.1,345.6,346.8,-61.3,-59.9,-55.9,-51.5,-49.5,-50.6,-55.0,-59.3,-67.0,-64.4,-60.7,-56.2,-51.6,-48.0,-45.4,-48.1,-51.9,-56.2,-60.3,-64.1,-57.1,-55.2,-53.4,-52.8,-53.7,-55.6,-57.4,-58.0,-9.8,-8.8,-4.9,-0.6,1.7,0.6,-3.2,-7.8,-13.6,-11.2,-7.8,-3.3,1.0,4.4,6.8,4.9,1.8,-2.0,-6.2,-10.4,-5.7,-3.8,-2.1,-1.7,-2.7,-4.6,-6.3,-6.7,51.3,47.0,44.9,46.3,50.4,55.0,56.8,55.4,54.1,51.4,49.5,48.3,48.8,50.5,53.0,54.5,55.2,55.7,55.8,55.4,53.0,53.6,52.7,50.8,49.0,48.4,49.3,51.2,46.2,41.9,39.8,41.1,45.1,49.4,51.5,50.6,49.5,46.6,44.3,43.0,43.4,44.7,47.0,48.6,49.6,50.1,50.4,50.5,47.9,48.4,47.5,45.6,43.9,43.3,44.2,46.1,907.5,908.0,908.0,907.6,906.8,906.5,906.3,906.7,911.8,909.2,906.7,905.4,905.7,906.9,908.4,906.8,905.4,905.3,906.6,909.0,907.8,907.6,907.6,907.8,908.1,908.3,908.3,908.1,896.8,897.8,898.9,899.4,899.0,898.0,896.9,896.6,897.7,896.6,895.9,896.3,898.3,901.2,904.1,901.0,898.1,896.2,895.7,896.5,898.0,898.3,898.8,899.2,899.4,899.1,898.6,898.2,0.00,0.00,0.32,0.00,0.00,0.00,0.07,0.00,0.17,0.17,0.21,0.27,0.00,0.46,0.00,0.00,0.01,0.00,0.00,0.00,1.00,0.00,0.00,0.00,0.00,1.00,1.00,0.00,0.00,0.00,1.00,0.00,0.00,0.00,0.00
225,0,15.628,0.98,1,0.152337,-0.003656,-0.988322,-0.015712,0.010169,-0.999825,0.069,0.003,204.7,205.5,207.8,210.3,211.5,210.8,208.3,205.8,201.6,202.9,205.0,207.5,210.2,212.3,213.9,212.3,210.0,207.6,205.2,203.2,207.1,208.2,209.2,209.6,209.1,208.0,207.0,206.6,234.2,234.8,237.0,239.6,240.9,240.3,238.1,235.4,232.0,233.4,235.4,238.0,240.5,242.5,243.8,242.7,241.0,238.8,236.3,233.9,236.6,237.7,238.7,238.9,238.3,237.2,236.3,236.0,349.7,347.2,346.0,346.8,349.1,351.8,352.9,352.0,351.1,349.7,348.7,348.0,348.3,349.2,350.6,351.5,352.0,352.3,352.3,352.0,350.6,351.0,350.5,349.4,348.3,348.0,348.5,349.6,347.0,344.4,343.2,343.9,346.2,348.8,350.0,349.5,348.9,347.2,345.9,345.1,345.3,345.9,347.2,348.2,348.9,349.3,349.4,349.5,347.9,348.2,347.6,346.5,345.5,345.2,345.8,346.9,-61.3,-59.9,-55.8,-51.5,-49.5,-50.5,-54.9,-59.2,-66.9,-64.4,-60.7,-56.1,-51.5,-47.9,-45.4,-48.0,-51.8,-56.1,-60.2,-64.0,-57.0,-55.1,-53.4,-52.8,-53.7,-55.5,-57.3,-57.9,-10.0,-8.9,-5.1,-0.8,1.6,0.5,-3.3,-7.9,-13.7,-11.4,-8.0,-3.5,0.9,4.3,6.6,4.7,1.7,-2.1,-6.4,-10.5,-5.9,-4.0,-2.3,-1.8,-2.8,-4.7,-6.4,-6.9,51.5,47.1,45.0,46.4,50.5,55.2,56.9,55.5,54.3,51.6,49.6,48.5,48.9,50.6,53.1,54.6,55.3,55.9,56.0,55.6,53.2,53.8,52.9,51.0,49.2,48.6,49.5,51.4,46.4,42.0,39.9,41.2,45.2,49.5,51.6,50.7,49.7,46.7,44.4,43.1,43.5,44.8,47.1,48.7,49.7,50.3,50.5,50.6,48.0,48.6,47.6,45.7,44.0,43.4,44.4,46.3,903.1,903.6,903.6,903.1,902.5,902.2,901.9,902.4,907.5,904.8,902.3,901.0,901.3,902.6,904.0,902.5,901.1,901.0,902.3,904.7,903.4,903.2,903.2,903.4,903.7,903.9,903.9,903.7,895.0,896.0,897.1,897.7,897.3,896.3,895.3,894.9,896.0,894.9,894.2,894.6,896.5,899.5,902.4,899.3,896.4,894.5,894.0,894.8,896.3,896.6,897.1,897.5,897.6,897.4,896.9,896.5,0.00,0.00,0.29,0.00,0.00,0.00,0.07,0.00,0.08,0.10,0.45,0.34,0.00,0.28,0.01,0.00,0.01,0.00,0.00,0.00,1.00,0.00,0.00,0.00,0.00,0.00,1.00,0.00,0.00,0.00,1.00,0.00,0.00,0.00,0.00
226,0,15.698,0.98,1,0.152085,-0.003426,-0.988361,-0.015925,0.011274,-0.999810,0.068,0.004,204.6,205.4,207.7,210.2,211.4,210.8,208.2,205.8,201.6,202.9,204.9,207.5,210.2,212.3,213.8,212.2,210.0,207.5,205.2,203.1,207.1,208.1,209.2,209.5,209.0,207.9,206.9,206.5,234.1,234.7,236.9,239.4,240.8,240.2,238.0,235.3,231.9,233.3,235.2,237.8,240.4,242.4,243.7,242.6,240.9,238.7,236.2,233.8,236.5,237.6,238.6,238.8,238.2,237.1,236.2,235.9,349.9,347.3,346.1,346.9,349.3,352.0,353.0,352.2,351.3,349.9,348.8,348.2,348.4,349.3,350.8,351.7,352.2,352.5,352.5,352.2,350.8,351.2,350.6,349.5,348.5,348.1,348.7,349.8,347.1,344.5,343.3,344.0,346.3,348.9,350.1,349.6,349.0,347.3,346.0,345.2,345.3,346.0,347.2,348.3,349.0,349.4,349.6,349.6,348.0,348.3,347.7,346.6,345.6,345.3,345.9,347.0,-61.4,-60.0,-56.0,-51.7,-49.6,-50.7,-55.0,-59.3,-67.0,-64.5,-60.8,-56.3,-51.6,-48.1,-45.5,-48.1,-52.0,-56.2,-60.3,-64.1,-57.2,-55.3,-53.5,-52.9,-53.8,-55.7,-57.4,-58.1,-10.1,-9.1,-5.3,-1.0,1.4,0.3,-3.5,-8.1,-13.9,-11.6,-8.2,-3.7,0.7,4.1,6.4,4.5,1.5,-2.3,-6.5,-10.7,-6.0,-4.2,-2.5,-2.0,-3.0,-4.9,-6.6,-7.1,51.8,47.4,45.3,46.7,50.8,55.4,57.2,55.8,54.6,51.9,49.9,48.7,49.2,50.9,53.4,54.9,55.6,56.2,56.3,55.9,53.4,54.1,53.1,51.2,49.5,48.9,49.8,51.7,46.6,42.2,40.1,41.4,45.3,49.7,51.8,50.9,49.9,46.9,44.6,43.3,43.6,45.0,47.2,48.9,49.9,50.5,50.8,50.8,48.2,48.7,47.8,45.9,44.2,43.6,44.5,46.4,903.2,903.7,903.7,903.2,902.5,902.3,902.0,902.5,907.6,904.9,902.4,901.1,901.4,902.6,904.1,902.6,901.2,901.1,902.4,904.8,903.5,903.3,903.3,903.5,903.8,904.0,904.0,903.8,895.4,896.4,897.5,898.0,897.7,896.8,895.7,895.3,896.3,895.3,894.6,894.9,896.9,899.9,902.8,899.7,896.8,894.9,894.4,895.2,896.7,897.0,897.4,897.9,898.0,897.8,897.3,896.9,0.00,0.02,0.27,0.00,0.00,0.00,0.05,0.00,0.02,0.01,0.68,0.43,0.00,0.17,0.09,0.00,0.01,0.00,0.00,0.00,1.00,0.00,0.00,0.00,0.00,0.00,1.00,0.00,0.00,0.00,1.00,0.00,0.00,0.00,0.00
227,0,15.767,0.98,1,0.153331,-0.004608,-0.988164,-0.014902,0.010404,-0.999835,0.070,0.003,204.6,205.4,207.7,210.2,211.3,210.7,208.2,205.7,201.5,202.8,204.9,207.4,210.1,212.2,213.7,212.2,209.9,207.5,205.1,203.1,207.0,208.1,209.1,209.5,208.9,207.9,206.9,206.5,234.0,234.6,236.8,239.3,240.7,240.1,237.9,235.2,231.9,233.2,235.2,237.7,240.3,242.2,243.6,242.5,240.7,238.6,236.1,233.7,236.4,237.5,238.5,238.7,238.1,237.0,236.1,235.8,350.0,347.5,346.3,347.1,349.5,352.2,353.2,352.4,351.5,350.1,349.0,348.3,348.6,349.5,350.9,351.9,352.3,352.7,352.7,352.4,351.0,351.3,350.8,349.7,348.7,348.3,348.9,350.0,347.2,344.7,343.4,344.1,346.4,349.0,350.3,349.8,349.1,347.4,346.1,345.3,345.5,346.2,347.4,348.4,349.1,349.5,349.7,349.7,348.1,348.4,347.9,346.8,345.7,345.4,346.0,347.1,-61.6,-60.3,-56.2,-51.9,-49.8,-50.9,-55.2,-59.6,-67.2,-64.8,-61.1,-56.5,-51.9,-48.3,-45.8,-48.4,-52.2,-56.4,-60.6,-64.4,-57.4,-55.5,-53.8,-53.2,-54.1,-55.9,-57.7,-58.3,-10.3,-9.3,-5.5,-1.2,1.2,0.1,-3.7,-8.3,-14.1,-11.8,-8.4,-3.9,0.5,3.9,6.3,4.3,1.3,-2.5,-6.7,-10.9,-6.2,-4.3,-2.7,-2.2,-3.2,-5.1,-6.8,-7.2,52.3,47.9,45.8,47.2,51.2,55.9,57.7,56.3,55.1,52.4,50.4,49.2,49.7,51.3,53.9,55.4,56.1,56.7,56.8,56.4,53.9,54.5,53.6,51.7,49.9,49.3,50.3,52.2,47.0,42.7,40.5,41.8,45.8,50.1,52.3,51.4,50.3,47.4,45.0,43.7,44.0,45.4,47.6,49.3,50.3,50.9,51.2,51.3,48.6,49.2,48.2,46.3,44.6,44.0,45.0,46.9,906.1,906.6,906.6,906.2,905.5,905.2,905.0,905.5,910.5,907.8,905.4,904.0,904.4,905.6,907.1,905.6,904.2,904.0,905.3,907.7,906.5,906.3,906.3,906.5,906.8,907.0,907.0,906.8,899.1,900.1,901.2,901.7,901.4,900.4,899.3,899.0,900.0,899.0,898.3,898.6,900.6,903.5,906.5,903.4,900.5,898.6,898.1,898.9,900.4,900.6,901.1,901.6,901.7,901.4,901.0,900.5,0.00,0.02,0.29,0.00,0.00,0.00,0.08,0.00,0.00,0.00,0.81,0.42,0.00,0.09,0.09,0.00,0.00,0.00,0.00,0.00,1.00,0.00,0.00,0.00,0.00,0.00,1.00,0.00,0.00,0.00,1.00,0.00,0.00,0.00,1.00
228,0,15.837,0.98,1,0.153664,-0.002688,-0.988119,-0.015116,0.012066,-0.999813,0.070,0.005,204.6,205.4,207.7,210.1,211.3,210.7,208.2,205.7,201.5,202.8,204.8,207.4,210.1,212.2,213.7,212.1,209.9,207.5,205.1,203.0,207.0,208.1,209.1,209.4,208.9,207.9,206.8,206.5,234.0,234.6,236.8,239.3,240.6,240.0,237.8,235.2,231.8,233.1,235.1,237.7,240.2,242.2,243.6,242.5,240.7,238.5,236.1,233.7,236.4,237.5,238.4,238.7,238.1,237.0,236.0,235.8,350.3,347.8,346.6,347.4,349.7,352.4,353.4,352.6,351.7,350.3,349.2,348.6,348.8,349.8,351.2,352.1,352.6,352.9,352.9,352.6,351.2,351.6,351.1,350.0,348.9,348.6,349.1,350.2,347.5,344.9,343.7,344.4,346.7,349.2,350.5,350.0,349.4,347.7,346.4,345.6,345.7,346.4,347.6,348.7,349.4,349.8,349.9,350.0,348.4,348.7,348.1,347.0,346.0,345.7,346.2,347.4,-61.7,-60.3,-56.3,-52.0,-49.9,-51.0,-55.3,-59.6,-67.3,-64.8,-61.1,-56.6,-52.0,-48.4,-45.8,-48.5,-52.3,-56.5,-60.7,-64.4,-57.5,-55.6,-53.8,-53.2,-54.1,-56.0,-57.8,-58.4,-10.4,-9.4,-5.6,-1.2,1.1,0.1,-3.7,-8.4,-14.1,-11.8,-8.4,-4.0,0.4,3.8,6.2,4.3,1.2,-2.5,-6.8,-10.9,-6.3,-4.4,-2.7,-2.3,-3.3,-5.2,-6.9,-7.3,52.7,48.4,46.3,47.7,51.7,56.4,58.1,56.8,55.5,52.8,50.9,49.7,50.1,51.8,54.3,55.8,56.6,57.1,57.2,56.8,54.4,55.0,54.1,52.2,50.4,49.8,50.7,52.6,47.5,43.1,41.0,42.2,46.2,50.5,52.7,51.8,50.8,47.8,45.5,44.1,44.5,45.8,48.1,49.8,50.8,51.4,51.6,51.7,49.1,49.6,48.7,46.8,45.0,44.5,45.4,47.3,906.7,907.1,907.2,906.7,906.0,905.8,905.5,906.0,911.0,908.4,905.9,904.5,904.9,906.1,907.6,906.1,904.7,904.6,905.9,908.3,907.0,906.8,906.8,907.0,907.3,907.5,907.5,907.3,899.4,900.4,901.5,902.0,901.7,900.7,899.7,899.3,900.3,899.3,898.6,898.9,900.9,903.8,906.8,903.7,900.8,898.9,898.4,899.2,900.7,901.0,901.4,901.9,902.0,901.8,901.3,900.9,0.02,0.02,0.32,0.00,0.00,0.00,0.14,0.00,0.00,0.00,0.80,0.42,0.00,0.06,0.08,0.00,0.00,0.00,0.00,0.00,1.00,0.00,0.00,0.00,0.00,0.00,1.00,0.00,0.00,0.00,1.00,0.00,0.00,0.00,1.00
229,0,15.907,0.98,1,0.152502,0.002001,-0.988301,-0.015586,0.016538,-0.999742,0.069,0.009,204.5,205.3,207.6,210.1,211.3,210.6,208.1,205.7,201.5,202.8,204.8,207.4,210.0,212.1,213.7,212.1,209.8,207.4,205.1,203.0,206.9,208.0,209.0,209.4,208.9,207.8,206.8,206.4,233.9,234.5,236.7,239.2,240.6,240.0,237.8,235.1,231.8,233.1,235.0,237.6,240.2,242.1,243.5,242.4,240.6,238.5,236.0,233.6,236.3,237.4,238.4,238.6,238.0,236.9,236.0,235.7,350.5,348.0,346.8,347.6,350.0,352.7,353.7,352.9,352.0,350.5,349.5,348.8,349.1,350.0,351.4,352.3,352.8,353.1,353.2,352.8,351.5,351.8,351.3,350.2,349.2,348.8,349.3,350.4,347.7,345.2,343.9,344.6,346.9,349.4,350.7,350.2,349.6,347.9,346.6,345.8,345.9,346.6,347.8,348.9,349.6,350.0,350.2,350.2,348.6,348.9,348.3,347.2,346.2,345.9,346.5,347.6,-61.8,-60.5,-56.4,-52.1,-50.0,-51.1,-55.5,-59.8,-67.4,-65.0,-61.3,-56.7,-52.1,-48.5,-46.0,-48.6,-52.4,-56.6,-60.8,-64.6,-57.6,-55.7,-54.0,-53.4,-54.3,-56.1,-57.9,-58.5,-10.5,-9.5,-5.7,-1.3,1.0,-0.1,-3.9,-8.5,-14.3,-11.9,-8.5,-4.1,0.3,3.7,6.1,4.2,1.1,-2.7,-6.9,-11.0,-6.4,-4.5,-2.9,-2.4,-3.4,-5.3,-7.0,-7.4,53.2,48.8,46.7,48.1,52.2,56.8,58.6,57.2,56.0,53.3,51.3,50.1,50.6,52.3,54.8,56.3,57.0,57.6,57.7,57.3,54.8,55.4,54.5,52.6,50.9,50.2,51.2,53.1,47.9,43.5,41.3,42.6,46.6,50.9,53.1,52.2,51.2,48.2,45.9,44.5,44.9,46.2,48.4,50.1,51.2,51.8,52.0,52.1,49.4,50.0,49.1,47.2,45.4,44.9,45.8,47.7,907.4,907.9,907.9,907.4,906.8,906.5,906.3,906.8,911.8,909.1,906.7,905.3,905.7,906.9,908.4,906.8,905.5,905.3,906.6,909.1,907.8,907.6,907.6,907.8,908.1,908.3,908.3,908.1,899.6,900.6,901.6,902.2,901.9,900.9,899.8,899.5,900.5,899.4,898.8,899.1,901.1,904.0,907.0,903.9,901.0,899.1,898.6,899.4,900.9,901.1,901.6,902.0,902.2,901.9,901.5,901.0,0.02,0.00,0.30,0.00,0.00,0.00,0.13,0.00,0.00,0.00,0.74,0.36,0.00,0.03,0.01,0.00,0.00,0.00,0.00,0.00,1.00,0.00,0.00,0.00,0.00,0.00,1.00,0.00,0.00,0.00,1.00,0.00,0.00,0.00,1.00
230,0,15.977,0.98,1,0.149725,0.003420,-0.988722,-0.018361,0.018209,-0.999666,0.066,0.011,204.5,205.3,207.6,210.1,211.2,210.6,208.1,205.7,201.5,202.8,204.8,207.4,210.0,212.1,213.6,212.1,209.8,207.4,205.1,203.0,206.9,208.0,209.0,209.4,208.9,207.8,206.8,206.4,233.9,234.5,236.7,239.2,240.6,240.0,237.8,235.1,231.8,233.1,235.1,237.6,240.2,242.2,243.5,242.4,240.7,238.5,236.0,233.6,236.3,237.4,238.4,238.6,238.0,236.9,236.0,235.7,350.8,348.3,347.1,347.9,350.3,353.0,354.0,353.2,352.3,350.9,349.8,349.2,349.4,350.3,351.7,352.7,353.1,353.5,353.5,353.2,351.8,352.1,351.6,350.5,349.5,349.1,349.7,350.8,348.0,345.4,344.2,344.9,347.2,349.7,351.0,350.5,349.9,348.2,346.9,346.1,346.2,346.9,348.1,349.2,349.8,350.3,350.4,350.5,348.9,349.2,348.6,347.5,346.5,346.2,346.7,347.9,-61.9,-60.5,-56.5,-52.2,-50.1,-51.2,-55.5,-59.8,-67.5,-65.0,-61.3,-56.8,-52.2,-48.6,-46.0,-48.6,-52.5,-56.7,-60.9,-64.6,-57.7,-55.8,-54.0,-53.4,-54.3,-56.2,-58.0,-58.6,-10.5,-9.5,-5.7,-1.3,1.0,-0.0,-3.8,-8.4,-14.2,-11.9,-8.5,-4.1,0.3,3.7,6.1,4.2,1.1,-2.6,-6.9,-11.0,-6.4,-4.5,-2.8,-2.4,-3.4,-5.3,-6.9,-7.4,53.8,49.4,47.3,48.7,52.8,57.4,59.2,57.8,56.6,53.9,51.9,50.7,51.2,52.9,55.4,56.9,57.6,58.2,58.3,57.9,55.5,56.1,55.1,53.2,51.5,50.9,51.8,53.7,48.3,44.0,41.8,43.0,47.0,51.4,53.5,52.6,51.6,48.7,46.3,45.0,45.3,46.6,48.8,50.6,51.6,52.2,52.5,52.6,49.9,50.4,49.5,47.6,45.8,45.3,46.2,48.1,908.2,908.7,908.7,908.2,907.6,907.3,907.1,907.6,912.6,910.0,907.5,906.1,906.5,907.7,909.2,907.7,906.3,906.2,907.5,909.9,908.6,908.4,908.4,908.6,908.9,909.1,909.1,908.9,898.7,899.7,900.8,901.3,901.0,900.1,899.0,898.6,899.7,898.6,897.9,898.2,900.2,903.1,906.1,903.0,900.1,898.2,897.7,898.5,900.0,900.3,900.7,901.2,901.3,901.1,900.6,900.2,0.03,0.00,0.29,0.00,0.00,0.00,0.11,0.00,0.01,0.00,0.71,0.39,0.00,0.07,0.00,0.00,0.00,0.00,0.00,0.00,1.00,0.00,0.00,0.00,0.00,0.00,1.00,0.00,0.00,0.00,1.00,0.00,0.00,0.00,1.00
231,0,16.047,0.98,1,0.152502,0.005585,-0.988287,-0.015404,0.020968,-0.999661,0.069,0.013,204.6,205.4,207.7,210.2,211.3,210.7,208.2,205.8,201.6,202.9,204.9,207.4,210.1,212.2,213.8,212.2,210.0,207.5,205.2,203.1,207.0,208.1,209.1,209.5,209.0,207.9,206.9,206.5,234.0,234.6,236.8,239.3,240.7,240.1,237.9,235.2,231.9,233.2,235.2,237.8,240.3,242.3,243.6,242.5,240.8,238.6,236.1,233.7,236.4,237.5,238.5,238.7,238.1,237.0,236.1,235.8,351.2,348.7,347.5,348.3,350.6,353.3,354.4,353.6,352.7,351.2,350.2,349.5,349.8,350.7,352.1,353.0,353.5,353.8,353.9,353.5,352.2,352.5,352.0,350.9,349.8,349.5,350.0,351.1,348.3,345.7,344.4,345.1,347.4,350.0,351.3,350.8,350.2,348.5,347.1,346.4,346.5,347.1,348.3,349.4,350.1,350.6,350.7,350.8,349.2,349.5,348.9,347.8,346.8,346.5,347.0,348.1,-61.6,-60.2,-56.2,-51.9,-49.8,-50.9,-55.2,-59.5,-67.2,-64.7,-61.1,-56.5,-51.9,-48.3,-45.7,-48.4,-52.2,-56.4,-60.6,-64.3,-57.4,-55.5,-53.7,-53.1,-54.0,-55.9,-57.7,-58.3,-10.3,-9.3,-5.5,-1.1,1.2,0.2,-3.6,-8.2,-14.0,-11.7,-8.3,-3.9,0.5,3.9,6.3,4.4,1.3,-2.4,-6.7,-10.8,-6.2,-4.3,-2.6,-2.2,-3.2,-5.1,-6.8,-7.2,54.3,50.0,47.9,49.2,53.3,58.0,59.7,58.4,57.1,54.5,52.5,51.3,51.7,53.4,55.9,57.4,58.2,58.7,58.9,58.5,56.0,56.6,55.7,53.8,52.0,51.4,52.3,54.2,48.8,44.4,42.2,43.5,47.5,51.8,54.0,53.1,52.1,49.1,46.8,45.4,45.8,47.0,49.3,51.0,52.0,52.7,52.9,53.0,50.3,50.9,49.9,48.0,46.3,45.7,46.7,48.6,906.4,906.9,906.8,906.4,905.8,905.5,905.3,905.8,910.8,908.1,905.6,904.3,904.6,905.9,907.4,905.8,904.5,904.3,905.7,908.1,906.8,906.6,906.6,906.8,907.0,907.2,907.2,907.0,898.2,899.1,900.2,900.7,900.5,899.5,898.4,898.0,899.1,898.0,897.3,897.7,899.6,902.6,905.6,902.5,899.6,897.7,897.2,898.0,899.5,899.7,900.2,900.6,900.7,900.5,900.0,899.6,0.05,0.00,0.33,0.00,0.00,0.00,0.12,0.00,0.02,0.00,0.69,0.33,0.00,0.07,0.00,0.00,0.00,0.00,0.00,0.00,1.00,0.00,0.00,0.00,0.00,0.00,1.00,0.00,0.00,0.00,1.00,0.00,0.00,0.00,1.00
232,0,16.116,0.98,1,0.150959,0.006073,-0.988521,-0.015949,0.021127,-0.999650,0.068,0.014,204.8,205.6,207.9,210.4,211.6,210.9,208.5,206.0,201.8,203.1,205.1,207.7,210.3,212.4,214.0,212.4,210.2,207.7,205.4,203.3,207.3,208.3,209.3,209.7,209.2,208.1,207.1,206.8,234.2,234.8,237.0,239.5,240.8,240.2,238.0,235.4,232.0,233.3,235.3,237.9,240.4,242.4,243.7,242.7,240.9,238.7,236.3,233.9,236.6,237.7,238.6,238.9,238.3,237.2,236.2,236.0,351.3,348.7,347.5,348.3,350.7,353.4,354.4,353.6,352.7,351.3,350.2,349.6,349.8,350.7,352.1,353.1,353.5,353.9,353.9,353.6,352.2,352.5,352.0,350.9,349.9,349.5,350.1,351.2,348.3,345.8,344.5,345.2,347.5,350.1,351.4,350.9,350.2,348.5,347.2,346.4,346.5,347.2,348.4,349.5,350.2,350.6,350.8,350.8,349.2,349.5,348.9,347.8,346.8,346.5,347.1,348.2,-61.3,-60.0,-55.9,-51.6,-49.6,-50.6,-54.9,-59.3,-66.9,-64.4,-60.8,-56.2,-51.6,-48.0,-45.4,-48.1,-51.9,-56.1,-60.3,-64.1,-57.1,-55.2,-53.5,-52.9,-53.8,-55.6,-57.4,-58.0,-10.0,-9.0,-5.2,-0.9,1.4,0.4,-3.4,-8.0,-13.8,-11.5,-8.1,-3.6,0.7,4.1,6.5,4.6,1.6,-2.2,-6.4,-10.6,-5.9,-4.0,-2.4,-1.9,-3.0,-4.9,-6.5,-7.0,54.5,50.1,48.0,49.4,53.5,58.1,59.9,58.5,57.3,54.6,52.6,51.4,51.9,53.5,56.0,57.6,58.3,58.9,59.0,58.6,56.1,56.7,55.8,53.9,52.1,51.5,52.5,54.4,48.9,44.6,42.4,43.6,47.6,52.0,54.1,53.3,52.2,49.3,46.9,45.6,45.9,47.2,49.4,51.1,52.2,52.8,53.1,53.2,50.5,51.0,50.1,48.2,46.4,45.9,46.8,48.8,908.1,908.6,908.6,908.1,907.5,907.2,907.0,907.5,912.5,909.9,907.4,906.0,906.3,907.6,909.1,907.5,906.2,906.1,907.4,909.8,908.5,908.3,908.3,908.5,908.7,908.9,909.0,908.8,899.0,899.9,901.0,901.6,901.3,900.4,899.3,898.9,899.9,898.9,898.2,898.5,900.5,903.5,906.5,903.3,900.4,898.5,898.0,898.8,900.3,900.6,901.1,901.5,901.6,901.3,900.9,900.4,0.12,0.03,0.37,0.00,0.00,0.00,0.16,0.00,0.03,0.00,0.75,0.26,0.00,0.06,0.00,0.00,0.00,0.00,0.00,0.00,1.00,0.00,0.00,0.00,0.00,0.00,1.00,0.00,0.00,0.00,1.00,0.00,0.00,0.00,1.00
233,0,16.186,0.98,1,0.149421,0.007704,-0.988744,-0.017396,0.022453,-0.999597,0.066,0.015,204.9,205.7,208.1,210.5,211.7,211.1,208.6,206.1,201.9,203.2,205.2,207.8,210.5,212.6,214.1,212.5,210.3,207.9,205.5,203.4,207.4,208.5,209.5,209.8,209.3,208.2,207.2,206.9,234.3,234.9,237.1,239.6,241.0,240.4,238.2,235.5,232.1,233.5,235.4,238.0,240.5,242.5,243.9,242.8,241.0,238.9,236.4,234.0,236.7,237.8,238.7,239.0,238.4,237.3,236.3,236.1,351.3,348.8,347.6,348.4,350.7,353.4,354.4,353.6,352.7,351.3,350.2,349.6,349.8,350.8,352.1,353.1,353.6,353.9,353.9,353.6,352.2,352.6,352.0,350.9,349.9,349.6,350.1,351.2,348.4,345.8,344.5,345.2,347.5,350.1,351.4,350.9,350.3,348.6,347.2,346.4,346.6,347.2,348.4,349.5,350.2,350.7,350.8,350.9,349.3,349.6,349.0,347.9,346.9,346.6,347.1,348.2,-61.0,-59.6,-55.6,-51.3,-49.2,-50.3,-54.6,-58.9,-66.6,-64.1,-60.4,-55.9,-51.3,-47.7,-45.1,-47.7,-51.6,-55.8,-60.0,-63.7,-56.8,-54.9,-53.1,-52.5,-53.4,-55.3,-57.1,-57.7,-9.8,-8.8,-5.0,-0.7,1.7,0.6,-3.2,-7.8,-13.6,-11.3,-7.9,-3.4,0.9,4.4,6.7,4.8,1.8,-2.0,-6.2,-10.4,-5.7,-3.8,-2.2,-1.7,-2.7,-4.6,-6.3,-6.7,54.4,50.1,47.9,49.3,53.4,58.1,59.8,58.5,57.2,54.5,52.5,51.3,51.8,53.5,56.0,57.5,58.3,58.9,59.0,58.6,56.1,56.7,55.8,53.8,52.1,51.5,52.4,54.3,48.8,44.5,42.3,43.6,47.5,51.9,54.1,53.2,52.2,49.2,46.8,45.5,45.8,47.1,49.3,51.1,52.1,52.8,53.0,53.1,50.4,51.0,50.0,48.1,46.4,45.8,46.8,48.7,906.0,906.4,906.4,905.9,905.3,905.1,904.9,905.4,910.4,907.7,905.2,903.8,904.2,905.4,906.9,905.4,904.0,903.9,905.3,907.7,906.3,906.1,906.1,906.3,906.6,906.8,906.8,906.6,896.4,897.3,898.4,899.0,898.7,897.8,896.7,896.3,897.3,896.2,895.6,895.9,897.9,900.8,903.8,900.7,897.8,895.9,895.4,896.2,897.7,898.0,898.4,898.8,899.0,898.7,898.2,897.8,0.14,0.03,0.40,0.00,0.00,0.00,0.17,0.00,0.04,0.00,0.84,0.15,0.00,0.01,0.00,0.00,0.00,0.00,0.00,0.00,1.00,0.00,0.00,0.00,0.00,0.00,1.00,0.00,0.00,0.00,1.00,0.00,0.00,0.00,1.00
234,0,16.256,0.98,1,0.148579,0.008973,-0.988860,-0.018413,0.023846,-0.999546,0.065,0.017,205.1,205.9,208.2,210.6,211.8,211.2,208.7,206.2,202.1,203.3,205.3,207.9,210.6,212.7,214.2,212.7,210.4,208.0,205.6,203.6,207.5,208.6,209.6,209.9,209.4,208.4,207.4,207.0,234.4,235.0,237.2,239.7,241.1,240.5,238.3,235.6,232.3,233.6,235.5,238.1,240.7,242.7,244.0,242.9,241.2,239.0,236.5,234.1,236.8,237.9,238.9,239.1,238.5,237.4,236.5,236.2,351.3,348.8,347.6,348.4,350.8,353.5,354.5,353.7,352.8,351.3,350.3,349.6,349.9,350.8,352.2,353.1,353.6,354.0,354.0,353.6,352.3,352.6,352.1,351.0,350.0,349.6,350.1,351.2,348.4,345.9,344.6,345.3,347.6,350.1,351.4,351.0,350.3,348.6,347.3,346.5,346.6,347.3,348.5,349.6,350.3,350.7,350.9,350.9,349.3,349.6,349.0,347.9,346.9,346.6,347.2,348.3,-60.8,-59.4,-55.4,-51.1,-49.0,-50.1,-54.4,-58.7,-66.4,-63.9,-60.3,-55.7,-51.1,-47.5,-44.9,-47.6,-51.4,-55.6,-59.8,-63.5,-56.6,-54.7,-52.9,-52.3,-53.2,-55.1,-56.9,-57.5,-9.6,-8.6,-4.8,-0.5,1.9,0.8,-2.9,-7.6,-13.3,-11.0,-7.7,-3.2,1.2,4.6,7.0,5.1,2.0,-1.7,-6.0,-10.1,-5.5,-3.6,-1.9,-1.5,-2.5,-4.4,-6.1,-6.5,54.5,50.2,48.1,49.4,53.5,58.2,59.9,58.6,57.3,54.6,52.7,51.5,51.9,53.6,56.1,57.6,58.4,59.0,59.1,58.7,56.2,56.8,55.9,54.0,52.2,51.6,52.5,54.4,48.9,44.6,42.4,43.6,47.6,52.0,54.2,53.3,52.3,49.3,46.9,45.6,45.9,47.2,49.4,51.2,52.2,52.8,53.1,53.2,50.5,51.1,50.1,48.2,46.5,45.9,46.9,48.8,906.5,906.9,906.8,906.4,905.7,905.5,905.4,905.8,910.9,908.2,905.7,904.3,904.6,905.8,907.3,905.8,904.5,904.4,905.7,908.1,906.8,906.6,906.6,906.7,907.0,907.2,907.2,907.1,896.5,897.4,898.5,899.1,898.8,897.9,896.8,896.4,897.5,896.4,895.7,896.0,898.0,900.9,903.9,900.8,897.9,896.0,895.5,896.3,897.8,898.1,898.5,899.0,899.1,898.8,898.4,897.9,0.10,0.07,0.43,0.00,0.00,0.00,0.12,0.00,0.07,0.00,0.92,0.14,0.00,0.01,0.00,0.00,0.00,0.00,0.00,0.00,1.00,0.00,0.00,0.00,0.00,0.00,1.00,0.00,0.00,0.00,1.00,0.00,0.00,0.00,1.00
235,0,16.326,0.98,1,0.147779,0.008150,-0.988987,-0.018333,0.023104,-0.999565,0.065,0.016,205.2,206.0,208.3,210.7,211.9,211.3,208.8,206.3,202.1,203.4,205.4,208.0,210.7,212.8,214.3,212.7,210.5,208.1,205.7,203.7,207.6,208.7,209.7,210.0,209.5,208.4,207.4,207.1,234.5,235.1,237.3,239.8,241.2,240.6,238.4,235.7,232.4,233.7,235.6,238.2,240.8,242.7,244.1,243.0,241.3,239.1,236.6,234.2,236.9,238.0,239.0,239.2,238.6,237.5,236.6,236.3,351.4,348.8,347.6,348.4,350.8,353.5,354.5,353.7,352.8,351.4,350.3,349.7,349.9,350.8,352.2,353.2,353.7,354.0,354.0,353.7,352.3,352.7,352.1,351.0,350.0,349.6,350.2,351.3,348.4,345.9,344.6,345.3,347.6,350.2,351.5,351.0,350.3,348.6,347.3,346.5,346.6,347.3,348.5,349.6,350.3,350.7,350.9,350.9,349.3,349.6,349.0,347.9,346.9,346.6,347.2,348.3,-60.7,-59.3,-55.3,-51.0,-48.9,-50.0,-54.3,-58.6,-66.2,-63.8,-60.1,-55.6,-51.0,-47.4,-44.8,-47.4,-51.3,-55.5,-59.6,-63.4,-56.5,-54.6,-52.8,-52.2,-53.1,-55.0,-56.8,-57.4,-9.5,-8.4,-4.6,-0.3,2.0,1.0,-2.8,-7.4,-13.2,-10.9,-7.5,-3.0,1.3,4.7,7.1,5.2,2.2,-1.6,-5.8,-10.0,-5.3,-3.5,-1.8,-1.3,-2.4,-4.3,-5.9,-6.4,54.6,50.3,48.2,49.5,53.6,58.3,60.0,58.7,57.4,54.7,52.8,51.6,52.0,53.7,56.2,57.7,58.5,59.1,59.2,58.8,56.3,56.9,56.0,54.0,52.3,51.7,52.6,54.5,49.0,44.6,42.4,43.7,47.6,52.0,54.2,53.3,52.3,49.3,47.0,45.6,46.0,47.2,49.4,51.2,52.2,52.9,53.1,53.2,50.5,51.1,50.1,48.2,46.5,45.9,46.9,48.8,907.0,907.4,907.4,906.9,906.3,906.1,905.9,906.4,911.5,908.7,906.2,904.8,905.2,906.4,907.9,906.4,905.0,904.9,906.3,908.7,907.3,907.1,907.1,907.3,907.6,907.8,907.8,907.6,897.0,897.9,899.0,899.5,899.3,898.3,897.3,896.9,897.9,896.8,896.1,896.5,898.5,901.4,904.4,901.3,898.4,896.5,896.0,896.8,898.3,898.5,899.0,899.4,899.5,899.3,898.8,898.4,0.09,0.11,0.43,0.00,0.00,0.00,0.08,0.00,0.08,0.00,0.95,0.12,0.00,0.00,0.00,0.00,0.00,0.00,0.00,0.00,1.00,0.00,0.00,0.00,0.00,0.00,1.00,0.00,0.00,0.00,1.00,0.00,0.00,0.00,1.00
236,0,16.395,0.98,1,0.150276,0.008155,-0.988610,-0.016143,0.023577,-0.999592,0.067,0.016,205.2,206.0,208.3,210.8,212.0,211.4,208.9,206.4,202.2,203.5,205.5,208.1,210.8,212.9,214.4,212.8,210.6,208.2,205.8,203.8,207.7,208.8,209.8,210.1,209.6,208.5,207.5,207.2,234.6,235.2,237.4,239.9,241.2,240.7,238.5,235.8,232.4,233.8,235.7,238.3,240.8,242.8,244.2,243.1,241.3,239.2,236.7,234.3,237.0,238.1,239.0,239.3,238.7,237.6,236.6,236.4,351.4,348.9,347.7,348.5,350.8,353.5,354.5,353.7,352.8,351.4,350.4,349.7,349.9,350.9,352.2,353.2,353.7,354.0,354.0,353.7,352.3,352.7,352.2,351.1,350.0,349.7,350.2,351.3,348.4,345.9,344.6,345.3,347.6,350.1,351.5,351.0,350.3,348.7,347.3,346.5,346.6,347.3,348.5,349.6,350.3,350.7,350.9,350.9,349.3,349.6,349.0,347.9,346.9,346.6,347.2,348.3,-60.6,-59.2,-55.2,-50.9,-48.8,-49.8,-54.2,-58.5,-66.1,-63.7,-60.0,-55.5,-50.9,-47.3,-44.7,-47.3,-51.2,-55.4,-59.5,-63.3,-56.3,-54.5,-52.7,-52.1,-53.0,-54.9,-56.7,-57.3,-9.3,-8.3,-4.5,-0.2,2.2,1.1,-2.7,-7.3,-13.1,-10.8,-7.4,-2.9,1.4,4.9,7.2,5.3,2.3,-1.5,-5.7,-9.8,-5.2,-3.3,-1.7,-1.2,-2.3,-4.1,-5.8,-6.3,54.7,50.4,48.2,49.6,53.7,58.3,60.1,58.8,57.5,54.8,52.9,51.6,52.1,53.7,56.2,57.8,58.6,59.2,59.3,58.9,56.4,57.0,56.0,54.1,52.4,51.8,52.7,54.6,49.1,44.7,42.5,43.8,47.7,52.1,54.3,53.4,52.4,49.4,47.1,45.7,46.0,47.3,49.5,51.3,52.3,53.0,53.2,53.3,50.6,51.2,50.2,48.3,46.6,46.0,47.0,48.9,907.6,908.1,908.0,907.6,906.9,906.7,906.6,907.0,912.1,909.4,906.8,905.5,905.8,907.0,908.5,907.0,905.7,905.6,906.9,909.3,908.0,907.8,907.8,907.9,908.2,908.4,908.4,908.3,898.5,899.4,900.5,901.1,900.8,899.9,898.8,898.4,899.5,898.4,897.7,898.0,900.0,903.0,906.0,902.9,900.0,898.0,897.5,898.3,899.9,900.1,900.6,901.0,901.1,900.8,900.4,900.0,0.27,0.17,0.35,0.00,0.00,0.00,0.03,0.00,0.09,0.00,0.91,0.09,0.00,0.00,0.05,0.00,0.00,0.00,0.00,0.00,1.00,0.00,0.00,0.00,0.00,0.00,1.00,0.00,0.00,0.00,1.00,0.00,0.00,0.00,1.00
237,0,16.465,0.98,1,0.150269,0.006508,-0.988624,-0.013103,0.021530,-0.999682,0.069,0.014,205.3,206.1,208.4,210.9,212.1,211.5,208.9,206.5,202.3,203.6,205.6,208.2,210.8,213.0,214.5,212.9,210.7,208.2,205.9,203.8,207.8,208.8,209.9,210.2,209.7,208.6,207.6,207.2,234.7,235.3,237.5,240.0,241.4,240.8,238.6,235.9,232.5,233.9,235.9,238.5,241.0,243.0,244.3,243.2,241.5,239.3,236.8,234.4,237.1,238.2,239.2,239.4,238.8,237.7,236.8,236.5,351.2,348.7,347.5,348.3,350.6,353.4,354.4,353.6,352.7,351.2,350.1,349.5,349.7,350.7,352.1,353.1,353.5,353.9,353.9,353.6,352.2,352.5,352.0,350.9,349.8,349.5,350.0,351.1,348.3,345.7,344.4,345.1,347.4,350.0,351.3,350.8,350.2,348.5,347.1,346.3,346.5,347.1,348.3,349.5,350.2,350.6,350.8,350.8,349.2,349.5,348.9,347.8,346.8,346.4,347.0,348.1,-60.0,-58.6,-54.6,-50.3,-48.2,-49.3,-53.6,-57.9,-65.5,-63.1,-59.5,-54.9,-50.3,-46.7,-44.1,-46.8,-50.6,-54.8,-59.0,-62.7,-55.8,-53.9,-52.1,-51.5,-52.4,-54.3,-56.1,-56.7,-9.0,-8.0,-4.3,0.1,2.4,1.4,-2.4,-7.0,-12.8,-10.5,-7.1,-2.6,1.7,5.1,7.4,5.6,2.6,-1.2,-5.4,-9.5,-4.9,-3.1,-1.4,-1.0,-2.0,-3.9,-5.5,-6.0,54.0,49.6,47.5,48.9,52.9,57.6,59.4,58.0,56.8,54.1,52.1,50.9,51.3,53.0,55.5,57.1,57.9,58.5,58.6,58.1,55.6,56.2,55.3,53.4,51.6,51.0,51.9,53.8,48.4,44.0,41.8,43.1,47.1,51.4,53.6,52.7,51.7,48.7,46.3,45.0,45.3,46.6,48.9,50.6,51.7,52.3,52.6,52.7,49.9,50.5,49.5,47.6,45.9,45.3,46.3,48.2,900.4,900.8,900.8,900.3,899.7,899.5,899.3,899.8,904.9,902.2,899.6,898.2,898.6,899.8,901.3,899.8,898.4,898.4,899.7,902.1,900.8,900.5,900.5,900.7,901.0,901.2,901.2,901.0,890.6,891.6,892.7,893.3,893.1,892.1,891.0,890.6,891.6,890.5,889.8,890.2,892.3,895.3,898.3,895.1,892.2,890.3,889.7,890.5,892.0,892.3,892.8,893.2,893.3,893.0,892.5,892.1,0.89,0.41,0.22,0.00,0.00,0.00,0.01,0.00,0.10,0.03,0.92,0.07,0.00,0.00,0.09,0.00,0.00,0.00,0.00,0.00,1.00,0.00,0.00,0.00,0.00,0.00,1.00,0.00,0.00,0.00,1.00,0.00,0.00,0.00,0.00
238,0,16.535,0.98,1,0.147208,0.005175,-0.989092,-0.012088,0.019326,-0.999740,0.068,0.012,205.4,206.2,208.6,211.1,212.2,211.6,209.1,206.6,202.4,203.7,205.7,208.3,211.0,213.1,214.7,213.1,210.8,208.3,206.0,203.9,207.9,209.0,210.0,210.3,209.8,208.7,207.7,207.4,234.9,235.5,237.7,240.3,241.6,241.0,238.8,236.1,232.7,234.0,236.0,238.7,241.2,243.2,244.6,243.5,241.7,239.5,237.0,234.6,237.3,238.4,239.4,239.6,239.0,237.9,237.0,236.7,351.1,348.5,347.3,348.2,350.5,353.3,354.3,353.5,352.5,351.0,350.0,349.3,349.6,350.6,352.0,353.0,353.5,353.9,353.8,353.5,352.1,352.4,351.9,350.8,349.7,349.4,349.9,351.0,348.3,345.7,344.3,345.1,347.4,350.0,351.3,350.8,350.2,348.4,347.0,346.2,346.4,347.1,348.3,349.5,350.2,350.7,350.8,350.8,349.1,349.5,348.9,347.7,346.7,346.4,347.0,348.1,-59.1,-57.7,-53.7,-49.4,-47.4,-48.5,-52.8,-57.1,-64.6,-62.2,-58.6,-54.1,-49.4,-45.8,-43.3,-45.9,-49.8,-54.0,-58.1,-61.8,-54.9,-53.0,-51.3,-50.7,-51.6,-53.4,-55.2,-55.8,-8.6,-7.6,-3.9,0.5,2.8,1.8,-2.0,-6.6,-12.4,-10.1,-6.7,-2.2,2.1,5.4,7.7,5.9,2.9,-0.8,-5.0,-9.1,-4.6,-2.7,-1.0,-0.6,-1.6,-3.5,-5.1,-5.6,53.1,48.8,46.7,48.1,52.1,56.8,58.6,57.2,55.9,53.1,51.2,50.0,50.4,52.2,54.8,56.4,57.1,57.7,57.8,57.3,54.8,55.4,54.5,52.6,50.8,50.2,51.1,53.0,47.6,43.2,41.1,42.3,46.3,50.7,52.8,51.9,50.9,47.9,45.5,44.2,44.5,45.8,48.1,49.9,51.0,51.6,51.9,51.9,49.2,49.7,48.8,46.9,45.1,44.6,45.5,47.4,889.8,890.2,890.1,889.6,888.9,888.8,888.7,889.2,894.3,891.6,889.0,887.6,887.8,889.0,890.5,889.1,887.8,887.7,889.1,891.6,890.1,889.9,889.8,890.0,890.3,890.5,890.5,890.4,877.2,878.1,879.2,879.9,879.7,878.8,877.6,877.1,878.0,877.0,876.4,876.8,878.9,881.9,885.0,881.9,878.9,876.9,876.3,877.0,878.6,878.9,879.4,879.8,879.9,879.6,879.1,878.7,1.57,0.76,0.11,0.00,0.00,0.00,0.00,0.00,0.12,0.10,0.90,0.13,0.00,0.00,0.16,0.00,0.00,1.00,1.00,0.00,1.00,0.00,0.00,0.00,0.00,0.00,1.00,0.00,0.00,0.00,1.00,0.00,0.00,0.00,0.00
239,0,16.605,0.98,1,0.148559,0.004373,-0.988894,-0.007543,0.017485,-0.999819,0.071,0.011,205.5,206.4,208.8,211.3,212.4,211.8,209.2,206.7,202.5,203.8,205.8,208.5,211.2,213.4,214.9,213.3,211.0,208.5,206.1,204.0,208.0,209.1,210.2,210.5,210.0,208.9,207.9,207.5,235.1,235.7,238.0,240.5,241.9,241.3,239.1,236.3,232.9,234.2,236.3,238.9,241.5,243.5,244.8,243.7,242.0,239.8,237.3,234.8,237.5,238.7,239.6,239.9,239.3,238.2,237.2,236.9,350.5,347.9,346.7,347.5,349.9,352.7,353.7,352.9,351.9,350.4,349.3,348.7,348.9,350.0,351.5,352.5,352.9,353.3,353.3,352.9,351.4,351.8,351.3,350.2,349.1,348.7,349.3,350.4,347.8,345.1,343.8,344.6,346.9,349.6,350.9,350.4,349.7,347.9,346.5,345.7,345.9,346.6,347.9,349.0,349.8,350.2,350.4,350.4,348.7,349.0,348.4,347.3,346.2,345.9,346.5,347.6,-58.4,-57.0,-52.9,-48.7,-46.6,-47.7,-52.1,-56.4,-63.9,-61.5,-57.8,-53.3,-48.7,-45.1,-42.5,-45.2,-49.1,-53.3,-57.4,-61.1,-54.2,-52.3,-50.5,-49.9,-50.8,-52.7,-54.4,-55.1,-8.2,-7.2,-3.4,0.9,3.2,2.2,-1.6,-6.1,-11.9,-9.6,-6.2,-1.8,2.5,5.8,8.1,6.3,3.4,-0.3,-4.5,-8.7,-4.1,-2.3,-0.6,-0.2,-1.2,-3.1,-4.7,-5.1,51.6,47.3,45.2,46.6,50.7,55.3,57.1,55.7,54.3,51.6,49.6,48.4,48.9,50.7,53.3,54.9,55.7,56.2,56.3,55.8,53.3,53.9,53.0,51.1,49.3,48.7,49.6,51.5,46.4,42.1,39.9,41.2,45.2,49.5,51.7,50.8,49.8,46.7,44.3,43.0,43.3,44.7,47.0,48.8,49.9,50.5,50.7,50.8,48.0,48.6,47.6,45.7,44.0,43.4,44.4,46.3,882.4,882.8,882.7,882.1,881.5,881.4,881.3,881.8,887.0,884.2,881.6,880.2,880.4,881.6,883.1,881.6,880.4,880.4,881.8,884.2,882.7,882.5,882.4,882.6,882.9,883.1,883.1,883.0,870.8,871.7,872.9,873.6,873.5,872.5,871.3,870.7,871.6,870.6,870.0,870.5,872.6,875.7,878.7,875.6,872.6,870.6,869.9,870.6,872.2,872.5,873.1,873.5,873.6,873.2,872.7,872.3,2.11,1.10,0.05,0.22,0.00,0.00,0.00,0.00,0.13,0.10,0.86,0.13,0.00,0.00,0.22,0.00,0.00,1.00,1.00,0.00,1.00,0.00,0.00,0.00,0.00,0.00,1.00,0.00,0.00,0.00,1.00,0.00,0.00,0.00,0.00
240,0,16.674,0.98,1,0.148376,-0.004934,-0.988919,-0.006743,0.008453,-0.999942,0.071,0.002,205.6,206.4,208.8,211.3,212.5,211.9,209.3,206.8,202.6,203.9,205.9,208.5,211.3,213.4,215.0,213.4,211.0,208.6,206.2,204.1,208.1,209.2,210.2,210.6,210.1,209.0,208.0,207.6,235.2,235.8,238.0,240.6,242.0,241.4,239.1,236.4,232.9,234.3,236.3,239.0,241.6,243.5,244.9,243.8,242.1,239.9,237.4,234.9,237.6,238.7,239.7,240.0,239.4,238.2,237.3,237.0,349.7,347.2,345.9,346.8,349.2,352.0,353.0,352.2,351.2,349.7,348.6,347.9,348.2,349.2,350.7,351.7,352.2,352.5,352.5,352.2,350.7,351.1,350.6,349.4,348.4,348.0,348.5,349.7,347.0,344.4,343.1,343.8,346.2,348.8,350.2,349.6,349.0,347.2,345.8,345.0,345.1,345.9,347.2,348.3,349.1,349.5,349.7,349.6,347.9,348.3,347.7,346.6,345.5,345.2,345.8,346.9,-58.2,-56.8,-52.8,-48.5,-46.5,-47.6,-51.9,-56.2,-63.7,-61.3,-57.7,-53.2,-48.5,-44.9,-42.4,-45.1,-48.9,-53.1,-57.2,-60.9,-54.0,-52.2,-50.4,-49.8,-50.7,-52.5,-54.3,-54.9,-8.0,-7.0,-3.3,1.0,3.3,2.3,-1.4,-6.0,-11.8,-9.5,-6.1,-1.6,2.6,6.0,8.2,6.4,3.5,-0.2,-4.4,-8.5,-4.0,-2.1,-0.5,-0.0,-1.1,-2.9,-4.6,-5.0,50.4,46.0,43.9,45.4,49.4,54.1,55.8,54.4,53.1,50.3,48.3,47.1,47.6,49.4,52.1,53.7,54.4,55.0,55.0,54.6,52.0,52.6,51.7,49.8,48.1,47.5,48.4,50.3,45.1,40.8,38.6,39.9,43.9,48.2,50.4,49.5,48.5,45.4,43.0,41.7,42.1,43.4,45.8,47.6,48.6,49.2,49.4,49.5,46.7,47.3,46.4,44.5,42.7,42.2,43.1,45.0,881.8,882.2,882.1,881.6,880.9,880.7,880.6,881.2,886.3,883.6,881.0,879.6,879.8,881.0,882.4,881.0,879.7,879.7,881.1,883.6,882.1,881.8,881.8,882.0,882.3,882.5,882.5,882.4,869.4,870.4,871.6,872.3,872.1,871.1,869.9,869.3,870.1,869.2,868.6,869.1,871.3,874.4,877.4,874.2,871.2,869.2,868.5,869.1,870.8,871.1,871.7,872.1,872.2,871.9,871.3,870.9,2.26,1.28,0.00,0.46,0.00,0.00,0.00,0.00,0.11,0.07,0.77,0.09,0.00,0.00,0.27,0.00,0.00,1.00,1.00,0.00,1.00,0.00,0.00,0.00,0.00,0.00,1.00,0.00,0.00,0.00,1.00,0.00,0.00,0.00,0.00
241,0,16.744,0.98,1,0.148424,-0.009272,-0.988880,-0.006719,0.004175,-0.999969,0.071,-0.003,205.7,206.5,208.9,211.4,212.6,211.9,209.3,206.8,202.6,203.9,206.0,208.6,211.3,213.5,215.1,213.4,211.1,208.6,206.2,204.1,208.2,209.3,210.3,210.7,210.2,209.1,208.0,207.6,235.2,235.8,238.1,240.7,242.0,241.4,239.2,236.4,233.0,234.4,236.4,239.1,241.6,243.6,244.9,243.9,242.1,239.9,237.4,234.9,237.6,238.8,239.8,240.0,239.4,238.3,237.3,237.0,349.4,346.9,345.7,346.5,348.9,351.7,352.7,351.9,350.9,349.4,348.3,347.6,347.9,348.9,350.4,351.4,351.9,352.2,352.2,351.9,350.4,350.8,350.3,349.1,348.1,347.7,348.2,349.4,346.8,344.1,342.8,343.6,346.0,348.6,349.9,349.4,348.7,346.9,345.5,344.7,344.9,345.6,346.9,348.1,348.8,349.2,349.4,349.4,347.7,348.0,347.4,346.3,345.2,344.9,345.5,346.6,-58.1,-56.7,-52.7,-48.4,-46.4,-47.5,-51.8,-56.1,-63.6,-61.2,-57.6,-53.1,-48.4,-44.8,-42.3,-44.9,-48.8,-53.0,-57.1,-60.8,-53.9,-52.0,-50.3,-49.7,-50.6,-52.4,-54.2,-54.8,-8.0,-6.9,-3.2,1.1,3.4,2.4,-1.4,-5.9,-11.7,-9.4,-6.0,-1.6,2.7,6.0,8.3,6.5,3.6,-0.1,-4.3,-8.5,-3.9,-2.1,-0.4,0.0,-1.0,-2.9,-4.5,-4.9,49.9,45.5,43.4,44.8,48.9,53.5,55.3,53.9,52.6,49.9,47.8,46.6,47.1,48.9,51.6,53.1,53.9,54.5,54.5,54.0,51.5,52.1,51.2,49.3,47.6,46.9,47.9,49.8,44.7,40.3,38.2,39.5,43.5,47.8,49.9,49.0,48.0,44.9,42.6,41.2,41.6,43.0,45.4,47.1,48.2,48.8,49.0,49.0,46.3,46.8,45.9,44.0,42.3,41.7,42.6,44.5,881.7,882.1,882.0,881.5,880.8,880.6,880.5,881.1,886.2,883.5,880.9,879.5,879.8,880.9,882.4,880.9,879.6,879.6,881.0,883.5,882.0,881.8,881.7,881.9,882.2,882.4,882.5,882.3,869.4,870.4,871.6,872.4,872.2,871.1,869.9,869.4,870.2,869.2,868.7,869.2,871.3,874.4,877.4,874.3,871.2,869.2,868.5,869.2,870.9,871.2,871.7,872.2,872.3,871.9,871.4,871.0,2.04,1.14,0.00,0.49,0.00,0.00,0.00,0.00,0.15,0.00,0.65,0.00,0.00,0.00,0.30,0.00,0.00,1.00,1.00,0.00,1.00,0.00,0.00,0.00,0.00,0.00,1.00,0.00,0.00,0.00,1.00,0.00,0.00,0.00,0.00
242,0,16.814,0.98,1,0.149511,-0.007279,-0.988733,-0.008515,0.005431,-0.999949,0.071,-0.001,205.8,206.7,209.0,211.5,212.7,212.0,209.5,207.0,202.8,204.1,206.1,208.7,211.5,213.6,215.2,213.5,211.2,208.8,206.4,204.3,208.3,209.4,210.4,210.8,210.3,209.2,208.2,207.8,235.4,236.0,238.2,240.8,242.2,241.5,239.3,236.6,233.2,234.5,236.5,239.2,241.8,243.7,245.0,244.0,242.2,240.0,237.5,235.1,237.8,238.9,239.9,240.2,239.6,238.4,237.5,237.2,349.7,347.1,345.9,346.8,349.2,351.9,352.9,352.1,351.2,349.6,348.6,347.9,348.2,349.2,350.7,351.6,352.1,352.4,352.4,352.1,350.7,351.0,350.5,349.4,348.3,348.0,348.5,349.6,347.0,344.4,343.1,343.9,346.3,348.9,350.2,349.6,349.0,347.2,345.8,345.0,345.2,345.9,347.2,348.3,349.0,349.4,349.6,349.6,348.0,348.3,347.7,346.6,345.5,345.2,345.8,346.9,-58.3,-56.9,-52.8,-48.6,-46.5,-47.6,-52.0,-56.3,-63.8,-61.4,-57.7,-53.2,-48.6,-45.0,-42.4,-45.1,-48.9,-53.2,-57.3,-61.0,-54.1,-52.2,-50.4,-49.8,-50.7,-52.6,-54.4,-55.0,-7.8,-6.7,-3.0,1.3,3.6,2.6,-1.2,-5.7,-11.5,-9.2,-5.8,-1.3,3.0,6.3,8.6,6.7,3.8,0.1,-4.1,-8.3,-3.7,-1.8,-0.2,0.3,-0.8,-2.6,-4.3,-4.7,50.7,46.3,44.3,45.7,49.7,54.4,56.1,54.7,53.4,50.7,48.7,47.5,48.0,49.8,52.4,53.9,54.7,55.2,55.3,54.8,52.3,53.0,52.1,50.2,48.4,47.8,48.7,50.6,45.5,41.2,39.0,40.3,44.3,48.6,50.8,49.8,48.8,45.8,43.4,42.1,42.5,43.9,46.2,47.9,48.9,49.5,49.7,49.8,47.1,47.7,46.7,44.8,43.1,42.5,43.5,45.4,888.6,889.0,889.0,888.5,887.8,887.6,887.4,887.9,893.1,890.4,887.8,886.4,886.7,887.9,889.3,887.9,886.5,886.5,887.8,890.3,888.9,888.7,888.6,888.8,889.1,889.3,889.4,889.2,876.2,877.2,878.4,879.1,878.8,877.8,876.6,876.1,877.0,876.0,875.4,875.9,878.0,881.1,884.1,880.9,877.9,875.9,875.3,875.9,877.6,877.9,878.4,878.9,879.0,878.7,878.1,877.7,1.44,0.76,0.09,0.27,0.00,0.00,0.00,0.00,0.20,0.00,0.66,0.00,0.00,0.00,0.39,0.00,0.00,1.00,1.00,0.00,1.00,0.00,0.00,0.00,0.00,0.00,1.00,0.00,0.00,0.00,1.00,0.00,0.00,0.00,0.00
243,0,16.884,0.98,1,0.148834,0.006260,-0.988842,-0.015089,0.016784,-0.999745,0.067,0.012,206.2,207.0,209.4,211.8,212.9,212.3,209.7,207.3,203.1,204.4,206.5,209.0,211.7,213.8,215.3,213.7,211.5,209.0,206.7,204.6,208.6,209.7,210.7,211.1,210.6,209.5,208.5,208.1,235.6,236.2,238.4,240.9,242.3,241.6,239.4,236.7,233.4,234.7,236.7,239.3,241.9,243.8,245.1,244.1,242.3,240.1,237.7,235.2,237.9,239.0,240.0,240.3,239.7,238.6,237.6,237.4,350.2,347.7,346.6,347.4,349.8,352.5,353.5,352.6,351.7,350.2,349.2,348.6,348.9,349.8,351.3,352.2,352.6,352.9,352.9,352.5,351.2,351.6,351.1,350.0,349.0,348.6,349.1,350.2,347.8,345.3,344.0,344.7,347.1,349.6,350.9,350.4,349.7,348.0,346.7,345.9,346.1,346.8,348.0,349.1,349.8,350.2,350.3,350.3,348.7,349.1,348.5,347.4,346.4,346.0,346.6,347.7,-58.7,-57.2,-53.2,-48.9,-46.9,-48.0,-52.4,-56.7,-64.3,-61.8,-58.1,-53.5,-48.9,-45.4,-42.8,-45.5,-49.3,-53.6,-57.7,-61.5,-54.5,-52.6,-50.8,-50.2,-51.1,-52.9,-54.7,-55.3,-7.6,-6.5,-2.7,1.6,3.9,2.8,-1.0,-5.6,-11.4,-9.0,-5.6,-1.1,3.2,6.6,8.9,7.0,4.0,0.2,-4.0,-8.2,-3.5,-1.6,0.0,0.5,-0.5,-2.4,-4.1,-4.5,52.4,48.1,46.1,47.5,51.6,56.3,58.0,56.5,55.2,52.5,50.6,49.4,50.0,51.7,54.3,55.8,56.5,57.0,57.0,56.5,54.2,54.8,53.9,52.0,50.2,49.6,50.5,52.4,47.6,43.3,41.1,42.4,46.4,50.8,52.9,52.0,50.9,47.9,45.6,44.3,44.7,46.1,48.3,50.0,51.0,51.6,51.8,51.9,49.2,49.8,48.9,47.0,45.2,44.7,45.6,47.5,903.2,903.6,903.6,903.1,902.5,902.2,902.0,902.5,907.6,904.9,902.4,901.0,901.3,902.5,904.0,902.5,901.2,901.1,902.4,904.8,903.5,903.3,903.3,903.5,903.8,904.0,904.0,903.8,891.1,892.1,893.2,893.8,893.6,892.6,891.4,891.0,891.9,890.9,890.3,890.7,892.8,895.7,898.7,895.6,892.6,890.7,890.1,890.8,892.4,892.7,893.2,893.7,893.8,893.5,893.0,892.6,0.78,0.43,0.27,0.03,0.00,0.00,0.02,0.00,0.25,0.13,0.56,0.08,0.00,0.00,0.44,0.00,0.17,0.00,0.00,0.00,1.00,0.00,0.00,0.00,0.00,0.00,1.00,0.00,0.00,0.00,1.00,0.00,0.00,0.00,0.00
244,0,16.953,0.98,1,0.159423,0.029294,-0.986776,-0.014602,0.042519,-0.998989,0.073,0.036,206.5,207.3,209.6,212.0,213.2,212.5,210.1,207.6,203.5,204.8,206.8,209.4,212.0,214.0,215.5,214.0,211.8,209.4,207.0,205.0,208.9,210.0,211.0,211.3,210.8,209.8,208.8,208.4,235.6,236.3,238.4,240.9,242.2,241.6,239.4,236.8,233.5,234.8,236.8,239.4,241.8,243.8,245.1,244.0,242.3,240.1,237.7,235.3,238.0,239.1,240.0,240.3,239.7,238.6,237.7,237.4,352.0,349.5,348.4,349.2,351.5,354.2,355.2,354.3,353.3,352.0,351.1,350.5,350.7,351.6,352.9,353.8,354.2,354.5,354.5,354.2,352.9,353.3,352.8,351.7,350.7,350.3,350.8,351.9,349.4,346.9,345.6,346.4,348.7,351.2,352.5,351.9,351.2,349.7,348.4,347.7,347.8,348.4,349.5,350.6,351.2,351.7,351.8,351.8,350.3,350.6,350.1,349.0,348.0,347.6,348.2,349.3,-59.4,-58.0,-53.9,-49.6,-47.6,-48.7,-53.1,-57.4,-65.2,-62.6,-58.8,-54.3,-49.7,-46.1,-43.6,-46.2,-50.0,-54.3,-58.5,-62.3,-55.2,-53.3,-51.6,-50.9,-51.8,-53.7,-55.5,-56.1,-7.6,-6.6,-2.7,1.6,3.9,2.8,-1.0,-5.6,-11.4,-9.1,-5.6,-1.1,3.2,6.7,9.0,7.1,4.0,0.2,-4.1,-8.2,-3.5,-1.6,0.0,0.5,-0.5,-2.4,-4.1,-4.5,56.8,52.4,50.4,51.8,55.9,60.6,62.3,60.9,59.4,56.9,55.1,54.0,54.5,56.1,58.5,60.0,60.7,61.2,61.3,60.8,58.5,59.2,58.3,56.3,54.5,53.9,54.8,56.7,51.6,47.2,45.1,46.4,50.4,54.8,56.9,56.0,54.8,52.0,49.8,48.5,48.8,50.1,52.1,53.9,54.9,55.5,55.7,55.8,53.2,53.8,52.8,50.9,49.2,48.6,49.6,51.5,924.5,925.0,925.0,924.7,924.1,924.0,923.7,924.0,928.9,926.2,923.7,922.5,922.9,924.3,925.9,924.3,922.8,922.6,923.9,926.2,925.0,924.9,924.9,925.1,925.3,925.5,925.4,925.3,913.4,914.3,915.3,915.9,915.7,914.8,913.8,913.4,914.4,913.3,912.5,912.8,914.8,917.8,920.8,917.7,914.8,912.9,912.5,913.3,914.8,915.0,915.5,915.8,915.9,915.7,915.2,914.8,0.36,0.19,0.41,0.00,0.00,0.00,0.02,0.14,0.33,0.49,0.51,0.19,0.04,0.00,0.89,0.15,0.40,0.00,0.00,0.00,1.00,0.00,0.00,0.00,0.00,0.00,1.00,0.00,0.00,0.00,1.00,0.00,0.00,0.00,1.00
245,0,17.023,0.98,1,0.157265,0.050377,-0.986271,-0.016262,0.065382,-0.997728,0.071,0.058,206.5,207.4,209.7,212.1,213.2,212.5,210.1,207.7,203.5,204.8,206.9,209.4,212.0,214.0,215.5,214.0,211.8,209.4,207.0,205.0,208.9,210.0,211.0,211.3,210.9,209.8,208.8,208.4,235.7,236.3,238.5,241.0,242.3,241.7,239.5,236.9,233.6,234.9,236.9,239.5,242.0,243.9,245.2,244.1,242.4,240.2,237.7,235.4,238.1,239.2,240.1,240.4,239.8,238.7,237.8,237.5,352.8,350.3,349.2,350.0,352.3,355.0,355.9,355.1,354.1,352.8,351.9,351.4,351.6,352.5,353.7,354.6,355.0,355.3,355.2,354.9,353.7,354.1,353.6,352.5,351.5,351.1,351.6,352.7,350.3,347.8,346.5,347.2,349.5,352.0,353.3,352.8,352.1,350.5,349.3,348.6,348.7,349.3,350.3,351.4,352.1,352.5,352.6,352.6,351.2,351.5,350.9,349.8,348.8,348.5,349.0,350.2,-59.5,-58.1,-54.0,-49.7,-47.7,-48.8,-53.2,-57.5,-65.3,-62.7,-58.9,-54.3,-49.7,-46.2,-43.6,-46.3,-50.1,-54.4,-58.6,-62.4,-55.3,-53.4,-51.6,-51.0,-51.9,-53.8,-55.6,-56.2,-7.5,-6.4,-2.6,1.8,4.1,3.0,-0.8,-5.5,-11.3,-8.9,-5.4,-0.9,3.4,6.9,9.2,7.2,4.2,0.3,-3.9,-8.1,-3.4,-1.5,0.2,0.7,-0.3,-2.2,-3.9,-4.4,58.3,53.9,51.9,53.4,57.5,62.2,63.9,62.4,60.9,58.5,56.7,55.7,56.1,57.7,60.1,61.5,62.1,62.6,62.7,62.2,60.1,60.7,59.8,57.9,56.1,55.5,56.3,58.3,53.0,48.7,46.5,47.8,51.8,56.2,58.4,57.4,56.2,53.5,51.3,50.1,50.4,51.5,53.5,55.2,56.2,56.8,57.1,57.1,54.6,55.2,54.3,52.3,50.6,50.0,51.0,52.9,926.7,927.2,927.3,926.9,926.4,926.1,925.8,926.1,931.0,928.3,925.9,924.7,925.1,926.5,928.1,926.5,925.0,924.7,926.0,928.3,927.2,927.0,927.1,927.3,927.5,927.7,927.6,927.4,911.9,912.8,913.8,914.4,914.2,913.3,912.3,911.9,913.0,911.8,911.0,911.3,913.3,916.3,919.3,916.2,913.3,911.4,911.0,911.8,913.3,913.5,914.0,914.3,914.4,914.2,913.7,913.4,0.30,0.23,0.56,0.00,0.00,0.00,0.02,0.32,0.48,1.01,0.44,0.31,0.12,0.00,1.35,0.35,0.65,0.00,0.00,1.00,1.00,0.00,0.00,0.00,1.00,0.00,1.00,0.00,0.00,0.00,1.00,1.00,0.00,0.00,1.00
246,0,17.093,0.98,1,0.157331,0.059977,-0.985723,-0.018279,0.073329,-0.997140,0.070,0.067,206.6,207.4,209.8,212.2,213.2,212.6,210.1,207.7,203.5,204.9,206.9,209.4,212.0,214.1,215.5,214.0,211.8,209.4,207.1,205.0,208.9,210.0,211.0,211.4,210.9,209.9,208.9,208.5,235.7,236.3,238.5,241.0,242.3,241.7,239.5,236.9,233.5,234.9,236.9,239.5,241.9,243.9,245.2,244.1,242.4,240.2,237.7,235.4,238.1,239.2,240.1,240.4,239.8,238.7,237.8,237.5,352.9,350.4,349.3,350.2,352.5,355.2,356.1,355.2,354.2,352.9,352.0,351.5,351.7,352.6,353.9,354.8,355.1,355.4,355.4,355.0,353.9,354.3,353.8,352.7,351.7,351.3,351.8,352.8,350.6,348.1,346.8,347.5,349.8,352.4,353.7,353.1,352.4,350.9,349.6,348.9,349.0,349.6,350.7,351.7,352.4,352.8,353.0,353.0,351.5,351.8,351.3,350.2,349.2,348.8,349.4,350.5,-59.4,-57.9,-53.8,-49.5,-47.5,-48.7,-53.1,-57.4,-65.2,-62.5,-58.8,-54.2,-49.6,-46.0,-43.5,-46.2,-50.0,-54.3,-58.5,-62.3,-55.2,-53.3,-51.5,-50.9,-51.7,-53.6,-55.4,-56.1,-7.5,-6.4,-2.6,1.8,4.1,3.0,-0.8,-5.5,-11.3,-8.9,-5.4,-1.0,3.4,6.8,9.2,7.2,4.1,0.3,-4.0,-8.1,-3.4,-1.5,0.2,0.7,-0.3,-2.2,-3.9,-4.4,58.4,54.1,52.1,53.6,57.8,62.4,64.1,62.5,61.0,58.6,56.8,55.8,56.3,58.0,60.4,61.8,62.3,62.8,62.8,62.3,60.2,60.9,60.0,58.1,56.3,55.6,56.5,58.4,53.6,49.2,47.0,48.3,52.3,56.7,58.9,58.0,56.8,54.0,51.8,50.5,50.9,52.1,54.1,55.8,56.7,57.3,57.6,57.7,55.2,55.7,54.8,52.9,51.1,50.6,51.5,53.4,925.6,926.1,926.2,925.8,925.2,924.9,924.6,924.9,929.9,927.2,924.8,923.5,924.0,925.3,926.9,925.2,923.8,923.5,924.8,927.1,926.0,925.8,925.9,926.1,926.4,926.5,926.5,926.3,910.8,911.7,912.7,913.3,913.1,912.2,911.2,910.8,911.8,910.7,909.9,910.2,912.2,915.2,918.2,915.1,912.2,910.3,909.8,910.7,912.2,912.4,912.9,913.2,913.3,913.1,912.6,912.3,0.19,0.10,0.68,0.00,0.00,0.00,0.00,0.57,0.63,1.33,0.31,0.25,0.15,0.00,1.71,0.56,0.59,0.00,0.00,1.00,1.00,0.00,0.00,0.00,1.00,0.00,1.00,0.00,0.00,0.00,1.00,1.00,0.00,0.00,1.00
247,0,17.163,0.98,1,0.159048,0.058578,-0.985531,-0.016147,0.070177,-0.997404,0.072,0.065,206.5,207.4,209.7,212.1,213.2,212.5,210.0,207.6,203.4,204.8,206.8,209.4,212.0,214.1,215.5,214.0,211.7,209.3,207.0,204.9,208.9,209.9,211.0,211.4,210.9,209.8,208.8,208.4,235.9,236.5,238.7,241.2,242.5,241.9,239.7,237.0,233.7,235.1,237.1,239.6,242.1,244.1,245.4,244.3,242.5,240.4,237.9,235.5,238.2,239.3,240.3,240.6,240.0,238.9,237.9,237.7,352.7,350.3,349.2,350.1,352.4,355.1,356.0,355.1,354.1,352.8,351.9,351.3,351.6,352.6,353.9,354.7,355.1,355.3,355.3,354.9,353.8,354.2,353.7,352.6,351.6,351.2,351.7,352.7,350.6,348.1,346.8,347.5,349.8,352.4,353.6,353.1,352.4,350.9,349.6,348.9,349.0,349.6,350.7,351.8,352.4,352.8,353.0,353.0,351.5,351.8,351.3,350.1,349.1,348.8,349.4,350.5,-59.2,-57.7,-53.5,-49.3,-47.3,-48.6,-53.0,-57.2,-65.0,-62.3,-58.6,-54.0,-49.4,-45.8,-43.3,-46.0,-49.8,-54.1,-58.3,-62.1,-55.0,-53.1,-51.3,-50.7,-51.5,-53.4,-55.2,-55.9,-7.2,-6.1,-2.3,2.1,4.4,3.3,-0.6,-5.2,-11.0,-8.6,-5.1,-0.7,3.7,7.1,9.5,7.5,4.4,0.6,-3.7,-7.8,-3.1,-1.2,0.5,1.0,-0.0,-1.9,-3.6,-4.1,57.9,53.6,51.6,53.2,57.3,61.9,63.6,62.0,60.5,58.0,56.3,55.3,55.8,57.5,60.0,61.3,61.9,62.3,62.3,61.8,59.7,60.4,59.5,57.6,55.8,55.2,56.0,57.9,53.4,49.0,46.9,48.2,52.2,56.6,58.7,57.8,56.6,53.8,51.6,50.4,50.7,51.9,54.0,55.7,56.6,57.2,57.4,57.5,55.0,55.6,54.7,52.7,51.0,50.4,51.4,53.3,920.6,921.1,921.2,920.8,920.2,919.9,919.6,920.0,924.9,922.2,919.8,918.6,919.0,920.3,921.8,920.2,918.8,918.5,919.8,922.2,921.0,920.8,920.9,921.1,921.4,921.6,921.5,921.3,908.6,909.5,910.5,911.1,910.9,910.0,908.9,908.5,909.6,908.4,907.7,908.0,910.0,913.0,916.0,912.9,910.0,908.1,907.6,908.4,909.9,910.2,910.6,911.0,911.1,910.9,910.4,910.0,0.10,0.05,0.88,0.00,0.00,0.00,0.00,0.66,0.70,1.42,0.21,0.19,0.17,0.00,1.70,0.61,0.49,0.00,0.00,1.00,1.00,0.00,0.00,0.00,1.00,0.00,1.00,0.00,0.00,0.00,1.00,1.00,0.00,0.00,1.00
248,0,17.233,0.98,1,0.163637,0.055153,-0.984978,-0.013865,0.066744,-0.997674,0.075,0.061,206.6,207.5,209.9,212.3,213.3,212.6,210.1,207.7,203.5,204.9,207.0,209.5,212.2,214.2,215.6,214.1,211.9,209.4,207.1,205.0,209.0,210.1,211.1,211.5,211.0,209.9,208.9,208.5,236.0,236.7,238.9,241.3,242.7,242.0,239.8,237.2,233.9,235.2,237.2,239.8,242.3,244.2,245.6,244.5,242.7,240.5,238.1,235.7,238.4,239.5,240.4,240.7,240.1,239.1,238.1,237.8,352.9,350.4,349.3,350.2,352.6,355.2,356.1,355.2,354.2,352.9,352.0,351.4,351.8,352.7,354.0,354.9,355.2,355.4,355.4,355.0,353.9,354.3,353.8,352.7,351.7,351.3,351.8,352.8,350.8,348.2,347.0,347.7,350.0,352.5,353.8,353.3,352.6,351.0,349.8,349.0,349.2,349.8,350.9,351.9,352.6,353.0,353.1,353.2,351.7,352.0,351.4,350.3,349.3,349.0,349.5,350.6,-58.9,-57.3,-53.2,-48.9,-47.0,-48.2,-52.6,-56.9,-64.7,-62.0,-58.2,-53.6,-49.0,-45.5,-43.0,-45.7,-49.5,-53.8,-58.0,-61.8,-54.7,-52.8,-51.0,-50.3,-51.2,-53.1,-54.9,-55.5,-6.9,-5.8,-2.0,2.4,4.7,3.6,-0.3,-4.9,-10.7,-8.3,-4.9,-0.4,4.0,7.4,9.8,7.8,4.7,0.9,-3.4,-7.5,-2.8,-0.9,0.8,1.3,0.3,-1.7,-3.3,-3.8,57.9,53.6,51.7,53.2,57.4,62.0,63.6,62.1,60.5,58.1,56.3,55.3,55.9,57.6,60.1,61.4,62.0,62.4,62.4,61.9,59.8,60.5,59.6,57.7,55.9,55.2,56.1,58.0,53.6,49.3,47.1,48.4,52.5,56.8,59.0,58.0,56.9,54.1,51.8,50.6,50.9,52.2,54.3,55.9,56.9,57.5,57.7,57.8,55.3,55.9,54.9,53.0,51.2,50.7,51.6,53.5,918.4,918.9,919.0,918.7,918.1,917.8,917.4,917.8,922.7,920.0,917.6,916.4,916.8,918.2,919.8,918.1,916.6,916.4,917.6,920.0,918.9,918.7,918.8,919.0,919.2,919.4,919.4,919.1,908.0,908.9,910.0,910.5,910.3,909.4,908.4,908.0,909.0,907.9,907.1,907.5,909.5,912.4,915.5,912.3,909.4,907.5,907.0,907.9,909.4,909.6,910.1,910.5,910.6,910.3,909.9,909.5,0.03,0.00,0.99,0.00,0.00,0.00,0.00,0.63,0.63,1.30,0.07,0.17,0.09,0.00,1.53,0.62,0.34,0.00,0.00,1.00,1.00,0.00,0.00,0.00,1.00,0.00,1.00,0.00,0.00,0.00,1.00,1.00,0.00,0.00,1.00
249,0,17.302,0.98,1,0.164521,0.053005,-0.984948,-0.011151,0.064196,-0.997875,0.077,0.059,206.7,207.6,209.9,212.3,213.4,212.7,210.2,207.7,203.6,204.9,207.0,209.6,212.2,214.2,215.7,214.1,211.9,209.5,207.1,205.1,209.0,210.1,211.1,211.5,211.0,210.0,209.0,208.6,236.1,236.7,238.9,241.4,242.7,242.1,239.9,237.2,233.9,235.3,237.3,239.8,242.3,244.2,245.6,244.5,242.7,240.5,238.1,235.7,238.4,239.5,240.5,240.7,240.2,239.1,238.1,237.9,352.8,350.4,349.3,350.2,352.5,355.2,356.1,355.2,354.1,352.8,351.9,351.4,351.7,352.6,354.0,354.8,355.2,355.4,355.4,355.0,353.9,354.2,353.8,352.7,351.7,351.3,351.7,352.8,350.7,348.2,347.0,347.7,350.0,352.5,353.8,353.3,352.5,351.0,349.7,349.0,349.2,349.8,350.9,351.9,352.6,353.0,353.1,353.1,351.6,351.9,351.4,350.3,349.3,349.0,349.5,350.6,-58.9,-57.3,-53.2,-48.9,-47.0,-48.2,-52.7,-56.9,-64.7,-62.0,-58.2,-53.6,-49.1,-45.5,-43.0,-45.7,-49.5,-53.8,-58.0,-61.8,-54.7,-52.8,-51.0,-50.4,-51.2,-53.1,-54.9,-55.6,-6.9,-5.8,-1.9,2.4,4.7,3.6,-0.2,-4.9,-10.7,-8.3,-4.8,-0.3,4.0,7.4,9.8,7.8,4.8,1.0,-3.3,-7.5,-2.8,-0.9,0.8,1.3,0.3,-1.6,-3.3,-3.8,58.0,53.7,51.7,53.3,57.4,62.1,63.7,62.1,60.6,58.1,56.4,55.4,55.9,57.6,60.1,61.5,62.0,62.4,62.4,61.9,59.8,60.5,59.7,57.8,56.0,55.3,56.1,58.0,53.7,49.4,47.2,48.5,52.6,56.9,59.1,58.1,57.0,54.2,51.9,50.7,51.0,52.3,54.4,56.1,57.0,57.6,57.8,57.9,55.4,56.0,55.0,53.1,51.3,50.8,51.7,53.6,919.9,920.5,920.6,920.2,919.6,919.3,919.0,919.3,924.2,921.6,919.2,917.9,918.4,919.7,921.3,919.7,918.2,917.9,919.2,921.5,920.4,920.2,920.3,920.5,920.8,920.9,920.9,920.7,910.6,911.5,912.6,913.2,912.9,912.0,911.0,910.5,911.6,910.4,909.7,910.1,912.1,915.0,918.1,915.0,912.0,910.1,909.6,910.4,911.9,912.2,912.7,913.1,913.2,912.9,912.4,912.0,0.04,0.03,0.98,0.00,0.00,0.00,0.00,0.59,0.63,1.28,0.10,0.21,0.05,0.00,1.48,0.65,0.32,0.00,0.00,1.00,1.00,0.00,0.00,0.00,1.00,0.00,1.00,0.00,0.00,0.00,1.00,1.00,0.00,0.00,1.00
250,0,17.372,0.98,1,0.164602,0.054054,-0.984878,-0.010701,0.065050,-0.997825,0.077,0.060,206.6,207.5,209.9,212.3,213.4,212.6,210.1,207.7,203.5,204.9,207.0,209.5,212.2,214.2,215.7,214.1,211.9,209.4,207.1,205.0,209.0,210.1,211.1,211.5,211.0,209.9,208.9,208.5,236.1,236.7,238.9,241.4,242.7,242.1,239.9,237.2,233.9,235.3,237.3,239.8,242.3,244.3,245.6,244.5,242.8,240.6,238.1,235.7,238.5,239.5,240.5,240.8,240.2,239.1,238.2,237.9,352.8,350.3,349.2,350.1,352.5,355.1,356.1,355.2,354.1,352.8,351.9,351.4,351.7,352.6,353.9,354.8,355.2,355.4,355.3,355.0,353.8,354.2,353.7,352.6,351.6,351.2,351.7,352.8,350.7,348.2,346.9,347.6,349.9,352.5,353.7,353.2,352.5,350.9,349.7,349.0,349.1,349.7,350.8,351.9,352.5,352.9,353.1,353.1,351.6,351.9,351.4,350.2,349.2,348.9,349.5,350.6,-58.7,-57.2,-53.0,-48.8,-46.8,-48.1,-52.5,-56.8,-64.5,-61.8,-58.1,-53.5,-48.9,-45.3,-42.8,-45.5,-49.4,-53.6,-57.8,-61.6,-54.5,-52.7,-50.9,-50.2,-51.0,-52.9,-54.7,-55.4,-6.8,-5.7,-1.9,2.5,4.8,3.7,-0.2,-4.8,-10.6,-8.2,-4.7,-0.3,4.1,7.5,9.8,7.9,4.8,1.0,-3.3,-7.4,-2.7,-0.8,0.9,1.4,0.4,-1.6,-3.2,-3.7,57.7,53.3,51.4,52.9,57.1,61.7,63.4,61.8,60.2,57.8,56.0,55.0,55.6,57.3,59.8,61.2,61.7,62.1,62.1,61.6,59.5,60.2,59.3,57.4,55.6,54.9,55.8,57.7,53.5,49.1,47.0,48.3,52.3,56.7,58.8,57.9,56.7,53.9,51.7,50.4,50.8,52.0,54.1,55.8,56.8,57.4,57.6,57.7,55.1,55.7,54.8,52.9,51.1,50.5,51.5,53.4,916.0,916.5,916.5,916.2,915.6,915.3,915.0,915.4,920.3,917.6,915.2,913.9,914.4,915.7,917.3,915.6,914.2,914.0,915.2,917.6,916.4,916.2,916.3,916.5,916.8,916.9,916.9,916.7,907.7,908.6,909.6,910.2,910.0,909.1,908.0,907.6,908.7,907.5,906.8,907.2,909.1,912.1,915.2,912.0,909.1,907.2,906.7,907.5,909.0,909.3,909.8,910.2,910.2,910.0,909.5,909.1,0.03,0.03,0.74,0.00,0.00,0.00,0.00,0.46,0.49,1.13,0.07,0.23,0.00,0.00,1.27,0.65,0.33,0.00,0.00,1.00,1.00,0.00,0.00,0.00,1.00,0.00,1.00,0.00,0.00,0.00,1.00,1.00,0.00,0.00,1.00
251,0,17.442,0.98,1,0.157063,0.058750,-0.985840,-0.009524,0.068723,-0.997590,0.074,0.064,206.7,207.6,209.9,212.3,213.4,212.7,210.2,207.8,203.6,205.0,207.0,209.6,212.2,214.3,215.7,214.1,211.9,209.5,207.1,205.1,209.1,210.1,211.1,211.5,211.1,210.0,209.0,208.6,236.1,236.7,238.9,241.4,242.7,242.1,239.9,237.2,233.9,235.3,237.3,239.8,242.3,244.3,245.6,244.5,242.7,240.6,238.1,235.7,238.4,239.5,240.5,240.8,240.2,239.1,238.1,237.9,352.6,350.1,349.0,349.9,352.2,354.9,355.8,355.0,353.9,352.6,351.6,351.1,351.4,352.3,353.7,354.6,355.0,355.2,355.2,354.8,353.6,354.0,353.5,352.4,351.4,351.0,351.5,352.6,350.5,347.9,346.7,347.4,349.7,352.3,353.5,353.0,352.3,350.7,349.4,348.7,348.9,349.5,350.6,351.7,352.3,352.7,352.9,352.9,351.4,351.7,351.1,350.0,349.0,348.7,349.2,350.3,-58.6,-57.1,-53.0,-48.7,-46.7,-48.0,-52.4,-56.6,-64.3,-61.7,-58.0,-53.4,-48.8,-45.2,-42.7,-45.4,-49.3,-53.5,-57.7,-61.5,-54.4,-52.5,-50.7,-50.1,-50.9,-52.8,-54.6,-55.3,-6.8,-5.7,-1.9,2.4,4.7,3.6,-0.2,-4.8,-10.6,-8.2,-4.8,-0.3,4.0,7.4,9.7,7.8,4.8,1.0,-3.3,-7.4,-2.7,-0.9,0.8,1.3,0.3,-1.6,-3.3,-3.7,57.3,52.9,51.0,52.5,56.6,61.3,62.9,61.4,59.8,57.3,55.6,54.5,55.1,56.8,59.3,60.7,61.3,61.8,61.8,61.2,59.1,59.7,58.9,57.0,55.2,54.5,55.4,57.3,52.9,48.6,46.4,47.8,51.8,56.2,58.3,57.3,56.1,53.3,51.1,49.8,50.2,51.5,53.6,55.3,56.3,56.9,57.1,57.1,54.6,55.2,54.2,52.3,50.5,50.0,50.9,52.8,915.5,916.0,916.0,915.6,915.0,914.8,914.5,914.9,919.9,917.2,914.7,913.4,913.8,915.1,916.7,915.1,913.7,913.5,914.8,917.2,915.9,915.8,915.8,916.0,916.2,916.4,916.4,916.2,905.0,905.9,906.9,907.6,907.4,906.5,905.4,905.0,905.9,904.8,904.1,904.5,906.5,909.5,912.6,909.5,906.5,904.6,904.1,904.8,906.4,906.6,907.1,907.5,907.6,907.3,906.8,906.4,0.03,0.03,0.54,0.00,0.00,0.00,0.00,0.34,0.34,0.80,0.14,0.27,0.00,0.00,0.81,0.61,0.25,0.00,0.00,1.00,1.00,0.00,0.00,0.00,1.00,0.00,1.00,0.00,0.00,0.00,1.00,1.00,0.00,0.00,1.00
252,0,17.512,0.98,1,0.148934,0.052514,-0.987452,-0.013878,0.060737,-0.998057,0.068,0.057,206.7,207.6,209.9,212.3,213.4,212.7,210.2,207.8,203.6,205.0,207.0,209.6,212.2,214.3,215.8,214.2,211.9,209.5,207.1,205.1,209.1,210.1,211.2,211.5,211.1,210.0,209.0,208.6,236.1,236.8,239.0,241.5,242.8,242.1,239.9,237.2,233.9,235.3,237.3,239.9,242.4,244.3,245.6,244.5,242.8,240.6,238.1,235.7,238.5,239.6,240.5,240.8,240.2,239.2,238.2,237.9,352.3,349.9,348.7,349.6,352.0,354.7,355.6,354.7,353.6,352.3,351.4,350.8,351.2,352.1,353.5,354.4,354.8,355.0,355.0,354.5,353.4,353.8,353.3,352.2,351.1,350.7,351.2,352.3,350.3,347.8,346.6,347.3,349.7,352.2,353.5,352.9,352.2,350.6,349.3,348.6,348.8,349.4,350.6,351.7,352.3,352.7,352.8,352.8,351.3,351.6,351.1,350.0,348.9,348.6,349.1,350.2,-58.4,-56.8,-52.7,-48.5,-46.6,-47.8,-52.2,-56.5,-64.1,-61.5,-57.8,-53.2,-48.6,-45.0,-42.5,-45.2,-49.1,-53.4,-57.5,-61.3,-54.2,-52.3,-50.5,-49.9,-50.7,-52.6,-54.4,-55.1,-6.7,-5.6,-1.7,2.6,4.8,3.7,-0.2,-4.8,-10.6,-8.1,-4.7,-0.2,4.2,7.5,9.8,7.9,4.8,1.0,-3.2,-7.4,-2.7,-0.8,0.9,1.4,0.4,-1.5,-3.1,-3.6,56.7,52.3,50.4,51.9,56.1,60.7,62.3,60.8,59.2,56.7,54.9,53.9,54.5,56.2,58.8,60.2,60.8,61.2,61.2,60.6,58.5,59.1,58.3,56.4,54.6,53.9,54.8,56.7,52.5,48.1,46.0,47.4,51.5,55.8,57.9,56.9,55.7,52.8,50.6,49.4,49.8,51.1,53.3,55.0,56.0,56.6,56.7,56.7,54.2,54.8,53.8,51.9,50.2,49.6,50.5,52.4,912.6,913.0,912.9,912.5,911.9,911.7,911.6,912.0,917.0,914.3,911.8,910.4,910.7,912.0,913.5,912.0,910.7,910.6,911.9,914.3,912.9,912.8,912.7,912.9,913.2,913.3,913.4,913.2,900.6,901.5,902.6,903.2,903.1,902.2,901.1,900.6,901.6,900.5,899.8,900.2,902.2,905.2,908.3,905.2,902.2,900.3,899.8,900.5,902.0,902.3,902.8,903.2,903.3,903.0,902.5,902.1,0.01,0.00,0.43,0.00,0.00,0.00,0.00,0.20,0.12,0.59,0.16,0.32,0.00,0.00,0.39,0.62,0.22,0.00,0.00,0.00,1.00,0.00,0.00,0.00,1.00,0.00,1.00,0.00,0.00,0.00,1.00,1.00,0.00,0.00,1.00
253,0,17.581,0.98,1,0.145801,0.059089,-0.987548,-0.017517,0.068019,-0.997530,0.065,0.064,206.6,207.5,209.9,212.3,213.4,212.7,210.1,207.7,203.6,204.9,206.9,209.5,212.2,214.2,215.7,214.1,211.9,209.4,207.1,205.0,209.0,210.1,211.1,211.5,211.0,210.0,208.9,208.5,236.1,236.8,239.0,241.5,242.8,242.2,239.9,237.3,233.9,235.3,237.3,239.9,242.5,244.4,245.7,244.6,242.8,240.7,238.2,235.8,238.5,239.6,240.6,240.9,240.3,239.2,238.2,237.9,352.3,349.8,348.7,349.6,352.0,354.6,355.6,354.7,353.6,352.2,351.3,350.8,351.1,352.1,353.5,354.4,354.8,355.0,354.9,354.5,353.3,353.7,353.2,352.1,351.1,350.7,351.2,352.3,350.3,347.7,346.5,347.3,349.6,352.2,353.4,352.9,352.1,350.5,349.2,348.5,348.7,349.3,350.5,351.6,352.3,352.7,352.8,352.8,351.2,351.6,351.0,349.9,348.9,348.5,349.1,350.2,-58.3,-56.7,-52.6,-48.3,-46.4,-47.7,-52.1,-56.3,-63.9,-61.4,-57.6,-53.1,-48.5,-44.9,-42.4,-45.1,-49.0,-53.2,-57.4,-61.1,-54.1,-52.2,-50.4,-49.7,-50.6,-52.5,-54.2,-54.9,-6.6,-5.5,-1.7,2.7,4.9,3.8,-0.1,-4.7,-10.5,-8.1,-4.6,-0.1,4.2,7.6,9.9,8.0,4.9,1.1,-3.1,-7.3,-2.6,-0.7,1.0,1.5,0.5,-1.4,-3.1,-3.6,56.3,52.0,50.1,51.6,55.8,60.4,62.0,60.5,58.9,56.4,54.6,53.6,54.2,55.9,58.5,59.9,60.5,60.9,60.9,60.3,58.2,58.8,58.0,56.1,54.3,53.6,54.5,56.4,52.1,47.8,45.7,47.0,51.1,55.4,57.5,56.5,55.3,52.5,50.2,49.0,49.4,50.7,52.9,54.7,55.6,56.2,56.4,56.3,53.8,54.4,53.5,51.6,49.8,49.2,50.1,52.0,909.0,909.4,909.4,908.9,908.3,908.2,908.0,908.5,913.5,910.8,908.2,906.8,907.2,908.4,909.9,908.5,907.1,907.0,908.3,910.8,909.4,909.2,909.2,909.3,909.6,909.8,909.8,909.6,896.0,896.9,898.0,898.6,898.5,897.6,896.5,896.1,897.0,895.9,895.2,895.6,897.6,900.6,903.7,900.6,897.6,895.7,895.2,895.9,897.5,897.7,898.2,898.6,898.7,898.4,897.9,897.5,0.01,0.00,0.52,0.00,0.00,0.00,0.00,0.30,0.12,0.51,0.16,0.25,0.00,0.00,0.56,0.74,0.15,0.00,0.00,0.00,1.00,0.00,0.00,0.00,1.00,0.00,1.00,0.00,0.00,0.00,1.00,1.00,0.00,0.00,1.00
254,0,17.651,0.98,1,0.144786,0.057967,-0.987764,-0.023862,0.069256,-0.997313,0.061,0.064,206.7,207.6,209.9,212.3,213.4,212.7,210.1,207.7,203.6,205.0,207.0,209.6,212.2,214.3,215.7,214.1,211.9,209.5,207.1,205.1,209.1,210.1,211.1,211.5,211.1,210.0,209.0,208.6,236.1,236.8,239.0,241.5,242.8,242.2,240.0,237.3,233.9,235.3,237.3,239.9,242.4,244.4,245.7,244.6,242.9,240.7,238.2,235.8,238.5,239.6,240.6,240.9,240.3,239.2,238.2,237.9,352.2,349.7,348.6,349.5,351.9,354.6,355.5,354.6,353.5,352.2,351.3,350.7,351.1,352.0,353.4,354.3,354.6,354.9,354.8,354.4,353.2,353.6,353.2,352.1,351.0,350.6,351.1,352.2,350.2,347.7,346.4,347.2,349.5,352.0,353.3,352.8,352.1,350.5,349.2,348.5,348.6,349.3,350.4,351.5,352.1,352.5,352.7,352.7,351.1,351.5,350.9,349.8,348.8,348.4,349.0,350.1,-58.4,-56.9,-52.8,-48.5,-46.6,-47.9,-52.3,-56.5,-64.1,-61.5,-57.8,-53.2,-48.6,-45.1,-42.6,-45.3,-49.2,-53.4,-57.6,-61.3,-54.3,-52.4,-50.6,-49.9,-50.7,-52.6,-54.4,-55.1,-6.7,-5.6,-1.7,2.6,4.9,3.8,-0.1,-4.7,-10.5,-8.1,-4.6,-0.1,4.2,7.6,10.0,8.0,4.9,1.1,-3.1,-7.3,-2.6,-0.7,1.0,1.5,0.5,-1.4,-3.1,-3.6,56.5,52.2,50.2,51.8,55.9,60.6,62.1,60.6,59.1,56.5,54.8,53.7,54.4,56.1,58.7,60.0,60.6,61.0,60.9,60.4,58.3,59.0,58.1,56.3,54.5,53.8,54.6,56.5,52.1,47.8,45.7,47.0,51.0,55.4,57.5,56.5,55.4,52.5,50.3,49.0,49.4,50.7,52.9,54.5,55.5,56.1,56.3,56.3,53.8,54.4,53.4,51.5,49.8,49.2,50.1,52.0,913.0,913.5,913.6,913.1,912.4,912.1,911.9,912.4,917.4,914.7,912.3,910.9,911.3,912.5,914.0,912.4,911.0,910.9,912.2,914.6,913.4,913.2,913.2,913.4,913.7,913.9,913.9,913.7,898.4,899.3,900.4,900.9,900.7,899.8,898.7,898.3,899.3,898.2,897.5,897.8,899.8,902.8,905.8,902.7,899.8,897.9,897.4,898.2,899.7,900.0,900.4,900.8,900.9,900.7,900.2,899.8,0.01,0.00,0.55,0.00,0.00,0.00,0.00,0.49,0.20,0.76,0.07,0.15,0.05,0.00,1.05,0.87,0.12,0.00,0.00,0.00,1.00,0.00,0.00,0.00,1.00,0.00,1.00,0.00,0.00,0.00,1.00,1.00,1.00,0.00,1.00
255,0,17.721,0.98,1,0.139890,0.055029,-0.988637,-0.029661,0.065674,-0.997400,0.055,0.061,206.8,207.7,210.0,212.4,213.5,212.7,210.2,207.8,203.7,205.1,207.1,209.6,212.3,214.3,215.8,214.2,212.0,209.5,207.2,205.2,209.1,210.2,211.2,211.6,211.1,210.1,209.1,208.7,236.2,236.8,239.0,241.6,242.9,242.2,240.0,237.3,234.0,235.4,237.4,240.0,242.5,244.4,245.8,244.7,242.9,240.7,238.2,235.8,238.6,239.7,240.6,240.9,240.3,239.2,238.3,238.0,352.1,349.6,348.5,349.4,351.8,354.4,355.4,354.4,353.4,352.1,351.1,350.6,351.0,351.9,353.3,354.1,354.5,354.7,354.6,354.3,353.1,353.5,353.0,352.0,350.9,350.5,351.0,352.1,350.1,347.6,346.3,347.1,349.4,352.0,353.2,352.7,352.0,350.4,349.1,348.4,348.5,349.2,350.3,351.4,352.0,352.4,352.5,352.6,351.0,351.4,350.8,349.7,348.7,348.4,348.9,350.0,-58.5,-57.0,-52.8,-48.6,-46.7,-47.9,-52.4,-56.6,-64.2,-61.6,-57.9,-53.3,-48.7,-45.2,-42.7,-45.4,-49.3,-53.5,-57.7,-61.4,-54.4,-52.5,-50.7,-50.0,-50.8,-52.7,-54.5,-55.2,-6.6,-5.5,-1.6,2.7,5.0,3.9,0.0,-4.6,-10.4,-8.0,-4.6,-0.1,4.3,7.7,10.1,8.1,5.0,1.2,-3.1,-7.2,-2.5,-0.6,1.1,1.6,0.6,-1.3,-3.0,-3.5,56.5,52.2,50.2,51.8,56.0,60.6,62.2,60.6,59.1,56.6,54.8,53.8,54.4,56.2,58.7,60.0,60.6,60.9,60.9,60.4,58.3,59.0,58.2,56.3,54.5,53.8,54.6,56.5,52.1,47.7,45.6,46.9,51.0,55.3,57.4,56.5,55.3,52.5,50.2,49.0,49.4,50.7,52.9,54.5,55.4,56.0,56.2,56.2,53.7,54.3,53.4,51.5,49.7,49.1,50.1,52.0,917.0,917.5,917.6,917.1,916.4,916.1,915.8,916.3,921.4,918.7,916.2,914.9,915.2,916.5,917.9,916.4,915.0,914.8,916.2,918.6,917.3,917.1,917.1,917.4,917.7,917.9,917.9,917.6,900.0,900.9,902.0,902.6,902.3,901.3,900.3,899.9,900.9,899.8,899.1,899.5,901.4,904.4,907.4,904.3,901.3,899.4,899.0,899.8,901.3,901.5,902.0,902.4,902.6,902.3,901.8,901.4,0.00,0.00,0.53,0.00,0.00,0.00,0.00,0.63,0.33,0.89,0.00,0.07,0.11,0.00,1.54,0.99,0.12,0.00,0.00,0.00,1.00,0.00,0.00,0.00,1.00,0.00,1.00,0.00,0.00,0.00,1.00,1.00,1.00,0.00,1.00
256,0,17.791,0.98,1,0.141957,0.051506,-0.988532,-0.028659,0.062565,-0.997629,0.057,0.057,207.1,208.0,210.4,212.8,213.9,213.1,210.6,208.2,204.0,205.4,207.5,210.0,212.7,214.7,216.2,214.6,212.4,209.9,207.6,205.5,209.5,210.6,211.6,212.0,211.5,210.5,209.5,209.1,236.5,237.2,239.4,241.9,243.3,242.6,240.4,237.7,234.3,235.7,237.7,240.3,242.9,244.8,246.2,245.1,243.3,241.1,238.6,236.2,238.9,240.0,241.0,241.3,240.7,239.6,238.6,238.3,352.1,349.6,348.5,349.4,351.8,354.4,355.4,354.4,353.4,352.1,351.1,350.6,350.9,351.9,353.3,354.1,354.5,354.7,354.6,354.2,353.1,353.5,353.0,351.9,350.9,350.5,351.0,352.1,350.1,347.6,346.3,347.1,349.4,352.0,353.2,352.7,352.0,350.4,349.1,348.4,348.5,349.2,350.3,351.4,352.0,352.4,352.6,352.6,351.1,351.4,350.8,349.7,348.7,348.4,348.9,350.0,-57.6,-56.1,-51.9,-47.7,-45.8,-47.0,-51.5,-55.7,-63.3,-60.7,-57.0,-52.4,-47.8,-44.3,-41.8,-44.5,-48.4,-52.6,-56.8,-60.5,-53.5,-51.6,-49.8,-49.1,-49.9,-51.8,-53.6,-54.3,-5.9,-4.9,-1.0,3.3,5.6,4.5,0.7,-4.0,-9.8,-7.4,-3.9,0.6,4.9,8.4,10.7,8.7,5.7,1.8,-2.4,-6.6,-1.8,0.1,1.7,2.2,1.2,-0.7,-2.4,-2.8,56.2,51.9,50.0,51.6,55.7,60.3,61.9,60.3,58.8,56.3,54.5,53.5,54.1,55.9,58.5,59.8,60.3,60.7,60.6,60.1,58.1,58.8,57.9,56.0,54.2,53.5,54.4,56.3,51.9,47.6,45.4,46.8,50.8,55.1,57.2,56.3,55.1,52.3,50.1,48.8,49.2,50.5,52.7,54.3,55.2,55.8,56.0,56.1,53.6,54.1,53.2,51.3,49.5,49.0,49.9,51.8,913.2,913.8,913.8,913.3,912.6,912.3,912.0,912.5,917.6,914.9,912.5,911.1,911.5,912.7,914.2,912.6,911.2,911.0,912.3,914.8,913.5,913.3,913.3,913.6,913.9,914.1,914.1,913.8,896.8,897.8,898.8,899.4,899.1,898.1,897.1,896.7,897.7,896.6,895.9,896.3,898.3,901.2,904.2,901.1,898.1,896.2,895.8,896.6,898.1,898.3,898.8,899.2,899.4,899.1,898.7,898.2,0.00,0.00,0.48,0.00,0.00,0.00,0.00,0.68,0.41,1.06,0.00,0.12,0.13,0.00,1.53,0.94,0.09,0.00,0.00,0.00,1.00,0.00,0.00,0.00,1.00,0.00,1.00,0.00,0.00,0.00,1.00,1.00,1.00,0.00,1.00
257,0,17.860,0.98,1,0.140078,0.053399,-0.988699,-0.030900,0.064304,-0.997452,0.055,0.059,207.3,208.2,210.6,213.0,214.0,213.3,210.7,208.3,204.2,205.6,207.6,210.2,212.8,214.9,216.3,214.7,212.5,210.1,207.7,205.7,209.7,210.7,211.7,212.1,211.7,210.6,209.6,209.2,236.7,237.3,239.5,242.0,243.3,242.7,240.5,237.8,234.5,235.8,237.9,240.4,243.0,244.9,246.3,245.1,243.4,241.2,238.7,236.3,239.0,240.1,241.1,241.4,240.8,239.7,238.7,238.5,352.1,349.6,348.5,349.4,351.8,354.4,355.3,354.4,353.4,352.1,351.1,350.6,351.0,351.9,353.3,354.1,354.5,354.7,354.6,354.2,353.1,353.5,353.0,352.0,350.9,350.5,351.0,352.1,350.2,347.6,346.4,347.1,349.5,352.0,353.3,352.7,352.0,350.4,349.2,348.4,348.6,349.2,350.4,351.4,352.1,352.4,352.6,352.6,351.1,351.4,350.9,349.8,348.7,348.4,349.0,350.1,-57.7,-56.1,-52.0,-47.7,-45.8,-47.1,-51.5,-55.8,-63.4,-60.8,-57.0,-52.5,-47.9,-44.3,-41.8,-44.5,-48.4,-52.7,-56.9,-60.6,-53.5,-51.7,-49.8,-49.1,-50.0,-51.8,-53.7,-54.3,-5.8,-4.7,-0.8,3.5,5.8,4.7,0.8,-3.8,-9.6,-7.2,-3.7,0.8,5.1,8.6,10.9,8.9,5.8,2.0,-2.2,-6.4,-1.7,0.2,1.9,2.4,1.4,-0.5,-2.2,-2.7,56.6,52.3,50.4,51.9,56.1,60.7,62.3,60.7,59.2,56.7,54.9,53.9,54.5,56.3,58.8,60.2,60.6,61.0,61.0,60.5,58.4,59.1,58.3,56.4,54.6,53.9,54.7,56.6,52.2,47.9,45.8,47.1,51.1,55.5,57.6,56.6,55.5,52.6,50.4,49.2,49.6,50.9,53.0,54.6,55.6,56.1,56.3,56.4,53.9,54.5,53.6,51.7,49.9,49.3,50.2,52.1,918.6,919.2,919.2,918.8,918.0,917.7,917.4,917.9,923.0,920.3,917.9,916.6,916.9,918.1,919.6,918.0,916.6,916.4,917.8,920.2,919.0,918.7,918.8,919.0,919.3,919.5,919.5,919.3,901.5,902.5,903.6,904.1,903.8,902.9,901.8,901.4,902.5,901.4,900.7,901.0,903.0,905.9,908.9,905.8,902.9,901.0,900.5,901.3,902.9,903.1,903.6,904.0,904.1,903.9,903.4,903.0,0.00,0.00,0.46,0.00,0.00,0.00,0.00,0.64,0.45,1.04,0.00,0.10,0.10,0.00,1.41,0.80,0.14,0.00,0.00,0.00,1.00,0.00,0.00,0.00,1.00,0.00,1.00,0.00,0.00,0.00,1.00,1.00,1.00,0.00,1.00
258,0,17.930,0.98,1,0.142503,0.049749,-0.988543,-0.029415,0.059751,-0.997780,0.057,0.055,207.3,208.2,210.5,212.9,214.0,213.2,210.7,208.3,204.2,205.6,207.6,210.2,212.8,214.8,216.3,214.7,212.5,210.0,207.7,205.7,209.6,210.7,211.7,212.1,211.6,210.6,209.6,209.2,236.6,237.2,239.5,241.9,243.3,242.6,240.4,237.8,234.4,235.8,237.8,240.4,242.9,244.8,246.2,245.1,243.3,241.1,238.6,236.3,239.0,240.1,241.0,241.3,240.7,239.6,238.7,238.4,352.0,349.6,348.5,349.4,351.8,354.4,355.3,354.4,353.4,352.0,351.1,350.6,350.9,351.9,353.3,354.1,354.4,354.6,354.6,354.2,353.1,353.5,353.0,351.9,350.9,350.5,351.0,352.0,350.1,347.6,346.3,347.1,349.4,351.9,353.2,352.6,351.9,350.3,349.1,348.3,348.5,349.1,350.3,351.3,352.0,352.3,352.5,352.5,351.0,351.3,350.8,349.7,348.7,348.3,348.9,350.0,-57.9,-56.3,-52.2,-47.9,-46.0,-47.3,-51.7,-56.0,-63.6,-61.0,-57.3,-52.7,-48.1,-44.5,-42.0,-44.8,-48.6,-52.9,-57.1,-60.8,-53.7,-51.9,-50.1,-49.4,-50.2,-52.1,-53.9,-54.6,-5.9,-4.8,-0.9,3.4,5.7,4.6,0.7,-3.9,-9.7,-7.3,-3.8,0.6,5.0,8.4,10.8,8.8,5.7,1.9,-2.4,-6.5,-1.8,0.1,1.8,2.3,1.3,-0.6,-2.3,-2.8,56.7,52.4,50.5,52.0,56.2,60.8,62.4,60.8,59.3,56.8,55.0,54.0,54.6,56.4,58.9,60.3,60.8,61.2,61.1,60.6,58.5,59.2,58.4,56.5,54.7,54.0,54.8,56.7,52.3,48.0,45.8,47.2,51.2,55.5,57.6,56.7,55.6,52.7,50.5,49.2,49.6,50.9,53.1,54.7,55.6,56.2,56.4,56.5,54.0,54.5,53.6,51.7,50.0,49.4,50.3,52.2,921.5,922.0,922.1,921.6,920.9,920.6,920.3,920.8,925.8,923.2,920.7,919.4,919.8,921.0,922.5,920.9,919.5,919.3,920.7,923.1,921.8,921.6,921.6,921.9,922.2,922.4,922.4,922.1,905.4,906.4,907.5,908.0,907.7,906.7,905.7,905.3,906.4,905.3,904.6,904.9,906.9,909.8,912.8,909.7,906.8,904.9,904.4,905.2,906.7,907.0,907.4,907.9,908.0,907.8,907.3,906.9,0.00,0.00,0.47,0.00,0.00,0.00,0.00,0.60,0.47,1.00,0.00,0.06,0.16,0.00,1.22,0.59,0.07,0.00,0.00,0.00,1.00,0.00,0.00,0.00,1.00,0.00,1.00,0.00,0.00,0.00,1.00,1.00,0.00,0.00,1.00
259,0,18.000,0.98,1,0.143409,0.046584,-0.988567,-0.027782,0.055746,-0.998058,0.058,0.051,207.2,208.1,210.4,212.8,213.9,213.2,210.6,208.2,204.1,205.5,207.5,210.1,212.7,214.7,216.2,214.6,212.4,210.0,207.6,205.6,209.6,210.6,211.6,212.0,211.6,210.5,209.5,209.1,236.6,237.2,239.4,241.9,243.2,242.6,240.4,237.7,234.4,235.8,237.8,240.3,242.9,244.8,246.2,245.0,243.3,241.1,238.6,236.2,238.9,240.0,241.0,241.3,240.7,239.6,238.6,238.4,352.1,349.6,348.5,349.4,351.8,354.4,355.3,354.4,353.4,352.1,351.1,350.6,350.9,351.9,353.3,354.1,354.4,354.7,354.6,354.2,353.1,353.5,353.0,351.9,350.9,350.5,351.0,352.1,350.1,347.6,346.3,347.0,349.4,351.9,353.2,352.6,351.9,350.3,349.1,348.3,348.5,349.1,350.3,351.3,351.9,352.3,352.5,352.5,351.0,351.3,350.8,349.7,348.6,348.3,348.9,350.0,-58.0,-56.4,-52.3,-48.0,-46.1,-47.4,-51.8,-56.0,-63.7,-61.1,-57.3,-52.7,-48.1,-44.6,-42.1,-44.8,-48.7,-52.9,-57.1,-60.9,-53.8,-51.9,-50.1,-49.4,-50.3,-52.1,-53.9,-54.6,-5.9,-4.8,-1.0,3.3,5.6,4.5,0.7,-3.9,-9.7,-7.4,-3.9,0.6,5.0,8.4,10.8,8.8,5.7,1.9,-2.4,-6.5,-1.8,0.1,1.8,2.2,1.2,-0.7,-2.3,-2.8,56.6,52.3,50.4,51.9,56.1,60.7,62.3,60.7,59.2,56.7,54.9,53.9,54.5,56.3,58.8,60.2,60.7,61.1,61.1,60.6,58.5,59.1,58.3,56.4,54.6,53.9,54.8,56.6,52.2,47.8,45.7,47.0,51.0,55.4,57.5,56.6,55.4,52.6,50.3,49.1,49.5,50.8,52.9,54.5,55.5,56.0,56.3,56.3,53.8,54.4,53.5,51.6,49.8,49.2,50.2,52.1,919.8,920.3,920.4,919.9,919.2,918.9,918.7,919.1,924.2,921.5,919.0,917.7,918.1,919.3,920.8,919.2,917.8,917.7,919.0,921.4,920.2,919.9,920.0,920.2,920.5,920.7,920.7,920.5,903.2,904.1,905.2,905.8,905.5,904.5,903.4,903.0,904.1,903.0,902.3,902.7,904.6,907.6,910.6,907.4,904.5,902.6,902.1,903.0,904.5,904.7,905.2,905.6,905.7,905.5,905.0,904.6,0.00,0.00,0.44,0.00,0.00,0.00,0.00,0.49,0.47,0.94,0.00,0.00,0.19,0.00,1.07,0.44,0.09,0.00,0.00,0.00,1.00,0.00,0.00,0.00,1.00,0.00,1.00,0.00,0.00,0.00,1.00,1.00,0.00,0.00,1.00
260,0,18.070,0.98,1,0.143840,0.047911,-0.988440,-0.026653,0.057373,-0.997997,0.059,0.053,207.2,208.1,210.4,212.8,213.9,213.2,210.6,208.2,204.1,205.5,207.5,210.1,212.7,214.7,216.2,214.6,212.4,210.0,207.6,205.6,209.6,210.6,211.6,212.0,211.6,210.5,209.5,209.1,236.6,237.2,239.4,241.9,243.2,242.6,240.4,237.7,234.4,235.7,237.7,240.3,242.8,244.8,246.1,245.0,243.2,241.0,238.6,236.2,238.9,240.0,241.0,241.3,240.7,239.6,238.6,238.3,352.1,349.7,348.6,349.5,351.8,354.5,355.4,354.5,353.4,352.1,351.2,350.7,351.0,352.0,353.3,354.2,354.5,354.7,354.7,354.3,353.2,353.5,353.1,352.0,351.0,350.6,351.0,352.1,350.2,347.7,346.4,347.2,349.5,352.0,353.3,352.7,352.0,350.4,349.2,348.4,348.6,349.2,350.4,351.4,352.1,352.5,352.6,352.6,351.1,351.4,350.9,349.8,348.8,348.4,349.0,350.1,-58.0,-56.4,-52.3,-48.0,-46.1,-47.4,-51.8,-56.1,-63.7,-61.1,-57.4,-52.8,-48.2,-44.6,-42.1,-44.9,-48.7,-53.0,-57.1,-60.9,-53.8,-52.0,-50.2,-49.5,-50.3,-52.2,-54.0,-54.7,-6.0,-4.9,-1.0,3.3,5.6,4.5,0.6,-4.0,-9.8,-7.4,-3.9,0.5,4.9,8.3,10.7,8.7,5.6,1.8,-2.5,-6.6,-1.9,0.0,1.7,2.2,1.2,-0.7,-2.4,-2.9,56.8,52.5,50.5,52.1,56.2,60.9,62.5,60.9,59.4,56.9,55.1,54.1,54.7,56.5,59.0,60.3,60.9,61.3,61.2,60.7,58.6,59.3,58.5,56.6,54.8,54.1,54.9,56.8,52.4,48.1,46.0,47.3,51.3,55.7,57.8,56.8,55.7,52.8,50.6,49.4,49.8,51.1,53.2,54.9,55.8,56.3,56.5,56.6,54.1,54.7,53.8,51.9,50.1,49.5,50.4,52.3,920.7,921.2,921.3,920.8,920.1,919.8,919.6,920.0,925.1,922.4,919.9,918.6,919.0,920.2,921.7,920.1,918.7,918.6,919.9,922.3,921.1,920.9,920.9,921.1,921.4,921.6,921.6,921.4,904.8,905.8,906.8,907.4,907.1,906.1,905.1,904.7,905.7,904.6,903.9,904.3,906.3,909.2,912.2,909.1,906.2,904.2,903.8,904.6,906.1,906.3,906.8,907.2,907.4,907.1,906.7,906.2,0.00,0.00,0.41,0.00,0.00,0.00,0.00,0.41,0.47,0.97,0.00,0.00,0.17,0.00,1.03,0.43,0.04,0.00,0.00,0.00,1.00,0.00,0.00,0.00,1.00,0.00,1.00,0.00,0.00,0.00,1.00,0.00,0.00,0.00,1.00
261,0,18.140,0.98,1,0.149348,0.048440,-0.987597,-0.022538,0.058607,-0.998027,0.064,0.054,206.9,207.8,210.1,212.5,213.6,212.9,210.3,207.9,203.8,205.1,207.2,209.8,212.4,214.5,215.9,214.3,212.1,209.7,207.3,205.3,209.3,210.3,211.3,211.7,211.3,210.2,209.2,208.8,236.4,237.0,239.3,241.8,243.1,242.5,240.2,237.6,234.2,235.6,237.6,240.2,242.7,244.7,246.0,244.9,243.1,240.9,238.4,236.0,238.8,239.9,240.8,241.1,240.5,239.4,238.5,238.2,352.4,349.9,348.8,349.7,352.1,354.8,355.7,354.8,353.7,352.4,351.4,350.9,351.2,352.2,353.6,354.4,354.8,355.0,355.0,354.6,353.4,353.8,353.3,352.3,351.2,350.8,351.3,352.4,350.4,347.9,346.6,347.3,349.7,352.2,353.5,353.0,352.3,350.6,349.4,348.6,348.8,349.4,350.6,351.6,352.3,352.7,352.8,352.8,351.3,351.6,351.1,350.0,348.9,348.6,349.2,350.3,-58.1,-56.5,-52.4,-48.1,-46.2,-47.5,-51.9,-56.1,-63.8,-61.2,-57.4,-52.8,-48.2,-44.7,-42.2,-44.9,-48.8,-53.0,-57.2,-60.9,-53.9,-52.0,-50.2,-49.5,-50.4,-52.2,-54.0,-54.7,-6.2,-5.1,-1.3,3.0,5.3,4.2,0.4,-4.2,-10.0,-7.6,-4.2,0.3,4.7,8.1,10.4,8.5,5.4,1.6,-2.7,-6.8,-2.1,-0.2,1.5,1.9,0.9,-1.0,-2.6,-3.1,56.7,52.4,50.5,52.0,56.2,60.8,62.4,60.9,59.3,56.8,55.0,54.0,54.6,56.4,58.9,60.3,60.8,61.2,61.2,60.7,58.6,59.2,58.4,56.5,54.7,54.0,54.9,56.8,52.5,48.1,46.0,47.3,51.3,55.7,57.8,56.9,55.7,52.9,50.6,49.4,49.7,51.0,53.2,54.8,55.8,56.4,56.6,56.7,54.1,54.7,53.8,51.9,50.1,49.5,50.5,52.4,912.3,912.8,912.8,912.4,911.7,911.4,911.2,911.6,916.7,914.0,911.5,910.2,910.5,911.8,913.3,911.7,910.3,910.2,911.5,913.9,912.6,912.5,912.5,912.7,913.0,913.2,913.2,912.9,898.7,899.7,900.8,901.3,901.1,900.1,899.0,898.6,899.7,898.6,897.9,898.2,900.2,903.2,906.2,903.1,900.1,898.2,897.7,898.5,900.1,900.3,900.8,901.2,901.3,901.1,900.6,900.2,0.00,0.00,0.37,0.00,0.00,0.00,0.00,0.38,0.46,1.06,0.00,0.00,0.05,0.00,1.05,0.49,0.10,0.00,0.00,0.00,1.00,0.00,0.00,0.00,1.00,0.00,1.00,0.00,0.00,0.00,1.00,0.00,0.00,0.00,0.00
262,0,18.209,0.98,1,0.147019,0.055167,-0.987594,-0.024388,0.064597,-0.997613,0.062,0.060,206.5,207.4,209.7,212.1,213.2,212.5,209.9,207.5,203.4,204.8,206.8,209.4,212.0,214.0,215.5,213.9,211.7,209.2,206.9,204.9,208.8,209.9,210.9,211.3,210.9,209.8,208.8,208.4,235.9,236.5,238.7,241.2,242.6,241.9,239.7,237.0,233.7,235.1,237.1,239.7,242.2,244.1,245.5,244.4,242.6,240.4,237.9,235.5,238.3,239.4,240.3,240.6,240.0,238.9,238.0,237.7,352.6,350.2,349.1,350.0,352.4,355.0,355.9,355.0,353.9,352.6,351.7,351.2,351.5,352.5,353.8,354.7,355.0,355.3,355.2,354.8,353.7,354.1,353.6,352.5,351.5,351.1,351.5,352.6,350.7,348.1,346.9,347.6,350.0,352.5,353.8,353.2,352.5,350.9,349.6,348.9,349.1,349.7,350.9,351.9,352.6,353.0,353.1,353.1,351.6,351.9,351.4,350.3,349.2,348.9,349.5,350.6,-59.1,-57.5,-53.4,-49.1,-47.2,-48.5,-52.9,-57.2,-64.8,-62.2,-58.4,-53.8,-49.2,-45.7,-43.2,-45.9,-49.8,-54.0,-58.2,-62.0,-54.9,-53.0,-51.2,-50.5,-51.4,-53.2,-55.0,-55.7,-7.1,-6.0,-2.2,2.2,4.4,3.3,-0.5,-5.1,-10.9,-8.5,-5.1,-0.6,3.8,7.2,9.5,7.6,4.5,0.7,-3.6,-7.7,-3.0,-1.1,0.6,1.0,0.0,-1.9,-3.5,-4.0,57.4,53.1,51.2,52.8,56.9,61.6,63.1,61.6,60.0,57.5,55.7,54.8,55.4,57.1,59.7,61.0,61.6,61.9,61.9,61.4,59.3,60.0,59.1,57.3,55.4,54.8,55.6,57.5,53.1,48.8,46.6,48.0,52.0,56.3,58.5,57.5,56.4,53.5,51.3,50.0,50.4,51.7,53.9,55.5,56.5,57.0,57.2,57.3,54.8,55.4,54.4,52.5,50.8,50.2,51.1,53.0,917.1,917.6,917.7,917.2,916.5,916.3,916.0,916.5,921.5,918.8,916.4,915.0,915.4,916.6,918.1,916.6,915.2,915.0,916.3,918.8,917.5,917.3,917.3,917.5,917.8,918.0,918.0,917.8,901.7,902.6,903.7,904.2,904.0,903.0,902.0,901.6,902.6,901.5,900.8,901.1,903.1,906.1,909.1,906.0,903.1,901.2,900.7,901.5,903.0,903.2,903.7,904.1,904.2,904.0,903.5,903.1,0.00,0.00,0.45,0.00,0.00,0.00,0.00,0.38,0.47,1.10,0.00,0.02,0.00,0.00,1.00,0.54,0.15,0.00,0.00,0.00,1.00,0.00,0.00,0.00,1.00,0.00,1.00,0.00,0.00,0.00,1.00,0.00,0.00,0.00,0.00
263,0,18.279,0.98,1,0.147737,0.054278,-0.987536,-0.024374,0.064425,-0.997625,0.062,0.060,205.6,206.5,208.9,211.3,212.4,211.6,209.1,206.7,202.6,203.9,206.0,208.5,211.2,213.2,214.7,213.1,210.9,208.4,206.1,204.1,208.0,209.1,210.1,210.5,210.0,209.0,208.0,207.6,235.2,235.8,238.0,240.5,241.9,241.2,239.0,236.3,233.0,234.4,236.4,238.9,241.5,243.4,244.8,243.7,241.9,239.7,237.2,234.8,237.6,238.7,239.6,239.9,239.3,238.2,237.3,237.0,353.0,350.5,349.4,350.3,352.7,355.3,356.2,355.3,354.3,353.0,352.0,351.5,351.8,352.8,354.2,355.0,355.4,355.6,355.5,355.2,354.0,354.4,353.9,352.8,351.8,351.4,351.9,353.0,350.9,348.4,347.1,347.8,350.2,352.7,354.0,353.5,352.8,351.2,349.9,349.1,349.3,349.9,351.1,352.1,352.8,353.2,353.3,353.3,351.8,352.1,351.6,350.5,349.5,349.1,349.7,350.8,-60.4,-58.8,-54.7,-50.4,-48.5,-49.7,-54.2,-58.4,-66.1,-63.5,-59.7,-55.1,-50.5,-47.0,-44.5,-47.2,-51.0,-55.3,-59.5,-63.2,-56.2,-54.3,-52.5,-51.8,-52.7,-54.5,-56.3,-57.0,-8.3,-7.3,-3.4,0.9,3.2,2.1,-1.7,-6.3,-12.1,-9.8,-6.3,-1.8,2.5,6.0,8.3,6.4,3.3,-0.5,-4.8,-8.9,-4.2,-2.3,-0.6,-0.2,-1.2,-3.1,-4.8,-5.2,57.9,53.6,51.6,53.2,57.3,62.0,63.6,62.0,60.5,58.0,56.2,55.2,55.8,57.5,60.1,61.4,62.0,62.4,62.4,61.8,59.7,60.4,59.6,57.7,55.9,55.2,56.0,57.9,53.4,49.0,46.9,48.2,52.2,56.6,58.7,57.8,56.6,53.8,51.5,50.3,50.6,51.9,54.0,55.7,56.7,57.2,57.5,57.5,55.0,55.6,54.6,52.7,51.0,50.4,51.4,53.3,914.6,915.1,915.1,914.6,914.0,913.7,913.5,914.0,919.0,916.3,913.8,912.5,912.8,914.1,915.6,914.0,912.7,912.5,913.8,916.2,915.0,914.8,914.8,915.0,915.3,915.5,915.5,915.3,899.0,900.0,901.0,901.6,901.3,900.4,899.3,899.0,900.0,898.9,898.2,898.5,900.5,903.4,906.4,903.3,900.4,898.5,898.0,898.9,900.4,900.6,901.1,901.5,901.6,901.3,900.9,900.5,0.00,0.00,0.44,0.00,0.00,0.00,0.00,0.37,0.43,1.16,0.00,0.06,0.00,0.00,0.65,0.59,0.27,0.00,0.00,0.00,1.00,0.00,0.00,0.00,1.00,0.00,1.00,0.00,0.00,0.00,1.00,0.00,0.00,0.00,1.00
264,0,18.349,0.98,1,0.143951,0.054749,-0.988069,-0.024514,0.064766,-0.997599,0.060,0.060,204.9,205.8,208.1,210.6,211.7,211.0,208.4,206.0,201.9,203.2,205.2,207.8,210.5,212.5,214.0,212.4,210.2,207.7,205.4,203.4,207.3,208.4,209.4,209.8,209.3,208.3,207.2,206.9,234.5,235.1,237.3,239.9,241.2,240.6,238.4,235.7,232.3,233.7,235.7,238.3,240.8,242.8,244.1,243.0,241.3,239.0,236.6,234.2,236.9,238.0,239.0,239.2,238.6,237.5,236.6,236.3,353.2,350.8,349.6,350.5,352.9,355.6,356.5,355.6,354.6,353.2,352.3,351.8,352.1,353.0,354.4,355.3,355.6,355.9,355.8,355.5,354.3,354.6,354.2,353.1,352.0,351.6,352.1,353.2,351.0,348.4,347.1,347.9,350.2,352.8,354.1,353.6,352.9,351.2,349.9,349.2,349.3,349.9,351.1,352.2,352.8,353.3,353.4,353.4,351.9,352.2,351.6,350.5,349.5,349.2,349.7,350.9,-61.4,-59.9,-55.8,-51.5,-49.6,-50.8,-55.2,-59.5,-67.1,-64.5,-60.8,-56.3,-51.6,-48.1,-45.5,-48.3,-52.1,-56.4,-60.5,-64.3,-57.2,-55.4,-53.6,-52.9,-53.8,-55.6,-57.4,-58.1,-9.5,-8.4,-4.6,-0.2,2.1,1.0,-2.8,-7.4,-13.3,-10.9,-7.4,-3.0,1.4,4.8,7.2,5.2,2.2,-1.6,-5.9,-10.0,-5.4,-3.5,-1.8,-1.3,-2.3,-4.2,-5.9,-6.4,58.2,53.9,51.9,53.4,57.6,62.2,63.9,62.4,60.8,58.3,56.5,55.5,56.0,57.7,60.3,61.7,62.3,62.7,62.7,62.2,60.0,60.7,59.8,57.9,56.1,55.5,56.3,58.2,53.3,48.9,46.7,48.0,52.0,56.4,58.6,57.7,56.5,53.7,51.4,50.1,50.5,51.7,53.8,55.5,56.5,57.1,57.4,57.5,54.9,55.4,54.5,52.6,50.8,50.3,51.2,53.1,912.1,912.5,912.4,911.9,911.3,911.1,911.0,911.5,916.5,913.8,911.3,909.9,910.2,911.4,912.9,911.4,910.1,910.0,911.3,913.8,912.4,912.2,912.2,912.3,912.6,912.8,912.8,912.7,894.8,895.7,896.8,897.3,897.1,896.2,895.2,894.8,895.8,894.7,894.0,894.3,896.3,899.2,902.3,899.2,896.3,894.4,893.9,894.7,896.2,896.4,896.9,897.3,897.4,897.1,896.7,896.3,0.00,0.00,0.53,0.00,0.00,0.00,0.00,0.33,0.39,1.14,0.13,0.16,0.00,0.02,0.30,0.51,0.43,0.00,0.00,1.00,1.00,0.00,0.00,0.00,1.00,0.00,1.00,0.00,0.00,0.00,1.00,0.00,0.00,0.00,1.00
265,0,18.419,0.98,1,0.144836,0.052648,-0.988054,-0.022752,0.061997,-0.997817,0.061,0.058,204.5,205.3,207.7,210.1,211.2,210.5,208.0,205.6,201.5,202.8,204.8,207.3,210.0,212.0,213.5,212.0,209.7,207.3,205.0,202.9,206.9,207.9,209.0,209.3,208.8,207.8,206.8,206.4,234.0,234.6,236.9,239.4,240.7,240.1,237.9,235.2,231.8,233.2,235.2,237.8,240.3,242.3,243.6,242.5,240.7,238.5,236.1,233.7,236.4,237.5,238.5,238.7,238.2,237.1,236.1,235.8,353.2,350.8,349.6,350.5,352.8,355.5,356.5,355.6,354.5,353.2,352.3,351.7,352.0,352.9,354.3,355.2,355.6,355.9,355.8,355.4,354.2,354.6,354.1,353.0,352.0,351.6,352.1,353.2,350.9,348.3,347.0,347.8,350.1,352.7,353.9,353.4,352.7,351.1,349.8,349.1,349.2,349.8,351.0,352.0,352.7,353.2,353.3,353.3,351.8,352.1,351.5,350.4,349.4,349.1,349.6,350.8,-62.5,-61.0,-56.9,-52.6,-50.7,-51.8,-56.2,-60.5,-68.1,-65.6,-61.9,-57.3,-52.7,-49.1,-46.6,-49.3,-53.2,-57.4,-61.6,-65.3,-58.3,-56.4,-54.6,-54.0,-54.8,-56.7,-58.5,-59.2,-10.3,-9.3,-5.4,-1.1,1.2,0.1,-3.7,-8.3,-14.1,-11.8,-8.3,-3.8,0.5,3.9,6.3,4.4,1.3,-2.5,-6.8,-10.9,-6.2,-4.3,-2.7,-2.2,-3.2,-5.1,-6.8,-7.2,58.5,54.1,52.1,53.6,57.7,62.4,64.1,62.6,61.1,58.5,56.7,55.7,56.2,57.9,60.4,61.9,62.5,63.0,63.0,62.5,60.2,60.9,60.0,58.1,56.3,55.6,56.5,58.4,53.4,49.0,46.9,48.2,52.2,56.6,58.7,57.8,56.7,53.8,51.5,50.3,50.6,51.8,54.0,55.7,56.7,57.3,57.5,57.6,55.0,55.6,54.6,52.7,51.0,50.4,51.4,53.3,916.3,916.6,916.6,916.1,915.5,915.4,915.3,915.7,920.8,918.0,915.5,914.0,914.4,915.6,917.2,915.7,914.3,914.3,915.6,918.0,916.6,916.4,916.4,916.6,916.8,917.0,917.0,916.9,900.7,901.6,902.6,903.2,903.0,902.1,901.1,900.7,901.8,900.6,899.8,900.1,902.1,905.1,908.1,905.0,902.1,900.3,899.8,900.6,902.1,902.3,902.8,903.1,903.2,903.0,902.5,902.2,0.00,0.00,0.54,0.00,0.00,0.00,0.00,0.29,0.35,1.05,0.17,0.23,0.00,0.02,0.01,0.32,0.54,0.00,0.00,1.00,1.00,0.00,0.00,0.00,1.00,0.00,1.00,0.00,0.00,0.00,1.00,0.00,0.00,0.00,1.00
266,0,18.488,0.98,1,0.139184,0.045488,-0.989221,-0.030062,0.054108,-0.998082,0.055,0.050,204.2,205.0,207.3,209.7,210.8,210.1,207.6,205.2,201.1,202.5,204.5,207.0,209.6,211.7,213.2,211.6,209.4,206.9,204.6,202.6,206.5,207.6,208.6,209.0,208.5,207.5,206.4,206.1,233.6,234.2,236.5,239.0,240.3,239.7,237.4,234.8,231.4,232.8,234.8,237.4,239.9,241.9,243.2,242.1,240.3,238.1,235.6,233.2,236.0,237.1,238.1,238.3,237.8,236.7,235.7,235.4,353.0,350.5,349.4,350.3,352.6,355.3,356.2,355.4,354.3,353.0,352.1,351.5,351.8,352.7,354.1,355.0,355.4,355.6,355.6,355.2,354.0,354.4,353.9,352.8,351.8,351.4,351.9,353.0,350.8,348.2,346.9,347.7,350.0,352.5,353.8,353.3,352.6,351.0,349.7,349.0,349.1,349.8,350.9,351.9,352.6,353.0,353.2,353.2,351.7,352.0,351.4,350.3,349.3,349.0,349.5,350.6,-63.3,-61.8,-57.7,-53.4,-51.5,-52.7,-57.1,-61.4,-69.0,-66.4,-62.7,-58.1,-53.5,-50.0,-47.4,-50.1,-54.0,-58.3,-62.4,-66.2,-59.1,-57.2,-55.5,-54.8,-55.6,-57.5,-59.3,-60.0,-11.1,-10.0,-6.1,-1.8,0.5,-0.6,-4.4,-9.1,-14.9,-12.5,-9.0,-4.5,-0.2,3.2,5.6,3.6,0.5,-3.3,-7.5,-11.7,-7.0,-5.1,-3.4,-2.9,-3.9,-5.8,-7.5,-8.0,58.3,54.0,52.0,53.5,57.6,62.3,63.9,62.4,60.9,58.4,56.6,55.5,56.1,57.8,60.3,61.7,62.3,62.8,62.8,62.3,60.1,60.7,59.9,58.0,56.2,55.5,56.4,58.3,53.2,48.9,46.7,48.0,52.0,56.4,58.5,57.6,56.4,53.6,51.4,50.1,50.5,51.7,53.8,55.5,56.5,57.1,57.3,57.4,54.8,55.4,54.5,52.6,50.8,50.2,51.2,53.1,919.8,920.2,920.2,919.7,919.1,918.9,918.8,919.2,924.3,921.6,919.0,917.6,917.9,919.2,920.7,919.2,917.9,917.8,919.1,921.6,920.2,920.0,919.9,920.1,920.4,920.6,920.6,920.4,901.1,902.0,903.0,903.6,903.3,902.4,901.4,901.1,902.2,901.0,900.2,900.5,902.5,905.4,908.4,905.3,902.4,900.6,900.1,901.0,902.4,902.7,903.1,903.5,903.6,903.4,902.9,902.5,0.00,0.00,0.64,0.00,0.00,0.00,0.00,0.36,0.38,1.01,0.24,0.35,0.00,0.02,0.00,0.13,0.48,0.00,0.00,1.00,1.00,0.00,0.00,0.00,1.00,0.00,1.00,0.00,0.00,0.00,1.00,0.00,0.00,0.00,1.00
267,0,18.558,0.98,1,0.138306,0.043147,-0.989449,-0.029928,0.052318,-0.998182,0.054,0.048,203.7,204.5,206.8,209.3,210.3,209.7,207.2,204.8,200.7,202.0,204.0,206.5,209.1,211.2,212.7,211.1,208.9,206.5,204.1,202.1,206.1,207.1,208.1,208.5,208.0,207.0,206.0,205.6,233.2,233.8,236.0,238.6,239.9,239.3,237.0,234.4,231.0,232.4,234.4,237.0,239.5,241.5,242.8,241.7,239.9,237.7,235.2,232.8,235.6,236.7,237.7,237.9,237.3,236.2,235.3,235.0,352.9,350.5,349.3,350.2,352.5,355.2,356.2,355.3,354.2,352.9,352.0,351.4,351.7,352.6,354.0,354.9,355.3,355.5,355.5,355.1,353.9,354.3,353.8,352.7,351.7,351.3,351.8,352.9,350.6,348.0,346.7,347.5,349.8,352.4,353.6,353.1,352.4,350.8,349.5,348.8,348.9,349.5,350.7,351.7,352.4,352.8,353.0,353.0,351.5,351.8,351.2,350.1,349.1,348.8,349.3,350.4,-64.1,-62.6,-58.5,-54.2,-52.3,-53.5,-57.9,-62.1,-69.8,-67.2,-63.5,-59.0,-54.3,-50.8,-48.2,-50.9,-54.8,-59.0,-63.2,-66.9,-59.9,-58.0,-56.2,-55.6,-56.4,-58.3,-60.1,-60.8,-11.8,-10.7,-6.8,-2.5,-0.2,-1.3,-5.1,-9.7,-15.6,-13.2,-9.7,-5.2,-0.9,2.6,4.9,3.0,-0.1,-3.9,-8.2,-12.4,-7.6,-5.7,-4.1,-3.6,-4.6,-6.5,-8.2,-8.7,58.1,53.8,51.7,53.2,57.4,62.0,63.7,62.2,60.7,58.2,56.4,55.3,55.8,57.5,60.0,61.5,62.1,62.6,62.6,62.1,59.9,60.5,59.6,57.7,55.9,55.3,56.2,58.1,52.8,48.4,46.3,47.6,51.6,56.0,58.1,57.2,56.0,53.2,50.9,49.7,50.0,51.3,53.4,55.1,56.1,56.7,56.9,57.0,54.4,55.0,54.0,52.1,50.4,49.8,50.7,52.7,918.9,919.3,919.2,918.7,918.1,918.0,917.8,918.3,923.4,920.6,918.1,916.7,917.0,918.2,919.7,918.2,916.9,916.8,918.2,920.6,919.2,919.0,919.0,919.2,919.4,919.6,919.7,919.5,899.5,900.3,901.3,901.9,901.6,900.7,899.7,899.4,900.5,899.3,898.6,898.8,900.8,903.7,906.7,903.6,900.8,898.9,898.4,899.3,900.8,901.0,901.4,901.8,901.9,901.7,901.3,900.9,0.00,0.00,0.64,0.00,0.00,0.00,0.00,0.35,0.40,0.95,0.19,0.37,0.00,0.00,0.00,0.00,0.34,0.00,0.00,1.00,1.00,0.00,0.00,0.00,1.00,0.00,1.00,0.00,0.00,0.00,1.00,0.00,0.00,0.00,1.00
268,0,18.628,0.98,1,0.134369,0.045248,-0.989898,-0.033107,0.054057,-0.997989,0.051,0.050,203.5,204.4,206.7,209.1,210.2,209.5,207.0,204.6,200.6,201.9,203.8,206.4,209.0,211.1,212.6,211.0,208.7,206.3,204.0,202.0,205.9,207.0,208.0,208.4,207.9,206.8,205.8,205.5,233.0,233.7,235.9,238.4,239.7,239.1,236.9,234.2,230.8,232.2,234.2,236.8,239.3,241.3,242.7,241.5,239.7,237.5,235.1,232.7,235.4,236.5,237.5,237.8,237.2,236.1,235.1,234.8,352.9,350.5,349.3,350.2,352.6,355.2,356.2,355.3,354.2,352.9,352.0,351.4,351.7,352.6,354.0,354.9,355.3,355.6,355.5,355.1,353.9,354.3,353.8,352.7,351.7,351.3,351.8,352.9,350.6,348.0,346.8,347.5,349.8,352.4,353.7,353.1,352.4,350.8,349.6,348.8,349.0,349.6,350.7,351.8,352.4,352.9,353.0,353.0,351.5,351.8,351.2,350.1,349.1,348.8,349.4,350.5,-64.5,-63.0,-58.9,-54.6,-52.6,-53.8,-58.2,-62.5,-70.1,-67.6,-63.9,-59.3,-54.7,-51.1,-48.6,-51.3,-55.2,-59.4,-63.6,-67.3,-60.3,-58.4,-56.6,-55.9,-56.8,-58.7,-60.5,-61.1,-12.1,-11.0,-7.1,-2.8,-0.5,-1.6,-5.4,-10.1,-15.9,-13.5,-10.0,-5.5,-1.2,2.3,4.6,2.7,-0.4,-4.3,-8.5,-12.7,-7.9,-6.0,-4.4,-3.9,-4.9,-6.8,-8.5,-8.9,58.2,53.9,51.9,53.4,57.5,62.2,63.9,62.4,60.8,58.3,56.5,55.5,56.0,57.7,60.2,61.6,62.3,62.7,62.8,62.2,60.0,60.7,59.8,57.9,56.1,55.4,56.3,58.2,52.9,48.5,46.4,47.7,51.7,56.1,58.2,57.3,56.1,53.3,51.1,49.8,50.1,51.4,53.5,55.2,56.2,56.8,57.0,57.1,54.5,55.1,54.1,52.2,50.5,49.9,50.9,52.8,921.1,921.5,921.4,920.9,920.3,920.1,920.0,920.5,925.6,922.8,920.3,918.8,919.1,920.3,921.8,920.4,919.1,919.0,920.4,922.9,921.4,921.2,921.2,921.3,921.6,921.8,921.8,921.7,900.5,901.4,902.4,902.9,902.7,901.8,900.8,900.5,901.6,900.4,899.6,899.9,901.8,904.8,907.8,904.7,901.8,900.0,899.5,900.4,901.8,902.1,902.5,902.9,903.0,902.8,902.3,901.9,0.00,0.00,0.66,0.00,0.00,0.00,0.00,0.37,0.39,1.01,0.21,0.38,0.00,0.00,0.00,0.00,0.23,0.00,0.00,1.00,1.00,0.00,0.00,0.00,1.00,0.00,1.00,0.00,0.00,0.00,1.00,0.00,0.00,0.00,1.00
269,0,18.698,0.98,1,0.133483,0.049017,-0.989838,-0.032444,0.057412,-0.997823,0.051,0.053,203.5,204.4,206.7,209.1,210.2,209.5,207.0,204.6,200.6,201.9,203.8,206.4,209.0,211.1,212.6,211.0,208.7,206.3,204.0,202.0,205.9,207.0,208.0,208.4,207.9,206.8,205.8,205.5,233.0,233.6,235.8,238.3,239.7,239.0,236.8,234.1,230.8,232.1,234.1,236.7,239.3,241.2,242.6,241.5,239.7,237.5,235.0,232.6,235.3,236.4,237.4,237.7,237.1,236.0,235.0,234.8,353.0,350.5,349.4,350.2,352.6,355.2,356.2,355.3,354.3,352.9,352.0,351.5,351.8,352.7,354.0,354.9,355.3,355.6,355.6,355.2,354.0,354.3,353.8,352.8,351.7,351.3,351.8,352.9,350.6,348.0,346.8,347.5,349.8,352.4,353.7,353.1,352.4,350.8,349.6,348.8,348.9,349.6,350.7,351.8,352.4,352.9,353.0,353.0,351.5,351.8,351.2,350.1,349.1,348.8,349.4,350.5,-64.4,-62.9,-58.8,-54.6,-52.6,-53.8,-58.2,-62.5,-70.0,-67.5,-63.9,-59.3,-54.7,-51.1,-48.5,-51.3,-55.1,-59.4,-63.5,-67.3,-60.2,-58.4,-56.6,-55.9,-56.8,-58.6,-60.4,-61.1,-12.2,-11.1,-7.3,-2.9,-0.6,-1.7,-5.5,-10.1,-16.0,-13.6,-10.1,-5.6,-1.3,2.1,4.5,2.6,-0.5,-4.3,-8.6,-12.8,-8.0,-6.1,-4.5,-4.0,-5.0,-6.9,-8.6,-9.1,58.3,53.9,51.9,53.4,57.5,62.2,63.9,62.4,60.9,58.4,56.5,55.5,56.0,57.7,60.2,61.7,62.3,62.8,62.8,62.3,60.0,60.7,59.8,57.9,56.1,55.5,56.3,58.2,52.9,48.5,46.3,47.6,51.6,56.0,58.2,57.3,56.1,53.3,51.0,49.7,50.1,51.3,53.4,55.1,56.1,56.7,57.0,57.0,54.5,55.0,54.1,52.2,50.4,49.9,50.8,52.7,920.6,921.0,920.9,920.4,919.8,919.6,919.5,920.1,925.2,922.4,919.8,918.4,918.6,919.8,921.3,919.9,918.6,918.6,920.0,922.4,920.9,920.7,920.7,920.8,921.1,921.3,921.4,921.2,899.7,900.6,901.6,902.1,901.9,901.0,900.0,899.7,900.8,899.6,898.8,899.1,901.1,904.0,907.0,903.9,901.0,899.2,898.7,899.6,901.0,901.3,901.7,902.1,902.2,902.0,901.5,901.1,0.00,0.00,0.65,0.00,0.00,0.00,0.00,0.41,0.43,1.03,0.15,0.26,0.00,0.01,0.33,0.00,0.28,0.00,0.00,1.00,1.00,0.00,0.00,0.00,1.00,0.00,1.00,0.00,0.00,0.00,1.00,0.00,0.00,0.00,1.00
270,0,18.767,0.98,1,0.139820,0.052382,-0.988790,-0.030590,0.063691,-0.997501,0.055,0.058,203.7,204.5,206.8,209.3,210.3,209.7,207.2,204.7,200.6,202.0,204.0,206.5,209.1,211.2,212.7,211.1,208.9,206.5,204.1,202.1,206.0,207.1,208.1,208.5,208.0,207.0,206.0,205.6,233.1,233.7,235.9,238.4,239.8,239.1,236.9,234.3,230.9,232.3,234.2,236.8,239.4,241.3,242.7,241.6,239.8,237.6,235.1,232.7,235.5,236.6,237.5,237.8,237.2,236.1,235.1,234.9,353.0,350.6,349.4,350.3,352.7,355.3,356.3,355.4,354.4,353.0,352.1,351.5,351.8,352.8,354.1,355.0,355.4,355.6,355.6,355.2,354.0,354.4,353.9,352.8,351.8,351.4,351.9,353.0,350.6,348.1,346.8,347.5,349.8,352.4,353.7,353.2,352.5,350.9,349.6,348.8,349.0,349.6,350.7,351.8,352.4,352.9,353.0,353.1,351.5,351.8,351.3,350.2,349.1,348.8,349.4,350.5,-64.1,-62.6,-58.5,-54.2,-52.3,-53.5,-57.9,-62.2,-69.8,-67.2,-63.5,-59.0,-54.3,-50.8,-48.2,-50.9,-54.8,-59.0,-63.2,-67.0,-59.9,-58.0,-56.3,-55.6,-56.4,-58.3,-60.1,-60.8,-12.0,-10.9,-7.1,-2.8,-0.4,-1.5,-5.3,-9.9,-15.7,-13.4,-10.0,-5.5,-1.1,2.3,4.7,2.8,-0.3,-4.1,-8.4,-12.5,-7.8,-5.9,-4.3,-3.8,-4.8,-6.7,-8.4,-8.9,58.3,53.9,51.9,53.4,57.6,62.2,63.9,62.4,60.9,58.4,56.6,55.5,56.0,57.7,60.2,61.6,62.3,62.7,62.7,62.3,60.0,60.7,59.8,57.9,56.1,55.5,56.3,58.2,53.0,48.6,46.4,47.7,51.7,56.1,58.2,57.4,56.3,53.4,51.1,49.8,50.1,51.4,53.5,55.2,56.2,56.8,57.0,57.2,54.6,55.1,54.2,52.3,50.5,50.0,50.9,52.8,918.8,919.2,919.1,918.6,918.0,917.8,917.6,918.1,923.2,920.5,918.0,916.6,916.9,918.1,919.6,918.1,916.7,916.6,918.0,920.5,919.1,918.9,918.8,919.0,919.3,919.5,919.6,919.4,900.4,901.3,902.3,902.8,902.6,901.7,900.7,900.3,901.4,900.3,899.5,899.8,901.7,904.6,907.6,904.5,901.7,899.8,899.4,900.2,901.7,901.9,902.4,902.8,902.9,902.7,902.2,901.8,0.00,0.00,0.71,0.00,0.00,0.00,0.00,0.57,0.48,1.21,0.07,0.15,0.00,0.01,0.72,0.25,0.23,0.00,0.00,1.00,1.00,0.00,0.00,0.00,1.00,0.00,1.00,0.00,0.00,0.00,1.00,0.00,0.00,0.00,1.00
271,0,18.837,0.98,1,0.142027,0.057778,-0.988175,-0.029538,0.070082,-0.997104,0.057,0.064,203.8,204.7,207.1,209.5,210.6,209.9,207.3,204.9,200.8,202.1,204.1,206.7,209.3,211.4,212.9,211.3,209.1,206.6,204.3,202.3,206.2,207.3,208.3,208.7,208.2,207.2,206.1,205.8,233.3,233.9,236.1,238.6,240.0,239.4,237.2,234.5,231.1,232.5,234.4,237.0,239.6,241.6,242.9,241.8,240.0,237.8,235.4,233.0,235.7,236.8,237.8,238.0,237.4,236.3,235.4,235.1,352.9,350.5,349.3,350.2,352.6,355.3,356.2,355.3,354.3,352.9,352.0,351.4,351.7,352.7,354.1,354.9,355.3,355.6,355.5,355.1,354.0,354.3,353.8,352.8,351.7,351.3,351.8,352.9,350.7,348.1,346.8,347.5,349.8,352.4,353.7,353.2,352.5,350.9,349.6,348.8,348.9,349.6,350.7,351.8,352.5,352.9,353.1,353.1,351.5,351.8,351.3,350.2,349.1,348.8,349.4,350.5,-63.4,-61.9,-57.8,-53.5,-51.6,-52.8,-57.2,-61.5,-69.1,-66.5,-62.8,-58.2,-53.6,-50.1,-47.5,-50.2,-54.1,-58.4,-62.5,-66.3,-59.2,-57.4,-55.6,-54.9,-55.7,-57.6,-59.4,-60.1,-11.6,-10.5,-6.7,-2.3,-0.0,-1.1,-4.9,-9.5,-15.3,-13.0,-9.6,-5.1,-0.7,2.7,5.1,3.2,0.1,-3.7,-8.0,-12.1,-7.4,-5.5,-3.9,-3.4,-4.4,-6.3,-8.0,-8.5,57.7,53.4,51.4,53.0,57.1,61.7,63.4,61.9,60.4,57.8,56.0,55.0,55.5,57.3,59.8,61.2,61.8,62.2,62.2,61.7,59.5,60.2,59.3,57.5,55.6,55.0,55.8,57.7,52.7,48.4,46.2,47.5,51.4,55.8,58.0,57.1,56.0,53.1,50.9,49.5,49.9,51.1,53.2,54.9,55.9,56.6,56.8,56.9,54.3,54.9,53.9,52.0,50.3,49.7,50.7,52.6,913.0,913.5,913.4,912.9,912.3,912.1,911.9,912.4,917.5,914.8,912.2,910.8,911.1,912.4,913.8,912.3,911.0,910.9,912.3,914.7,913.4,913.1,913.1,913.3,913.6,913.8,913.8,913.6,896.0,896.9,897.9,898.4,898.2,897.3,896.3,895.9,897.0,895.9,895.1,895.4,897.3,900.3,903.3,900.2,897.3,895.4,895.0,895.8,897.3,897.5,898.0,898.4,898.5,898.2,897.8,897.4,0.00,0.00,0.70,0.00,0.00,0.00,0.00,0.67,0.54,1.21,0.00,0.04,0.00,0.01,1.12,0.46,0.21,0.00,0.00,1.00,1.00,0.00,0.00,0.00,1.00,0.00,1.00,0.00,0.00,0.00,1.00,0.00,0.00,0.00,1.00
272,0,18.907,0.98,1,0.141382,0.055072,-0.988422,-0.029857,0.066469,-0.997342,0.056,0.061,204.0,204.9,207.2,209.6,210.7,210.0,207.5,205.0,200.9,202.3,204.3,206.8,209.5,211.6,213.1,211.5,209.2,206.8,204.4,202.4,206.4,207.4,208.4,208.8,208.4,207.3,206.3,205.9,233.5,234.1,236.3,238.8,240.2,239.6,237.3,234.7,231.3,232.6,234.6,237.2,239.8,241.8,243.1,242.0,240.2,238.0,235.5,233.1,235.9,237.0,238.0,238.2,237.6,236.5,235.6,235.3,352.8,350.3,349.2,350.1,352.5,355.1,356.1,355.2,354.1,352.8,351.8,351.3,351.6,352.6,353.9,354.8,355.2,355.4,355.4,355.0,353.8,354.2,353.7,352.6,351.6,351.2,351.7,352.8,350.6,348.0,346.7,347.4,349.7,352.3,353.6,353.1,352.4,350.8,349.5,348.7,348.8,349.5,350.6,351.7,352.4,352.8,353.0,353.0,351.4,351.8,351.2,350.1,349.0,348.7,349.3,350.4,-63.1,-61.6,-57.5,-53.2,-51.3,-52.5,-56.9,-61.2,-68.8,-66.2,-62.5,-57.9,-53.3,-49.8,-47.2,-50.0,-53.8,-58.1,-62.2,-66.0,-58.9,-57.1,-55.3,-54.6,-55.4,-57.3,-59.1,-59.8,-11.2,-10.2,-6.3,-2.0,0.3,-0.7,-4.6,-9.2,-15.0,-12.6,-9.2,-4.7,-0.4,3.1,5.4,3.5,0.4,-3.4,-7.6,-11.8,-7.1,-5.2,-3.5,-3.1,-4.1,-6.0,-7.7,-8.1,57.4,53.1,51.1,52.7,56.8,61.4,63.1,61.6,60.0,57.5,55.7,54.7,55.2,57.0,59.5,60.9,61.5,61.9,61.9,61.4,59.2,59.9,59.0,57.2,55.3,54.7,55.5,57.4,52.5,48.1,46.0,47.2,51.2,55.6,57.8,56.9,55.8,52.9,50.6,49.3,49.7,50.9,53.0,54.7,55.7,56.4,56.6,56.7,54.1,54.7,53.7,51.8,50.1,49.5,50.4,52.4,912.3,912.8,912.7,912.2,911.6,911.4,911.2,911.7,916.8,914.1,911.5,910.1,910.4,911.6,913.1,911.6,910.3,910.2,911.6,914.0,912.7,912.4,912.4,912.6,912.9,913.1,913.1,912.9,895.1,896.0,897.0,897.6,897.3,896.4,895.4,895.0,896.1,895.0,894.2,894.5,896.5,899.4,902.4,899.3,896.4,894.6,894.1,895.0,896.4,896.7,897.1,897.5,897.6,897.4,896.9,896.5,0.00,0.00,0.69,0.00,0.00,0.00,0.00,0.57,0.45,1.16,0.02,0.06,0.00,0.00,1.09,0.65,0.23,0.00,0.00,0.00,1.00,0.00,0.00,0.00,1.00,0.00,1.00,0.00,0.00,0.00,1.00,0.00,0.00,0.00,1.00
273,0,18.977,0.98,1,0.139055,0.055299,-0.988740,-0.029730,0.066298,-0.997357,0.055,0.061,204.0,204.9,207.3,209.7,210.8,210.1,207.6,205.1,201.0,202.4,204.4,206.9,209.6,211.6,213.1,211.5,209.3,206.9,204.5,202.5,206.5,207.5,208.5,208.9,208.4,207.4,206.4,206.0,233.6,234.3,236.5,239.0,240.4,239.7,237.5,234.8,231.4,232.8,234.8,237.4,240.0,241.9,243.3,242.2,240.4,238.2,235.7,233.3,236.0,237.1,238.1,238.4,237.8,236.7,235.7,235.4,352.7,350.3,349.1,350.0,352.4,355.0,356.0,355.1,354.1,352.7,351.8,351.2,351.5,352.5,353.8,354.7,355.1,355.4,355.3,354.9,353.7,354.1,353.6,352.5,351.5,351.1,351.6,352.7,350.4,347.9,346.6,347.3,349.6,352.2,353.5,353.0,352.3,350.7,349.4,348.6,348.7,349.4,350.5,351.6,352.3,352.7,352.9,352.9,351.3,351.6,351.1,349.9,348.9,348.6,349.2,350.3,-63.0,-61.5,-57.4,-53.1,-51.2,-52.4,-56.8,-61.1,-68.7,-66.1,-62.4,-57.9,-53.2,-49.7,-47.1,-49.8,-53.7,-58.0,-62.1,-65.9,-58.8,-57.0,-55.2,-54.5,-55.4,-57.2,-59.0,-59.7,-10.9,-9.9,-6.0,-1.7,0.6,-0.5,-4.3,-8.9,-14.7,-12.4,-8.9,-4.4,-0.1,3.3,5.7,3.8,0.7,-3.1,-7.4,-11.5,-6.8,-4.9,-3.2,-2.8,-3.8,-5.7,-7.4,-7.8,57.4,53.1,51.1,52.6,56.7,61.4,63.0,61.5,60.0,57.5,55.7,54.6,55.2,56.9,59.4,60.8,61.4,61.9,61.9,61.4,59.2,59.8,59.0,57.1,55.3,54.6,55.5,57.4,52.3,47.9,45.8,47.1,51.1,55.4,57.6,56.7,55.6,52.7,50.4,49.1,49.5,50.7,52.8,54.6,55.6,56.2,56.4,56.5,53.9,54.5,53.5,51.6,49.9,49.3,50.2,52.2,913.1,913.5,913.4,912.9,912.3,912.1,912.0,912.5,917.6,914.8,912.3,910.9,911.1,912.4,913.9,912.4,911.1,911.0,912.4,914.8,913.4,913.2,913.2,913.3,913.6,913.8,913.8,913.7,895.2,896.1,897.1,897.7,897.4,896.6,895.5,895.2,896.2,895.1,894.3,894.6,896.6,899.5,902.5,899.5,896.6,894.7,894.2,895.1,896.5,896.8,897.2,897.6,897.7,897.5,897.0,896.6,0.00,0.00,0.62,0.00,0.00,0.00,0.00,0.38,0.36,0.92,0.02,0.09,0.00,0.00,0.95,0.58,0.30,0.00,0.00,0.00,1.00,0.00,0.00,0.00,1.00,0.00,1.00,0.00,0.00,0.00,1.00,0.00,0.00,0.00,0.00
274,0,19.047,0.98,1,0.140731,0.054027,-0.988573,-0.029198,0.065396,-0.997432,0.056,0.060,204.3,205.1,207.5,209.9,211.0,210.3,207.8,205.3,201.2,202.6,204.6,207.1,209.8,211.8,213.3,211.7,209.5,207.1,204.7,202.7,206.7,207.7,208.7,209.1,208.6,207.6,206.6,206.2,233.8,234.5,236.7,239.2,240.5,239.9,237.7,235.0,231.7,233.0,235.0,237.6,240.1,242.1,243.5,242.4,240.6,238.4,235.9,233.5,236.2,237.3,238.3,238.6,238.0,236.9,235.9,235.7,352.7,350.2,349.1,350.0,352.3,355.0,356.0,355.1,354.0,352.7,351.7,351.2,351.5,352.4,353.8,354.7,355.1,355.3,355.3,354.9,353.7,354.1,353.6,352.5,351.5,351.1,351.6,352.7,350.4,347.8,346.5,347.3,349.6,352.2,353.4,352.9,352.3,350.6,349.3,348.6,348.7,349.3,350.5,351.5,352.2,352.7,352.8,352.8,351.3,351.6,351.0,349.9,348.9,348.6,349.1,350.3,-62.7,-61.2,-57.1,-52.9,-50.9,-52.1,-56.5,-60.8,-68.4,-65.8,-62.1,-57.6,-53.0,-49.4,-46.9,-49.6,-53.4,-57.7,-61.8,-65.6,-58.6,-56.7,-54.9,-54.2,-55.1,-57.0,-58.7,-59.4,-10.6,-9.5,-5.7,-1.4,0.9,-0.1,-4.0,-8.6,-14.4,-12.0,-8.6,-4.1,0.2,3.7,6.1,4.1,1.0,-2.8,-7.0,-11.2,-6.5,-4.6,-2.9,-2.4,-3.5,-5.4,-7.0,-7.5,57.4,53.1,51.1,52.6,56.7,61.4,63.0,61.5,60.0,57.5,55.7,54.6,55.2,56.9,59.4,60.8,61.4,61.9,61.9,61.4,59.2,59.8,59.0,57.1,55.3,54.6,55.5,57.4,52.4,48.0,45.8,47.1,51.1,55.5,57.7,56.8,55.6,52.8,50.5,49.2,49.5,50.8,52.9,54.6,55.6,56.2,56.5,56.6,54.0,54.5,53.6,51.7,49.9,49.4,50.3,52.2,914.2,914.6,914.5,914.0,913.4,913.2,913.1,913.6,918.7,915.9,913.4,912.0,912.3,913.5,915.0,913.5,912.2,912.1,913.4,915.9,914.5,914.3,914.3,914.4,914.7,914.9,915.0,914.8,897.6,898.5,899.5,900.1,899.8,898.9,897.9,897.5,898.6,897.5,896.7,897.0,899.0,901.9,904.9,901.8,899.0,897.1,896.6,897.5,898.9,899.2,899.6,900.0,900.1,899.9,899.4,899.0,0.00,0.00,0.56,0.00,0.00,0.00,0.00,0.24,0.27,0.90,0.02,0.18,0.00,0.00,0.81,0.59,0.31,0.00,0.00,0.00,1.00,0.00,0.00,0.00,1.00,0.00,1.00,0.00,0.00,0.00,1.00,0.00,0.00,0.00,0.00
275,0,19.116,0.98,1,0.143675,0.051120,-0.988304,-0.027064,0.062988,-0.997647,0.059,0.057,204.5,205.4,207.7,210.1,211.2,210.5,208.0,205.6,201.5,202.8,204.8,207.4,210.0,212.1,213.6,212.0,209.8,207.3,205.0,203.0,206.9,208.0,209.0,209.4,208.9,207.8,206.8,206.4,234.0,234.7,236.9,239.4,240.7,240.1,237.9,235.2,231.9,233.2,235.2,237.8,240.3,242.3,243.7,242.6,240.8,238.6,236.1,233.7,236.4,237.5,238.5,238.8,238.2,237.1,236.1,235.8,352.7,350.2,349.1,350.0,352.3,355.0,356.0,355.1,354.0,352.7,351.7,351.2,351.5,352.4,353.8,354.7,355.1,355.4,355.3,354.9,353.7,354.1,353.6,352.5,351.5,351.1,351.6,352.7,350.4,347.8,346.5,347.2,349.5,352.1,353.4,352.9,352.2,350.6,349.3,348.5,348.6,349.3,350.4,351.5,352.2,352.6,352.8,352.8,351.2,351.6,351.0,349.9,348.9,348.5,349.1,350.2,-62.3,-60.7,-56.7,-52.4,-50.4,-51.6,-56.0,-60.3,-67.9,-65.4,-61.6,-57.1,-52.5,-48.9,-46.4,-49.1,-52.9,-57.2,-61.3,-65.1,-58.1,-56.2,-54.4,-53.7,-54.6,-56.5,-58.3,-58.9,-10.3,-9.2,-5.4,-1.1,1.3,0.2,-3.6,-8.2,-14.0,-11.7,-8.3,-3.8,0.6,4.0,6.4,4.4,1.4,-2.4,-6.7,-10.8,-6.2,-4.3,-2.6,-2.1,-3.1,-5.0,-6.7,-7.2,57.4,53.1,51.1,52.6,56.7,61.3,63.0,61.5,60.0,57.5,55.6,54.6,55.1,56.8,59.3,60.8,61.4,61.9,61.9,61.4,59.2,59.8,58.9,57.1,55.2,54.6,55.5,57.4,52.4,48.0,45.8,47.1,51.1,55.5,57.7,56.8,55.7,52.8,50.5,49.2,49.5,50.8,52.9,54.6,55.6,56.3,56.5,56.6,54.0,54.5,53.6,51.7,49.9,49.4,50.3,52.2,913.7,914.1,914.0,913.5,912.9,912.7,912.6,913.0,918.1,915.4,912.9,911.5,911.8,913.0,914.5,913.0,911.7,911.6,912.9,915.4,914.0,913.8,913.8,913.9,914.2,914.4,914.4,914.3,898.8,899.7,900.7,901.3,901.0,900.2,899.1,898.8,899.9,898.7,898.0,898.2,900.2,903.1,906.1,903.1,900.2,898.3,897.9,898.7,900.1,900.4,900.8,901.2,901.3,901.1,900.6,900.3,0.00,0.00,0.54,0.00,0.00,0.00,0.00,0.18,0.23,0.80,0.03,0.20,0.00,0.00,0.71,0.59,0.25,0.00,0.00,0.00,1.00,0.00,0.00,0.00,1.00,0.00,1.00,0.00,0.00,0.00,1.00,0.00,0.00,0.00,0.00
276,0,19.186,0.98,1,0.145282,0.050363,-0.988108,-0.025758,0.062333,-0.997723,0.060,0.057,204.7,205.5,207.9,210.3,211.4,210.7,208.2,205.8,201.6,203.0,205.0,207.6,210.2,212.3,213.8,212.2,209.9,207.5,205.2,203.1,207.1,208.1,209.2,209.6,209.1,208.0,207.0,206.6,234.3,234.9,237.1,239.6,241.0,240.4,238.1,235.5,232.1,233.4,235.4,238.0,240.6,242.5,243.9,242.8,241.0,238.8,236.3,233.9,236.7,237.8,238.7,239.0,238.4,237.3,236.3,236.1,352.7,350.3,349.1,350.0,352.4,355.0,356.0,355.1,354.1,352.7,351.8,351.2,351.5,352.5,353.8,354.7,355.1,355.4,355.4,355.0,353.8,354.1,353.6,352.5,351.5,351.1,351.6,352.7,350.4,347.8,346.5,347.3,349.6,352.1,353.4,352.9,352.3,350.6,349.3,348.5,348.7,349.3,350.4,351.5,352.2,352.7,352.8,352.8,351.3,351.6,351.0,349.9,348.9,348.6,349.1,350.3,-61.8,-60.3,-56.2,-51.9,-50.0,-51.2,-55.6,-59.8,-67.4,-64.9,-61.2,-56.6,-52.0,-48.4,-45.9,-48.6,-52.5,-56.7,-60.9,-64.6,-57.6,-55.7,-53.9,-53.3,-54.1,-56.0,-57.8,-58.5,-9.9,-8.8,-5.0,-0.6,1.7,0.6,-3.2,-7.8,-13.6,-11.3,-7.9,-3.4,1.0,4.4,6.8,4.8,1.8,-2.0,-6.3,-10.4,-5.8,-3.9,-2.2,-1.7,-2.7,-4.6,-6.3,-6.8,57.3,53.0,51.0,52.5,56.6,61.2,62.9,61.4,59.9,57.4,55.5,54.5,55.0,56.7,59.3,60.7,61.3,61.8,61.8,61.3,59.1,59.7,58.8,57.0,55.2,54.5,55.4,57.3,52.3,48.0,45.8,47.1,51.1,55.4,57.6,56.7,55.6,52.7,50.4,49.1,49.5,50.7,52.8,54.6,55.6,56.2,56.5,56.5,53.9,54.5,53.5,51.6,49.9,49.3,50.3,52.2,911.2,911.6,911.5,911.1,910.4,910.3,910.1,910.6,915.6,912.9,910.4,909.0,909.3,910.5,912.1,910.6,909.2,909.1,910.4,912.9,911.5,911.3,911.3,911.5,911.7,911.9,912.0,911.8,897.0,897.8,898.9,899.4,899.2,898.3,897.3,896.9,898.0,896.8,896.1,896.4,898.3,901.3,904.3,901.2,898.3,896.4,896.0,896.8,898.3,898.5,899.0,899.4,899.5,899.2,898.8,898.4,0.00,0.00,0.55,0.00,0.00,0.00,0.00,0.13,0.18,0.85,0.13,0.24,0.00,0.00,0.58,0.54,0.25,0.00,0.00,0.00,1.00,0.00,0.00,0.00,1.00,0.00,1.00,0.00,0.00,0.00,1.00,0.00,0.00,0.00,0.00
277,0,19.256,0.98,1,0.147085,0.051119,-0.987802,-0.023684,0.062891,-0.997739,0.062,0.057,204.9,205.7,208.1,210.5,211.6,210.9,208.4,206.0,201.8,203.2,205.2,207.8,210.4,212.5,214.0,212.4,210.2,207.7,205.4,203.3,207.3,208.4,209.4,209.8,209.3,208.2,207.2,206.8,234.5,235.1,237.3,239.8,241.2,240.6,238.4,235.7,232.3,233.7,235.6,238.2,240.8,242.8,244.1,243.0,241.2,239.0,236.6,234.2,236.9,238.0,239.0,239.2,238.6,237.5,236.6,236.3,352.8,350.3,349.1,350.0,352.4,355.1,356.0,355.2,354.1,352.8,351.8,351.2,351.5,352.5,353.9,354.8,355.2,355.5,355.4,355.0,353.8,354.2,353.7,352.6,351.5,351.2,351.7,352.7,350.4,347.8,346.5,347.3,349.6,352.2,353.5,353.0,352.3,350.6,349.3,348.6,348.7,349.3,350.5,351.6,352.3,352.7,352.9,352.9,351.3,351.6,351.0,349.9,348.9,348.6,349.1,350.3,-61.3,-59.8,-55.7,-51.4,-49.5,-50.6,-55.0,-59.3,-66.9,-64.4,-60.7,-56.1,-51.5,-47.9,-45.4,-48.1,-52.0,-56.2,-60.4,-64.1,-57.1,-55.2,-53.4,-52.8,-53.6,-55.5,-57.3,-57.9,-9.5,-8.4,-4.6,-0.3,2.1,1.0,-2.8,-7.4,-13.2,-10.9,-7.5,-3.0,1.3,4.8,7.1,5.2,2.1,-1.6,-5.9,-10.0,-5.4,-3.5,-1.8,-1.3,-2.4,-4.3,-5.9,-6.4,57.2,52.9,50.9,52.4,56.5,61.2,62.8,61.3,59.8,57.3,55.4,54.4,54.9,56.6,59.2,60.6,61.3,61.7,61.7,61.2,59.0,59.6,58.8,56.9,55.1,54.4,55.3,57.2,52.3,47.9,45.7,47.0,51.0,55.4,57.5,56.6,55.6,52.7,50.4,49.1,49.4,50.6,52.8,54.5,55.5,56.2,56.4,56.5,53.9,54.4,53.5,51.6,49.8,49.2,50.2,52.1,908.6,909.0,909.0,908.5,907.9,907.7,907.6,908.0,913.1,910.4,907.8,906.4,906.8,908.0,909.5,908.0,906.7,906.6,907.9,910.4,909.0,908.8,908.8,908.9,909.2,909.4,909.4,909.2,895.2,896.1,897.1,897.7,897.5,896.6,895.5,895.1,896.2,895.1,894.3,894.6,896.6,899.6,902.6,899.5,896.6,894.7,894.2,895.1,896.5,896.8,897.2,897.6,897.7,897.5,897.0,896.6,0.00,0.00,0.62,0.00,0.00,0.00,0.00,0.04,0.12,0.66,0.26,0.24,0.00,0.00,0.36,0.40,0.19,0.00,0.00,0.00,1.00,0.00,0.00,0.00,1.00,0.00,1.00,0.00,0.00,0.00,1.00,0.00,0.00,0.00,0.00
278,0,19.326,0.98,1,0.145996,0.049886,-0.988027,-0.023877,0.061281,-0.997835,0.061,0.056,205.0,205.9,208.2,210.7,211.8,211.1,208.5,206.1,202.0,203.3,205.3,207.9,210.6,212.6,214.1,212.5,210.3,207.8,205.5,203.5,207.4,208.5,209.5,209.9,209.4,208.3,207.3,206.9,234.6,235.2,237.4,240.0,241.3,240.7,238.5,235.8,232.4,233.8,235.8,238.4,240.9,242.9,244.2,243.1,241.4,239.2,236.7,234.3,237.0,238.1,239.1,239.3,238.8,237.7,236.7,236.4,352.9,350.4,349.2,350.1,352.5,355.2,356.1,355.3,354.2,352.9,351.9,351.3,351.6,352.6,354.0,354.9,355.3,355.6,355.5,355.1,353.9,354.3,353.8,352.7,351.6,351.2,351.7,352.8,350.5,347.9,346.6,347.4,349.7,352.3,353.6,353.1,352.4,350.7,349.4,348.6,348.8,349.4,350.5,351.7,352.4,352.8,353.0,353.0,351.4,351.7,351.1,350.0,349.0,348.7,349.2,350.4,-61.1,-59.6,-55.5,-51.2,-49.2,-50.4,-54.8,-59.1,-66.7,-64.2,-60.5,-55.9,-51.3,-47.7,-45.2,-47.9,-51.7,-56.0,-60.1,-63.9,-56.9,-55.0,-53.2,-52.5,-53.4,-55.3,-57.1,-57.7,-9.3,-8.2,-4.4,-0.1,2.3,1.2,-2.6,-7.2,-13.0,-10.7,-7.3,-2.8,1.6,5.0,7.4,5.4,2.4,-1.4,-5.7,-9.8,-5.2,-3.3,-1.6,-1.1,-2.1,-4.0,-5.7,-6.2,57.4,53.0,51.0,52.5,56.7,61.3,63.0,61.5,60.0,57.4,55.6,54.6,55.1,56.8,59.3,60.8,61.5,61.9,61.9,61.4,59.2,59.8,58.9,57.0,55.2,54.6,55.5,57.3,52.4,48.0,45.9,47.1,51.1,55.5,57.7,56.8,55.7,52.8,50.5,49.2,49.5,50.8,52.9,54.6,55.7,56.3,56.6,56.6,54.0,54.6,53.6,51.7,49.9,49.4,50.3,52.3,908.9,909.3,909.2,908.7,908.1,908.0,907.8,908.3,913.4,910.6,908.1,906.7,907.0,908.2,909.8,908.3,906.9,906.8,908.2,910.6,909.2,909.0,909.0,909.2,909.4,909.6,909.6,909.5,894.8,895.7,896.7,897.3,897.1,896.2,895.2,894.8,895.8,894.7,894.0,894.3,896.2,899.2,902.2,899.2,896.3,894.4,893.9,894.7,896.2,896.4,896.9,897.3,897.4,897.1,896.6,896.3,0.00,0.00,0.66,0.00,0.00,0.00,0.00,0.00,0.09,0.58,0.45,0.31,0.00,0.02,0.15,0.33,0.15,0.00,0.00,0.00,1.00,0.00,0.00,0.00,1.00,0.00,1.00,0.00,0.00,0.00,1.00,0.00,0.00,0.00,0.00
279,0,19.395,0.98,1,0.143400,0.048503,-0.988476,-0.024375,0.059255,-0.997945,0.060,0.054,205.1,206.0,208.3,210.8,211.9,211.2,208.7,206.2,202.1,203.4,205.4,208.0,210.7,212.7,214.2,212.7,210.4,208.0,205.6,203.6,207.5,208.6,209.6,210.0,209.5,208.5,207.4,207.1,234.7,235.3,237.6,240.1,241.4,240.8,238.6,235.9,232.5,233.9,235.9,238.5,241.0,243.0,244.4,243.2,241.5,239.3,236.8,234.4,237.1,238.2,239.2,239.5,238.9,237.8,236.8,236.5,353.0,350.5,349.3,350.2,352.6,355.2,356.2,355.3,354.3,352.9,352.0,351.4,351.7,352.6,354.0,354.9,355.4,355.6,355.6,355.2,354.0,354.3,353.8,352.7,351.7,351.3,351.8,352.9,350.6,348.0,346.7,347.4,349.8,352.3,353.6,353.1,352.4,350.8,349.5,348.7,348.8,349.5,350.6,351.7,352.4,352.9,353.0,353.0,351.5,351.8,351.2,350.1,349.1,348.7,349.3,350.4,-60.9,-59.4,-55.3,-51.0,-49.1,-50.3,-54.7,-58.9,-66.5,-64.0,-60.3,-55.7,-51.1,-47.5,-45.0,-47.7,-51.6,-55.8,-60.0,-63.7,-56.7,-54.8,-53.0,-52.4,-53.2,-55.1,-56.9,-57.6,-9.1,-8.0,-4.2,0.1,2.5,1.4,-2.4,-7.0,-12.8,-10.5,-7.1,-2.6,1.8,5.2,7.5,5.6,2.5,-1.2,-5.5,-9.6,-5.0,-3.1,-1.4,-0.9,-2.0,-3.8,-5.5,-6.0,57.5,53.2,51.2,52.7,56.8,61.5,63.1,61.7,60.1,57.6,55.8,54.7,55.2,57.0,59.5,61.0,61.6,62.1,62.1,61.6,59.3,60.0,59.1,57.2,55.4,54.7,55.6,57.5,52.5,48.1,46.0,47.2,51.3,55.6,57.8,56.9,55.8,52.9,50.6,49.3,49.6,50.9,53.0,54.8,55.8,56.4,56.7,56.7,54.1,54.7,53.7,51.8,50.1,49.5,50.4,52.4,909.2,909.6,909.5,909.0,908.4,908.3,908.2,908.7,913.7,911.0,908.4,907.0,907.3,908.5,910.1,908.6,907.3,907.2,908.6,911.0,909.6,909.4,909.3,909.5,909.7,909.9,910.0,909.8,894.4,895.3,896.3,896.9,896.7,895.9,894.8,894.4,895.4,894.3,893.6,893.9,895.9,898.8,901.9,898.8,895.9,894.0,893.5,894.3,895.8,896.0,896.5,896.9,897.0,896.7,896.3,895.9,0.00,0.00,0.68,0.00,0.00,0.00,0.00,0.03,0.08,0.46,0.48,0.38,0.00,0.03,0.13,0.34,0.14,0.00,0.00,0.00,1.00,0.00,0.00,0.00,1.00,0.00,1.00,0.00,0.00,0.00,1.00,0.00,0.00,0.00,0.00
280,0,19.465,0.98,1,0.140084,0.051759,-0.988786,-0.028623,0.062410,-0.997640,0.056,0.057,205.1,206.0,208.3,210.7,211.8,211.1,208.6,206.2,202.1,203.4,205.4,208.0,210.6,212.7,214.2,212.6,210.4,207.9,205.6,203.5,207.5,208.6,209.6,210.0,209.5,208.4,207.4,207.0,234.7,235.4,237.6,240.1,241.5,240.8,238.6,235.9,232.5,233.9,235.9,238.5,241.1,243.0,244.4,243.3,241.5,239.3,236.8,234.4,237.1,238.2,239.2,239.5,238.9,237.8,236.8,236.5,353.0,350.5,349.4,350.2,352.6,355.3,356.3,355.4,354.3,353.0,352.0,351.5,351.8,352.7,354.1,355.0,355.4,355.7,355.6,355.2,354.0,354.4,353.9,352.8,351.7,351.4,351.9,352.9,350.6,348.1,346.8,347.5,349.8,352.4,353.7,353.2,352.5,350.9,349.6,348.8,348.9,349.6,350.7,351.8,352.5,352.9,353.1,353.1,351.5,351.9,351.3,350.2,349.1,348.8,349.4,350.5,-60.9,-59.4,-55.3,-51.1,-49.1,-50.3,-54.7,-59.0,-66.6,-64.0,-60.3,-55.8,-51.2,-47.6,-45.0,-47.8,-51.6,-55.9,-60.0,-63.8,-56.7,-54.9,-53.1,-52.4,-53.3,-55.1,-56.9,-57.6,-9.0,-8.0,-4.2,0.2,2.5,1.4,-2.4,-7.0,-12.8,-10.5,-7.0,-2.6,1.8,5.2,7.6,5.7,2.6,-1.2,-5.5,-9.6,-4.9,-3.0,-1.4,-0.9,-1.9,-3.8,-5.5,-5.9,57.6,53.3,51.3,52.8,56.9,61.5,63.2,61.7,60.2,57.6,55.8,54.8,55.3,57.0,59.6,61.0,61.7,62.1,62.1,61.6,59.4,60.0,59.1,57.2,55.4,54.8,55.7,57.6,52.6,48.2,46.0,47.3,51.3,55.7,57.8,56.9,55.8,52.9,50.6,49.4,49.7,50.9,53.1,54.8,55.8,56.5,56.7,56.8,54.1,54.7,53.8,51.8,50.1,49.5,50.5,52.4,909.2,909.5,909.4,908.9,908.4,908.2,908.1,908.6,913.7,910.9,908.4,906.9,907.2,908.4,910.0,908.5,907.2,907.1,908.5,910.9,909.5,909.3,909.3,909.4,909.7,909.9,909.9,909.8,893.1,894.0,895.0,895.5,895.3,894.5,893.4,893.0,894.1,893.0,892.2,892.5,894.5,897.4,900.5,897.4,894.5,892.6,892.1,893.0,894.4,894.7,895.1,895.5,895.6,895.3,894.9,894.5,0.00,0.00,0.66,0.00,0.00,0.00,0.00,0.11,0.16,0.53,0.35,0.33,0.00,0.03,0.38,0.43,0.18,0.00,0.00,0.00,1.00,0.00,0.00,0.00,1.00,0.00,1.00,0.00,0.00,0.00,1.00,0.00,0.00,0.00,0.00
281,0,19.535,0.98,1,0.139655,0.060595,-0.988344,-0.031291,0.072627,-0.996868,0.055,0.067,205.1,206.0,208.3,210.7,211.8,211.1,208.6,206.2,202.0,203.4,205.4,208.0,210.6,212.7,214.2,212.6,210.3,207.9,205.6,203.5,207.5,208.6,209.6,210.0,209.5,208.4,207.4,207.0,234.7,235.3,237.6,240.1,241.5,240.9,238.6,235.9,232.5,233.9,235.9,238.5,241.1,243.1,244.4,243.3,241.5,239.3,236.8,234.4,237.1,238.3,239.2,239.5,238.9,237.8,236.8,236.5,353.1,350.6,349.5,350.4,352.7,355.4,356.4,355.5,354.4,353.1,352.1,351.6,351.9,352.8,354.2,355.1,355.5,355.8,355.7,355.3,354.1,354.5,354.0,352.9,351.9,351.5,352.0,353.1,350.8,348.2,346.9,347.6,349.9,352.5,353.8,353.3,352.6,351.0,349.7,348.9,349.0,349.6,350.8,351.9,352.6,353.0,353.2,353.2,351.6,351.9,351.4,350.2,349.2,348.9,349.5,350.6,-60.9,-59.4,-55.3,-51.0,-49.1,-50.3,-54.7,-59.0,-66.5,-64.0,-60.3,-55.7,-51.1,-47.6,-45.0,-47.7,-51.6,-55.8,-60.0,-63.7,-56.7,-54.8,-53.1,-52.4,-53.2,-55.1,-56.9,-57.6,-9.0,-8.0,-4.2,0.2,2.5,1.5,-2.4,-7.0,-12.8,-10.5,-7.0,-2.6,1.8,5.2,7.7,5.7,2.6,-1.2,-5.4,-9.6,-4.9,-3.0,-1.3,-0.9,-1.9,-3.8,-5.5,-5.9,57.7,53.4,51.4,52.9,57.0,61.7,63.4,61.9,60.3,57.8,56.0,54.9,55.5,57.2,59.7,61.2,61.8,62.3,62.3,61.7,59.5,60.2,59.3,57.4,55.6,54.9,55.8,57.7,52.7,48.3,46.1,47.4,51.4,55.7,57.9,57.0,56.0,53.1,50.8,49.4,49.8,51.0,53.1,54.9,55.9,56.5,56.8,56.9,54.3,54.8,53.8,51.9,50.2,49.6,50.6,52.5,908.2,908.6,908.5,908.0,907.4,907.3,907.1,907.6,912.7,910.0,907.4,906.0,906.3,907.5,909.0,907.5,906.2,906.1,907.5,910.0,908.6,908.3,908.3,908.5,908.7,908.9,909.0,908.8,892.1,893.0,894.0,894.5,894.3,893.5,892.5,892.1,893.2,892.0,891.2,891.5,893.5,896.4,899.4,896.3,893.5,891.6,891.2,892.0,893.4,893.7,894.1,894.5,894.6,894.4,893.9,893.5,0.00,0.00,0.63,0.00,0.00,0.00,0.00,0.25,0.28,0.66,0.13,0.25,0.00,0.00,0.92,0.64,0.24,0.00,0.00,0.00,1.00,0.00,0.00,0.00,1.00,0.00,1.00,0.00,0.00,0.00,1.00,0.00,0.00,0.00,0.00
282,0,19.605,0.98,1,0.140647,0.061362,-0.988156,-0.032209,0.075284,-0.996642,0.055,0.069,205.1,206.0,208.4,210.8,211.9,211.2,208.6,206.2,202.1,203.4,205.4,208.0,210.7,212.8,214.3,212.7,210.4,207.9,205.6,203.5,207.5,208.6,209.6,210.0,209.5,208.5,207.4,207.1,234.8,235.4,237.6,240.2,241.6,241.0,238.7,236.0,232.6,234.0,236.0,238.6,241.1,243.2,244.5,243.4,241.6,239.4,236.9,234.5,237.2,238.4,239.3,239.6,239.0,237.9,236.9,236.6,353.3,350.8,349.6,350.5,352.9,355.6,356.6,355.7,354.6,353.3,352.3,351.7,352.1,353.0,354.4,355.3,355.7,356.0,355.9,355.5,354.3,354.7,354.2,353.1,352.1,351.7,352.2,353.3,350.9,348.3,346.9,347.7,350.0,352.6,353.9,353.4,352.8,351.1,349.8,349.0,349.1,349.7,350.8,352.0,352.7,353.1,353.3,353.4,351.7,352.1,351.5,350.3,349.3,349.0,349.6,350.7,-60.6,-59.0,-54.9,-50.7,-48.7,-49.9,-54.3,-58.6,-66.2,-63.6,-59.9,-55.4,-50.8,-47.2,-44.7,-47.4,-51.2,-55.5,-59.7,-63.4,-56.4,-54.5,-52.7,-52.0,-52.9,-54.8,-56.5,-57.2,-8.8,-7.8,-4.0,0.3,2.7,1.7,-2.2,-6.8,-12.6,-10.3,-6.9,-2.4,2.0,5.4,7.8,5.9,2.8,-1.0,-5.2,-9.4,-4.7,-2.8,-1.2,-0.7,-1.7,-3.6,-5.3,-5.7,57.8,53.5,51.5,53.0,57.1,61.8,63.4,61.9,60.4,57.8,56.0,55.0,55.5,57.3,59.8,61.3,61.9,62.3,62.3,61.8,59.6,60.2,59.4,57.5,55.7,55.0,55.9,57.8,52.6,48.3,46.0,47.3,51.3,55.6,57.8,57.0,55.9,53.0,50.7,49.3,49.6,50.9,53.0,54.7,55.8,56.5,56.7,56.9,54.2,54.7,53.8,51.8,50.1,49.6,50.5,52.4,903.9,904.3,904.3,903.8,903.1,902.9,902.8,903.3,908.4,905.7,903.1,901.7,902.0,903.2,904.7,903.2,901.9,901.8,903.2,905.6,904.2,904.0,904.0,904.2,904.4,904.7,904.7,904.5,887.7,888.6,889.6,890.2,890.0,889.1,888.1,887.7,888.8,887.6,886.9,887.1,889.1,892.1,895.1,892.0,889.1,887.2,886.8,887.6,889.1,889.3,889.8,890.1,890.2,890.0,889.6,889.2,0.00,0.00,0.62,0.00,0.00,0.00,0.00,0.34,0.38,0.74,0.04,0.17,0.00,0.00,1.21,0.92,0.15,0.00,0.00,0.00,1.00,0.00,0.00,0.00,1.00,0.00,1.00,0.00,0.00,0.00,1.00,0.00,0.00,0.00,0.00
283,0,19.674,0.98,1,0.145101,0.070513,-0.986901,-0.027749,0.083892,-0.996088,0.059,0.078,205.4,206.3,208.7,211.1,212.2,211.5,209.0,206.5,202.4,203.7,205.8,208.3,211.0,213.0,214.5,212.9,210.7,208.3,205.9,203.9,207.8,208.9,209.9,210.3,209.8,208.8,207.8,207.4,234.9,235.5,237.7,240.2,241.6,241.0,238.8,236.1,232.7,234.1,236.1,238.7,241.2,243.2,244.6,243.4,241.7,239.5,237.0,234.6,237.3,238.4,239.4,239.6,239.1,237.9,237.0,236.7,353.8,351.3,350.2,351.0,353.4,356.1,357.0,356.2,355.1,353.8,352.8,352.3,352.6,353.5,354.9,355.8,356.2,356.5,356.4,356.0,354.8,355.2,354.7,353.6,352.6,352.2,352.7,353.7,351.4,348.8,347.5,348.2,350.5,353.1,354.4,353.9,353.3,351.6,350.3,349.5,349.6,350.2,351.3,352.5,353.2,353.6,353.8,353.8,352.2,352.5,352.0,350.8,349.8,349.5,350.1,351.2,-60.5,-59.0,-54.9,-50.6,-48.7,-49.9,-54.3,-58.5,-66.1,-63.6,-59.9,-55.3,-50.7,-47.1,-44.6,-47.3,-51.2,-55.4,-59.6,-63.3,-56.3,-54.4,-52.6,-52.0,-52.8,-54.7,-56.5,-57.2,-8.8,-7.7,-3.9,0.4,2.8,1.7,-2.1,-6.7,-12.5,-10.2,-6.8,-2.3,2.1,5.5,7.9,6.0,2.9,-0.9,-5.2,-9.3,-4.6,-2.7,-1.1,-0.6,-1.6,-3.5,-5.2,-5.7,59.1,54.8,52.8,54.3,58.5,63.1,64.8,63.3,61.7,59.2,57.4,56.3,56.9,58.6,61.1,62.6,63.2,63.7,63.7,63.1,60.9,61.6,60.7,58.8,57.0,56.3,57.2,59.1,54.0,49.6,47.4,48.7,52.7,57.0,59.3,58.4,57.3,54.4,52.1,50.8,51.1,52.3,54.4,56.1,57.2,57.9,58.2,58.3,55.6,56.1,55.2,53.2,51.5,50.9,51.9,53.8,911.5,911.9,911.8,911.4,910.8,910.7,910.5,911.0,916.0,913.3,910.7,909.3,909.6,910.9,912.4,910.9,909.6,909.5,910.8,913.3,911.9,911.7,911.7,911.8,912.1,912.3,912.3,912.1,896.5,897.4,898.4,898.9,898.8,897.9,896.9,896.5,897.6,896.4,895.6,895.9,897.9,900.8,903.9,900.8,897.9,896.1,895.6,896.5,897.9,898.1,898.6,898.9,899.0,898.8,898.3,898.0,0.03,0.00,0.63,0.00,0.00,0.00,0.00,0.33,0.39,0.72,0.12,0.18,0.00,0.00,1.35,0.99,0.23,0.00,0.00,0.00,1.00,0.00,0.00,0.00,1.00,0.00,1.00,0.00,0.00,0.00,1.00,0.00,0.00,0.00,0.00
284,0,19.744,0.98,1,0.156942,0.081653,-0.984227,-0.021896,0.096035,-0.995137,0.068,0.090,206.1,207.0,209.3,211.7,212.8,212.1,209.6,207.2,203.1,204.5,206.5,209.0,211.6,213.6,215.1,213.5,211.4,209.0,206.6,204.6,208.5,209.6,210.6,210.9,210.5,209.4,208.4,208.0,235.2,235.8,238.0,240.5,241.8,241.2,239.0,236.4,233.1,234.4,236.4,238.9,241.4,243.4,244.7,243.6,241.9,239.7,237.3,234.9,237.6,238.7,239.6,239.9,239.3,238.2,237.3,237.0,355.2,352.7,351.6,352.4,354.8,357.4,358.4,357.5,356.4,355.2,354.3,353.8,354.0,354.9,356.2,357.1,357.5,357.8,357.7,357.3,356.1,356.5,356.0,355.0,353.9,353.6,354.0,355.1,352.7,350.1,348.8,349.5,351.8,354.3,355.6,355.2,354.5,352.9,351.7,350.9,351.0,351.5,352.5,353.6,354.4,354.8,355.0,355.0,353.5,353.8,353.2,352.1,351.1,350.8,351.4,352.5,-60.4,-59.0,-54.9,-50.6,-48.6,-49.8,-54.2,-58.4,-66.2,-63.6,-59.8,-55.2,-50.6,-47.1,-44.6,-47.2,-51.1,-55.3,-59.5,-63.3,-56.2,-54.4,-52.6,-51.9,-52.8,-54.7,-56.5,-57.1,-8.4,-7.4,-3.5,0.8,3.2,2.1,-1.7,-6.3,-12.2,-9.8,-6.4,-1.9,2.5,5.9,8.3,6.4,3.3,-0.5,-4.8,-9.0,-4.3,-2.4,-0.7,-0.2,-1.2,-3.2,-4.8,-5.3,62.8,58.4,56.4,57.9,62.1,66.8,68.4,66.9,65.3,62.9,61.2,60.1,60.6,62.3,64.7,66.1,66.8,67.3,67.3,66.7,64.6,65.2,64.3,62.4,60.6,60.0,60.8,62.8,57.3,52.9,50.7,51.9,55.9,60.3,62.6,61.7,60.6,57.7,55.5,54.2,54.4,55.5,57.5,59.3,60.4,61.1,61.4,61.5,58.9,59.4,58.4,56.5,54.7,54.2,55.2,57.1,929.9,930.2,930.2,929.9,929.5,929.4,929.1,929.5,934.3,931.5,929.1,927.8,928.2,929.6,931.3,929.7,928.3,928.1,929.3,931.6,930.4,930.3,930.3,930.4,930.6,930.7,930.7,930.6,914.1,914.8,915.7,916.3,916.2,915.5,914.5,914.1,915.2,913.9,913.1,913.3,915.3,918.2,921.3,918.3,915.5,913.6,913.2,914.1,915.4,915.7,916.1,916.4,916.4,916.2,915.8,915.5,0.26,0.00,0.65,0.00,0.00,0.00,0.00,0.19,0.32,0.74,0.26,0.23,0.11,0.00,0.81,0.68,0.34,0.00,0.00,0.00,1.00,0.00,0.00,0.00,1.00,0.00,1.00,0.00,0.00,0.00,1.00,0.00,0.00,0.00,1.00
285,0,19.814,0.98,1,0.155118,0.082115,-0.984477,-0.021233,0.095775,-0.995177,0.068,0.090,206.0,206.9,209.1,211.5,212.7,212.0,209.5,207.1,203.0,204.3,206.3,208.9,211.5,213.5,215.0,213.4,211.3,208.9,206.5,204.5,208.4,209.5,210.5,210.8,210.3,209.3,208.3,207.9,235.3,235.9,238.0,240.5,241.9,241.3,239.1,236.4,233.1,234.5,236.4,239.0,241.5,243.4,244.8,243.7,241.9,239.7,237.3,234.9,237.6,238.7,239.7,239.9,239.3,238.3,237.3,237.0,355.8,353.3,352.2,353.0,355.3,358.0,359.0,358.1,357.0,355.8,354.9,354.4,354.6,355.4,356.7,357.6,358.0,358.3,358.3,357.9,356.7,357.1,356.6,355.5,354.5,354.1,354.6,355.7,353.1,350.6,349.3,350.0,352.3,354.8,356.1,355.6,354.9,353.4,352.2,351.4,351.5,352.0,352.9,354.1,354.8,355.3,355.5,355.5,354.0,354.3,353.7,352.6,351.6,351.3,351.8,353.0,-60.6,-59.2,-55.1,-50.8,-48.8,-49.9,-54.3,-58.6,-66.4,-63.8,-60.0,-55.4,-50.8,-47.3,-44.7,-47.4,-51.2,-55.5,-59.7,-63.5,-56.4,-54.5,-52.7,-52.1,-53.0,-54.9,-56.7,-57.3,-8.3,-7.3,-3.4,0.9,3.3,2.2,-1.6,-6.3,-12.1,-9.7,-6.3,-1.8,2.6,6.0,8.4,6.5,3.4,-0.5,-4.7,-8.9,-4.2,-2.3,-0.6,-0.1,-1.2,-3.1,-4.7,-5.2,63.8,59.5,57.4,58.9,63.0,67.7,69.5,68.0,66.3,64.0,62.2,61.2,61.7,63.2,65.6,67.1,67.8,68.3,68.3,67.8,65.6,66.2,65.3,63.4,61.6,60.9,61.8,63.8,58.1,53.7,51.4,52.7,56.7,61.1,63.4,62.5,61.3,58.5,56.3,55.0,55.3,56.3,58.2,60.0,61.2,61.9,62.2,62.2,59.6,60.2,59.2,57.3,55.5,55.0,55.9,57.9,929.5,929.8,929.7,929.4,929.0,929.0,928.8,929.1,934.0,931.2,928.7,927.3,927.8,929.1,930.8,929.3,927.9,927.7,929.0,931.3,930.0,929.9,929.9,930.0,930.2,930.3,930.3,930.2,913.2,913.8,914.7,915.3,915.3,914.6,913.7,913.3,914.3,913.0,912.2,912.4,914.3,917.3,920.4,917.4,914.6,912.8,912.3,913.2,914.5,914.8,915.2,915.5,915.5,915.2,914.8,914.6,0.47,0.00,0.61,0.00,0.00,0.00,0.00,0.07,0.30,0.76,0.44,0.44,0.13,0.00,0.42,0.25,0.54,0.00,0.00,0.00,1.00,0.00,0.00,0.00,1.00,0.00,1.00,0.00,0.00,0.00,1.00,0.00,0.00,0.00,1.00
286,0,19.884,0.98,1,0.146904,0.081104,-0.985820,-0.027377,0.092499,-0.995336,0.060,0.087,206.0,206.9,209.1,211.5,212.6,212.0,209.5,207.1,203.0,204.3,206.3,208.8,211.4,213.5,214.9,213.4,211.2,208.8,206.5,204.5,208.4,209.4,210.4,210.8,210.3,209.3,208.3,207.9,235.2,235.8,238.0,240.5,241.8,241.2,239.0,236.3,233.0,234.4,236.4,238.9,241.4,243.4,244.7,243.6,241.8,239.7,237.2,234.8,237.5,238.6,239.6,239.9,239.3,238.2,237.2,237.0,355.7,353.2,352.1,353.0,355.3,357.9,358.9,358.0,356.9,355.7,354.8,354.3,354.6,355.4,356.6,357.6,358.0,358.3,358.2,357.8,356.6,357.0,356.5,355.5,354.4,354.1,354.6,355.6,353.2,350.7,349.4,350.1,352.4,354.9,356.2,355.7,355.0,353.4,352.2,351.5,351.6,352.1,353.1,354.2,354.9,355.4,355.6,355.6,354.0,354.4,353.8,352.7,351.7,351.4,351.9,353.0,-60.9,-59.4,-55.3,-51.0,-49.0,-50.2,-54.6,-58.9,-66.6,-64.0,-60.2,-55.7,-51.1,-47.5,-45.0,-47.7,-51.5,-55.7,-59.9,-63.7,-56.7,-54.8,-53.0,-52.3,-53.2,-55.1,-56.9,-57.5,-8.4,-7.3,-3.5,0.9,3.2,2.1,-1.8,-6.4,-12.2,-9.8,-6.4,-1.9,2.5,5.9,8.3,6.3,3.2,-0.6,-4.9,-9.0,-4.3,-2.4,-0.7,-0.2,-1.2,-3.2,-4.8,-5.3,63.9,59.6,57.5,59.0,63.2,67.9,69.6,68.1,66.4,64.0,62.3,61.3,61.8,63.4,65.7,67.2,67.9,68.4,68.4,67.8,65.7,66.3,65.4,63.5,61.7,61.1,61.9,63.9,58.1,53.7,51.5,52.8,56.8,61.2,63.5,62.5,61.3,58.6,56.4,55.1,55.4,56.4,58.4,60.2,61.3,62.0,62.2,62.3,59.7,60.3,59.3,57.4,55.6,55.0,56.0,57.9,932.8,933.0,933.0,932.6,932.3,932.3,932.1,932.4,937.3,934.5,931.9,930.6,931.0,932.4,934.1,932.6,931.2,931.0,932.3,934.7,933.3,933.2,933.1,933.2,933.4,933.5,933.6,933.5,912.0,912.6,913.5,914.1,914.1,913.4,912.5,912.1,913.1,911.9,911.0,911.2,913.2,916.2,919.3,916.3,913.4,911.6,911.2,912.0,913.4,913.6,914.0,914.3,914.3,914.1,913.7,913.4,0.60,0.12,0.57,0.00,0.00,0.00,0.00,0.00,0.25,0.83,0.55,0.66,0.15,0.00,0.00,0.02,0.54,0.00,0.00,0.00,1.00,0.00,0.00,0.00,1.00,0.00,1.00,0.00,0.00,0.00,1.00,0.00,0.00,0.00,1.00
287,0,19.953,0.98,1,0.144222,0.084014,-0.985972,-0.029131,0.093246,-0.995217,0.058,0.089,206.3,207.1,209.4,211.8,212.9,212.2,209.7,207.3,203.2,204.6,206.6,209.1,211.7,213.7,215.2,213.6,211.4,209.0,206.7,204.7,208.6,209.7,210.7,211.0,210.6,209.5,208.5,208.1,235.4,236.1,238.3,240.8,242.1,241.4,239.2,236.6,233.3,234.6,236.6,239.2,241.7,243.6,245.0,243.8,242.1,239.9,237.4,235.1,237.8,238.9,239.8,240.1,239.6,238.5,237.5,237.2,355.1,352.7,351.6,352.5,354.8,357.4,358.4,357.5,356.3,355.1,354.3,353.8,354.1,354.9,356.2,357.1,357.5,357.8,357.7,357.2,356.1,356.5,356.0,355.0,353.9,353.6,354.0,355.1,353.0,350.5,349.2,349.9,352.3,354.8,356.1,355.5,354.8,353.3,352.1,351.3,351.5,352.0,353.0,354.1,354.8,355.3,355.4,355.4,353.9,354.2,353.7,352.5,351.5,351.2,351.8,352.9,-60.4,-58.9,-54.8,-50.5,-48.6,-49.8,-54.2,-58.5,-66.2,-63.6,-59.8,-55.2,-50.6,-47.1,-44.6,-47.3,-51.1,-55.4,-59.6,-63.3,-56.2,-54.4,-52.6,-51.9,-52.7,-54.6,-56.4,-57.1,-8.0,-6.9,-3.0,1.3,3.6,2.5,-1.4,-6.0,-11.8,-9.4,-5.9,-1.4,3.0,6.4,8.7,6.7,3.6,-0.2,-4.5,-8.6,-3.9,-2.0,-0.3,0.2,-0.8,-2.7,-4.4,-4.9,62.9,58.6,56.6,58.2,62.4,67.0,68.7,67.1,65.3,63.0,61.3,60.4,60.9,62.6,65.0,66.5,67.1,67.5,67.4,66.8,64.8,65.4,64.6,62.7,60.8,60.2,61.0,62.9,57.8,53.4,51.2,52.5,56.6,61.0,63.1,62.2,60.9,58.2,56.0,54.8,55.1,56.2,58.2,60.0,61.1,61.7,61.9,61.9,59.4,60.0,59.0,57.1,55.3,54.7,55.7,57.6,932.9,933.2,933.1,932.8,932.4,932.4,932.2,932.5,937.4,934.6,932.1,930.7,931.1,932.5,934.2,932.7,931.3,931.1,932.4,934.8,933.4,933.3,933.3,933.4,933.5,933.7,933.7,933.6,911.3,912.0,912.9,913.5,913.4,912.7,911.8,911.4,912.4,911.1,910.3,910.6,912.5,915.5,918.6,915.6,912.8,910.9,910.4,911.3,912.7,912.9,913.3,913.6,913.7,913.4,913.0,912.7,0.48,0.18,0.59,0.00,0.00,0.00,0.00,0.00,0.22,0.83,0.61,0.76,0.07,0.01,0.00,0.00,0.48,0.00,0.00,0.00,1.00,0.00,0.00,0.00,1.00,0.00,1.00,0.00,1.00,0.00,1.00,0.00,0.00,0.00,1.00
288,0,20.023,0.98,1,0.141163,0.078005,-0.986908,-0.029544,0.086529,-0.995811,0.056,0.083,206.1,206.9,209.3,211.7,212.7,212.0,209.5,207.1,203.0,204.4,206.4,208.9,211.5,213.6,215.1,213.5,211.2,208.8,206.5,204.5,208.4,209.5,210.5,210.9,210.4,209.4,208.4,208.0,235.4,236.0,238.2,240.7,242.0,241.4,239.2,236.5,233.2,234.5,236.5,239.1,241.7,243.6,244.9,243.8,242.1,239.9,237.4,235.0,237.7,238.8,239.8,240.1,239.5,238.4,237.4,237.2,354.9,352.4,351.3,352.2,354.6,357.2,358.2,357.3,356.1,354.8,354.0,353.5,353.8,354.7,356.0,356.9,357.4,357.6,357.5,357.0,355.9,356.3,355.8,354.7,353.7,353.3,353.8,354.9,352.8,350.3,349.0,349.7,352.0,354.6,355.9,355.4,354.6,353.0,351.8,351.1,351.2,351.8,352.8,354.0,354.7,355.1,355.3,355.2,353.7,354.0,353.5,352.3,351.3,351.0,351.6,352.7,-60.0,-58.4,-54.3,-50.0,-48.1,-49.4,-53.8,-58.1,-65.7,-63.1,-59.4,-54.8,-50.2,-46.6,-44.1,-46.9,-50.7,-55.0,-59.1,-62.9,-55.8,-54.0,-52.1,-51.5,-52.3,-54.2,-56.0,-56.6,-8.0,-6.9,-3.1,1.3,3.5,2.4,-1.4,-6.0,-11.8,-9.4,-6.0,-1.5,2.9,6.3,8.6,6.7,3.6,-0.2,-4.5,-8.6,-3.9,-2.0,-0.3,0.1,-0.9,-2.7,-4.4,-4.9,61.7,57.3,55.4,56.9,61.1,65.8,67.4,65.8,64.1,61.6,60.0,59.0,59.6,61.3,63.8,65.2,65.9,66.3,66.2,65.6,63.5,64.2,63.3,61.4,59.6,58.9,59.7,61.6,56.8,52.4,50.2,51.5,55.6,60.0,62.1,61.2,60.0,57.2,55.0,53.7,54.0,55.2,57.3,59.1,60.1,60.7,61.0,61.0,58.4,59.0,58.0,56.1,54.3,53.8,54.7,56.6,920.3,920.5,920.4,920.0,919.6,919.6,919.4,919.8,924.8,922.0,919.4,918.0,918.3,919.7,921.3,919.8,918.5,918.4,919.7,922.1,920.7,920.5,920.5,920.6,920.8,921.0,921.0,920.9,901.3,902.0,903.0,903.6,903.5,902.8,901.8,901.4,902.4,901.2,900.3,900.6,902.6,905.6,908.7,905.6,902.8,900.9,900.5,901.3,902.7,902.9,903.4,903.7,903.7,903.4,903.0,902.7,0.37,0.23,0.59,0.00,0.00,0.00,0.00,0.00,0.15,0.84,0.66,0.68,0.05,0.05,0.00,0.00,0.33,0.00,0.00,0.00,1.00,0.00,0.00,0.00,0.00,0.00,1.00,0.00,1.00,0.00,1.00,0.00,0.00,0.00,1.00
289,0,20.093,0.98,1,0.140605,0.075047,-0.987217,-0.028491,0.083439,-0.996105,0.056,0.080,206.0,206.9,209.2,211.6,212.7,212.0,209.5,207.1,203.0,204.3,206.3,208.9,211.5,213.6,215.0,213.4,211.2,208.8,206.5,204.4,208.4,209.4,210.5,210.9,210.4,209.3,208.3,207.9,235.4,236.0,238.3,240.8,242.1,241.5,239.2,236.5,233.2,234.6,236.6,239.2,241.7,243.7,245.0,243.9,242.1,239.9,237.4,235.0,237.8,238.9,239.8,240.1,239.6,238.5,237.5,237.2,354.7,352.2,351.1,352.0,354.4,357.1,358.0,357.1,355.9,354.6,353.7,353.2,353.6,354.5,355.9,356.8,357.2,357.4,357.3,356.9,355.7,356.1,355.6,354.5,353.5,353.1,353.6,354.7,352.6,350.1,348.8,349.5,351.9,354.4,355.7,355.2,354.5,352.9,351.6,350.9,351.0,351.6,352.7,353.8,354.5,355.0,355.1,355.1,353.5,353.9,353.3,352.2,351.1,350.8,351.4,352.5,-59.7,-58.1,-54.0,-49.8,-47.9,-49.1,-53.6,-57.8,-65.4,-62.8,-59.1,-54.5,-49.9,-46.4,-43.9,-46.6,-50.5,-54.7,-58.9,-62.6,-55.5,-53.7,-51.9,-51.2,-52.0,-53.9,-55.7,-56.4,-7.9,-6.8,-3.0,1.4,3.6,2.5,-1.3,-5.9,-11.7,-9.4,-5.9,-1.4,2.9,6.3,8.7,6.7,3.7,-0.1,-4.4,-8.5,-3.8,-1.9,-0.3,0.2,-0.8,-2.7,-4.3,-4.8,60.9,56.6,54.6,56.2,60.4,65.0,66.6,65.1,63.3,60.9,59.2,58.2,58.8,60.5,63.0,64.5,65.2,65.6,65.5,64.9,62.7,63.4,62.6,60.7,58.8,58.2,59.0,60.9,56.3,51.9,49.7,51.0,55.1,59.5,61.6,60.7,59.5,56.6,54.4,53.2,53.5,54.7,56.8,58.6,59.6,60.3,60.5,60.5,57.9,58.5,57.5,55.6,53.8,53.2,54.2,56.1,914.5,914.7,914.6,914.1,913.7,913.7,913.6,914.0,919.0,916.2,913.6,912.2,912.5,913.8,915.4,913.9,912.6,912.6,913.9,916.3,914.9,914.7,914.6,914.7,914.9,915.1,915.2,915.1,897.6,898.4,899.3,899.9,899.8,899.1,898.1,897.7,898.7,897.5,896.7,897.0,898.9,901.9,905.0,902.0,899.1,897.2,896.8,897.6,899.0,899.3,899.7,900.0,900.1,899.8,899.4,899.0,0.27,0.11,0.64,0.00,0.00,0.00,0.00,0.00,0.10,0.79,0.73,0.66,0.03,0.11,0.00,0.00,0.21,0.00,0.00,0.00,1.00,0.00,0.00,0.00,0.00,0.00,1.00,0.00,1.00,0.00,1.00,0.00,0.00,0.00,0.00
290,0,20.163,0.98,1,0.140704,0.071703,-0.987452,-0.026678,0.080640,-0.996386,0.057,0.077,205.8,206.7,209.0,211.5,212.5,211.8,209.3,206.9,202.8,204.1,206.1,208.7,211.3,213.4,214.9,213.3,211.0,208.6,206.3,204.2,208.2,209.3,210.3,210.7,210.2,209.2,208.1,207.7,235.4,236.0,238.2,240.8,242.1,241.4,239.2,236.5,233.2,234.5,236.5,239.1,241.7,243.7,245.0,243.9,242.1,239.9,237.4,235.0,237.8,238.9,239.8,240.1,239.5,238.4,237.4,237.2,354.4,351.9,350.8,351.7,354.1,356.7,357.7,356.8,355.6,354.3,353.4,352.9,353.2,354.2,355.5,356.5,356.9,357.1,357.0,356.6,355.4,355.8,355.3,354.2,353.2,352.8,353.3,354.3,352.2,349.6,348.3,349.1,351.4,354.0,355.3,354.8,354.1,352.4,351.1,350.4,350.5,351.1,352.2,353.4,354.1,354.6,354.7,354.7,353.1,353.4,352.9,351.7,350.7,350.4,351.0,352.1,-59.6,-58.0,-53.9,-49.7,-47.8,-49.0,-53.4,-57.7,-65.2,-62.7,-59.0,-54.4,-49.8,-46.2,-43.7,-46.5,-50.3,-54.6,-58.7,-62.4,-55.4,-53.6,-51.8,-51.1,-51.9,-53.8,-55.6,-56.3,-7.9,-6.9,-3.0,1.3,3.6,2.5,-1.3,-5.9,-11.7,-9.4,-5.9,-1.5,2.9,6.3,8.6,6.7,3.6,-0.1,-4.4,-8.5,-3.9,-2.0,-0.3,0.2,-0.8,-2.7,-4.4,-4.9,59.9,55.6,53.6,55.1,59.3,63.9,65.6,64.0,62.3,59.9,58.1,57.1,57.7,59.4,62.0,63.5,64.1,64.6,64.5,63.9,61.7,62.4,61.5,59.6,57.8,57.1,58.0,59.9,55.2,50.8,48.7,50.0,54.0,58.4,60.5,59.6,58.5,55.6,53.3,52.0,52.3,53.6,55.7,57.5,58.6,59.2,59.4,59.4,56.8,57.4,56.4,54.5,52.7,52.2,53.1,55.0,907.3,907.5,907.4,906.9,906.4,906.4,906.3,906.8,911.9,909.0,906.4,905.0,905.2,906.5,908.1,906.7,905.4,905.3,906.7,909.2,907.6,907.4,907.4,907.5,907.7,907.9,908.0,907.9,892.2,893.0,894.0,894.6,894.5,893.7,892.7,892.3,893.3,892.1,891.3,891.6,893.6,896.6,899.7,896.6,893.8,891.9,891.4,892.2,893.6,893.9,894.3,894.7,894.7,894.4,894.0,893.7,0.17,0.05,0.67,0.00,0.00,0.00,0.00,0.00,0.08,0.66,0.75,0.70,0.00,0.22,0.00,0.00,0.08,0.00,0.00,0.00,1.00,0.00,0.00,0.00,0.00,0.00,1.00,0.00,1.00,0.00,1.00,0.00,0.00,0.00,0.00
291,0,20.233,0.98,1,0.139082,0.067456,-0.987981,-0.026328,0.076792,-0.996699,0.057,0.073,205.6,206.5,208.9,211.3,212.4,211.7,209.1,206.7,202.6,203.9,205.9,208.5,211.2,213.3,214.8,213.2,210.9,208.4,206.1,204.1,208.0,209.1,210.1,210.5,210.0,209.0,207.9,207.6,235.2,235.9,238.1,240.6,242.0,241.3,239.1,236.4,233.0,234.4,236.4,239.0,241.6,243.5,244.9,243.8,242.0,239.8,237.3,234.9,237.6,238.7,239.7,240.0,239.4,238.3,237.3,237.0,354.1,351.6,350.5,351.4,353.8,356.5,357.4,356.5,355.4,354.0,353.1,352.6,352.9,353.8,355.3,356.2,356.6,356.9,356.8,356.3,355.1,355.5,355.0,353.9,352.9,352.5,353.0,354.1,351.9,349.3,348.0,348.7,351.1,353.7,355.0,354.4,353.7,352.1,350.8,350.0,350.1,350.8,351.9,353.0,353.8,354.2,354.4,354.4,352.8,353.1,352.5,351.4,350.4,350.0,350.6,351.7,-59.8,-58.3,-54.2,-49.9,-48.0,-49.2,-53.6,-57.9,-65.4,-62.9,-59.2,-54.7,-50.0,-46.5,-43.9,-46.7,-50.5,-54.8,-58.9,-62.6,-55.6,-53.8,-52.0,-51.3,-52.1,-54.0,-55.8,-56.5,-8.1,-7.1,-3.3,1.1,3.4,2.3,-1.5,-6.1,-11.9,-9.6,-6.2,-1.7,2.7,6.1,8.4,6.5,3.4,-0.3,-4.6,-8.7,-4.1,-2.2,-0.5,-0.0,-1.0,-2.9,-4.6,-5.1,59.3,55.0,53.0,54.5,58.7,63.3,65.0,63.5,61.8,59.3,57.5,56.5,57.1,58.8,61.4,62.9,63.5,64.0,63.9,63.3,61.1,61.8,60.9,59.0,57.2,56.5,57.4,59.3,54.6,50.2,48.1,49.4,53.4,57.7,59.9,59.0,57.9,55.0,52.7,51.4,51.7,53.0,55.1,56.9,58.0,58.6,58.8,58.9,56.2,56.8,55.8,53.9,52.2,51.6,52.5,54.5,906.0,906.2,906.1,905.6,905.0,905.0,905.0,905.5,910.6,907.7,905.1,903.6,903.9,905.1,906.7,905.3,904.0,904.0,905.4,907.8,906.3,906.1,906.0,906.1,906.3,906.6,906.6,906.5,892.3,893.1,894.2,894.8,894.6,893.8,892.8,892.4,893.4,892.2,891.4,891.7,893.7,896.7,899.8,896.7,893.9,892.0,891.5,892.3,893.7,894.0,894.4,894.8,894.8,894.6,894.1,893.8,0.06,0.00,0.76,0.00,0.00,0.00,0.00,0.10,0.10,0.57,0.64,0.76,0.00,0.30,0.00,0.00,0.04,0.00,0.00,0.00,1.00,0.00,0.00,0.00,0.00,0.00,1.00,0.00,1.00,0.00,1.00,0.00,0.00,0.00,0.00
292,0,20.302,0.98,1,0.138735,0.058961,-0.988573,-0.025664,0.069044,-0.997283,0.057,0.064,205.5,206.4,208.7,211.2,212.3,211.6,209.0,206.6,202.5,203.8,205.8,208.4,211.1,213.2,214.7,213.1,210.8,208.3,206.0,204.0,207.9,209.0,210.0,210.4,209.9,208.9,207.8,207.4,235.1,235.8,238.0,240.5,241.9,241.2,239.0,236.3,232.9,234.3,236.3,238.9,241.5,243.4,244.8,243.7,241.9,239.7,237.2,234.8,237.5,238.6,239.6,239.9,239.3,238.2,237.2,236.9,353.9,351.4,350.2,351.1,353.5,356.2,357.2,356.3,355.2,353.8,352.8,352.3,352.6,353.6,355.0,355.9,356.4,356.6,356.6,356.1,354.9,355.3,354.8,353.7,352.6,352.2,352.7,353.8,351.5,349.0,347.7,348.4,350.7,353.3,354.6,354.1,353.4,351.8,350.4,349.6,349.8,350.4,351.6,352.7,353.4,353.9,354.0,354.0,352.4,352.7,352.2,351.0,350.0,349.7,350.3,351.4,-59.8,-58.3,-54.2,-49.9,-48.0,-49.2,-53.6,-57.9,-65.3,-62.9,-59.2,-54.7,-50.0,-46.5,-43.9,-46.6,-50.5,-54.8,-58.9,-62.6,-55.6,-53.7,-51.9,-51.3,-52.1,-54.0,-55.8,-56.4,-8.3,-7.3,-3.5,0.9,3.2,2.1,-1.7,-6.3,-12.1,-9.7,-6.3,-1.9,2.5,5.9,8.3,6.3,3.3,-0.5,-4.7,-8.9,-4.2,-2.3,-0.7,-0.2,-1.2,-3.1,-4.8,-5.2,58.7,54.4,52.4,53.9,58.0,62.7,64.3,62.8,61.3,58.7,56.9,55.8,56.4,58.1,60.7,62.2,62.9,63.4,63.3,62.7,60.5,61.1,60.3,58.4,56.6,55.9,56.8,58.7,53.9,49.6,47.4,48.7,52.7,57.0,59.2,58.3,57.3,54.3,52.0,50.7,51.0,52.2,54.4,56.2,57.3,57.9,58.2,58.2,55.5,56.1,55.1,53.2,51.5,50.9,51.9,53.8,902.6,902.9,902.7,902.2,901.7,901.6,901.6,902.1,907.2,904.4,901.8,900.3,900.5,901.7,903.3,901.9,900.6,900.6,902.0,904.5,902.9,902.7,902.6,902.7,903.0,903.2,903.3,903.2,890.6,891.5,892.5,893.1,892.9,892.1,891.1,890.6,891.6,890.5,889.7,890.1,892.1,895.1,898.1,895.0,892.1,890.2,889.7,890.5,892.0,892.3,892.7,893.1,893.2,892.9,892.4,892.1,0.00,0.00,0.80,0.07,0.00,0.00,0.00,0.19,0.12,0.61,0.51,0.79,0.00,0.36,0.00,0.08,0.00,0.00,0.00,0.00,1.00,0.00,0.00,0.00,1.00,0.00,1.00,0.00,1.00,0.00,1.00,0.00,0.00,0.00,0.00
293,0,20.372,0.98,1,0.136610,0.055361,-0.989077,-0.027486,0.065075,-0.997502,0.055,0.061,205.4,206.3,208.6,211.1,212.2,211.5,208.9,206.5,202.4,203.7,205.7,208.3,211.0,213.1,214.6,213.0,210.7,208.2,205.9,203.8,207.8,208.9,209.9,210.3,209.8,208.8,207.7,207.3,235.1,235.7,237.9,240.5,241.8,241.2,239.0,236.3,232.9,234.2,236.3,238.9,241.4,243.4,244.8,243.7,241.9,239.7,237.2,234.8,237.5,238.6,239.6,239.9,239.3,238.2,237.2,236.9,353.7,351.2,350.0,350.9,353.3,356.0,357.0,356.1,355.0,353.6,352.6,352.1,352.4,353.4,354.8,355.7,356.2,356.4,356.4,355.9,354.7,355.1,354.6,353.5,352.4,352.0,352.5,353.6,351.4,348.8,347.5,348.2,350.6,353.1,354.5,353.9,353.3,351.6,350.3,349.5,349.6,350.2,351.4,352.5,353.3,353.7,353.9,353.9,352.3,352.6,352.0,350.9,349.8,349.5,350.1,351.2,-59.8,-58.2,-54.2,-49.9,-48.0,-49.2,-53.6,-57.9,-65.3,-62.8,-59.2,-54.6,-50.0,-46.4,-43.9,-46.6,-50.5,-54.8,-58.9,-62.6,-55.6,-53.7,-51.9,-51.3,-52.1,-54.0,-55.8,-56.4,-8.3,-7.3,-3.5,0.8,3.2,2.1,-1.7,-6.3,-12.1,-9.8,-6.4,-1.9,2.4,5.9,8.2,6.3,3.3,-0.5,-4.8,-8.9,-4.2,-2.4,-0.7,-0.2,-1.2,-3.1,-4.8,-5.3,58.1,53.8,51.8,53.3,57.5,62.1,63.8,62.3,60.7,58.1,56.3,55.3,55.8,57.6,60.2,61.7,62.3,62.8,62.8,62.2,59.9,60.6,59.7,57.8,56.0,55.4,56.2,58.1,53.4,49.0,46.9,48.1,52.1,56.5,58.7,57.8,56.7,53.8,51.4,50.1,50.4,51.7,53.9,55.7,56.7,57.3,57.6,57.7,55.0,55.5,54.6,52.7,50.9,50.4,51.3,53.2,899.5,899.8,899.6,899.0,898.5,898.4,898.3,898.9,904.1,901.3,898.6,897.1,897.3,898.5,900.0,898.6,897.4,897.4,898.8,901.3,899.7,899.5,899.4,899.6,899.8,900.0,900.1,900.0,886.2,887.1,888.2,888.8,888.6,887.7,886.6,886.2,887.2,886.1,885.4,885.7,887.7,890.7,893.7,890.6,887.7,885.8,885.3,886.1,887.6,887.9,888.3,888.7,888.8,888.5,888.1,887.7,0.00,0.00,0.77,0.08,0.00,0.00,0.00,0.28,0.16,0.77,0.30,0.71,0.00,0.42,0.00,0.14,0.00,0.00,0.00,0.00,1.00,0.00,0.00,0.00,1.00,0.00,1.00,0.00,1.00,0.00,1.00,0.00,0.00,0.00,0.00
294,0,20.442,0.98,1,0.136250,0.050349,-0.989394,-0.028105,0.058342,-0.997901,0.054,0.055,205.3,206.3,208.6,211.1,212.2,211.4,208.9,206.4,202.3,203.6,205.7,208.2,210.9,213.1,214.6,212.9,210.6,208.2,205.8,203.8,207.8,208.8,209.9,210.3,209.8,208.7,207.7,207.3,235.1,235.7,237.9,240.5,241.8,241.2,239.0,236.3,232.8,234.2,236.2,238.9,241.4,243.4,244.8,243.7,241.9,239.7,237.2,234.7,237.5,238.6,239.6,239.8,239.2,238.1,237.1,236.9,353.4,350.9,349.8,350.7,353.1,355.8,356.7,355.8,354.7,353.4,352.4,351.8,352.2,353.2,354.6,355.5,355.9,356.2,356.1,355.7,354.5,354.9,354.4,353.3,352.2,351.8,352.3,353.4,351.2,348.6,347.3,348.0,350.4,353.0,354.3,353.8,353.1,351.4,350.1,349.3,349.4,350.1,351.3,352.4,353.1,353.6,353.7,353.7,352.1,352.4,351.9,350.7,349.7,349.4,350.0,351.1,-59.8,-58.2,-54.1,-49.9,-48.0,-49.2,-53.6,-57.9,-65.3,-62.8,-59.2,-54.6,-50.0,-46.4,-43.9,-46.6,-50.5,-54.8,-58.9,-62.6,-55.6,-53.7,-51.9,-51.3,-52.1,-53.9,-55.7,-56.4,-8.4,-7.3,-3.5,0.8,3.1,2.1,-1.7,-6.3,-12.2,-9.8,-6.4,-1.9,2.4,5.8,8.2,6.3,3.2,-0.6,-4.8,-8.9,-4.3,-2.4,-0.7,-0.3,-1.3,-3.2,-4.8,-5.3,57.6,53.3,51.4,52.9,57.0,61.7,63.3,61.8,60.2,57.6,55.8,54.8,55.4,57.2,59.8,61.2,61.8,62.3,62.2,61.7,59.4,60.1,59.2,57.4,55.6,54.9,55.7,57.6,53.0,48.6,46.4,47.7,51.7,56.1,58.2,57.3,56.3,53.3,51.0,49.7,50.0,51.3,53.5,55.3,56.3,56.9,57.1,57.2,54.6,55.1,54.2,52.3,50.5,50.0,50.9,52.8,898.2,898.5,898.4,897.8,897.2,897.1,897.0,897.6,902.8,900.0,897.4,895.9,896.1,897.3,898.7,897.3,896.1,896.1,897.5,900.0,898.5,898.2,898.1,898.3,898.6,898.8,898.9,898.7,883.4,884.3,885.4,886.0,885.8,884.8,883.7,883.3,884.3,883.2,882.5,882.9,884.9,887.9,890.9,887.8,884.9,882.9,882.4,883.2,884.7,885.0,885.5,885.9,886.0,885.7,885.2,884.8,0.00,0.00,0.76,0.08,0.00,0.00,0.00,0.31,0.22,0.91,0.19,0.66,0.00,0.47,0.00,0.18,0.00,0.00,0.00,0.00,1.00,0.00,0.00,0.00,1.00,0.00,1.00,0.00,1.00,0.00,1.00,0.00,0.00,0.00,0.00
295,0,20.512,0.98,1,0.135813,0.050131,-0.989465,-0.029895,0.057470,-0.997900,0.053,0.054,205.3,206.2,208.6,211.0,212.1,211.4,208.8,206.4,202.3,203.6,205.6,208.2,210.9,213.0,214.5,212.8,210.6,208.1,205.8,203.7,207.7,208.8,209.8,210.2,209.7,208.7,207.6,207.2,235.0,235.6,237.8,240.4,241.8,241.1,238.9,236.2,232.8,234.1,236.2,238.8,241.3,243.3,244.7,243.6,241.8,239.6,237.1,234.7,237.4,238.5,239.5,239.8,239.2,238.1,237.1,236.8,353.2,350.7,349.6,350.5,352.9,355.6,356.6,355.7,354.5,353.2,352.2,351.7,352.0,353.0,354.5,355.4,355.7,356.0,355.9,355.5,354.3,354.7,354.2,353.1,352.0,351.6,352.1,353.2,351.1,348.5,347.2,347.9,350.3,352.9,354.2,353.7,353.0,351.3,350.0,349.2,349.3,350.0,351.2,352.3,353.0,353.4,353.6,353.6,352.0,352.3,351.7,350.6,349.6,349.2,349.8,351.0,-60.1,-58.5,-54.4,-50.1,-48.2,-49.5,-53.9,-58.1,-65.6,-63.1,-59.4,-54.9,-50.3,-46.7,-44.2,-46.9,-50.8,-55.1,-59.2,-62.9,-55.9,-54.0,-52.2,-51.5,-52.4,-54.2,-56.0,-56.7,-8.5,-7.5,-3.7,0.7,3.0,1.9,-1.9,-6.5,-12.3,-9.9,-6.5,-2.1,2.3,5.7,8.1,6.1,3.1,-0.7,-4.9,-9.1,-4.4,-2.5,-0.8,-0.4,-1.4,-3.3,-5.0,-5.4,57.5,53.2,51.2,52.8,56.9,61.5,63.2,61.6,60.1,57.5,55.7,54.7,55.3,57.1,59.7,61.1,61.7,62.1,62.1,61.5,59.3,60.0,59.1,57.2,55.4,54.8,55.6,57.5,52.8,48.5,46.3,47.6,51.6,55.9,58.1,57.2,56.1,53.2,50.9,49.6,49.9,51.2,53.4,55.1,56.1,56.7,57.0,57.1,54.4,55.0,54.0,52.1,50.4,49.8,50.8,52.7,901.0,901.3,901.2,900.6,900.0,899.8,899.8,900.3,905.5,902.8,900.1,898.7,898.9,900.1,901.5,900.1,898.8,898.8,900.2,902.7,901.2,901.0,900.9,901.1,901.4,901.6,901.7,901.5,885.1,886.1,887.1,887.7,887.5,886.5,885.5,885.0,886.1,885.0,884.3,884.6,886.6,889.6,892.6,889.5,886.6,884.7,884.2,885.0,886.5,886.7,887.2,887.6,887.7,887.5,887.0,886.6,0.00,0.00,0.77,0.01,0.00,0.00,0.00,0.32,0.29,0.98,0.12,0.55,0.01,0.50,0.00,0.11,0.00,0.00,0.00,0.00,1.00,0.00,0.00,0.00,1.00,0.00,1.00,0.00,1.00,0.00,1.00,0.00,0.00,0.00,0.00
296,0,20.581,0.98,1,0.137917,0.049674,-0.989197,-0.029246,0.057421,-0.997922,0.055,0.054,205.1,206.0,208.4,210.9,211.9,211.2,208.6,206.2,202.1,203.4,205.5,208.0,210.7,212.8,214.3,212.7,210.4,207.9,205.6,203.6,207.6,208.6,209.7,210.1,209.6,208.5,207.5,207.1,234.8,235.4,237.7,240.2,241.6,241.0,238.7,236.0,232.6,234.0,236.0,238.6,241.2,243.2,244.5,243.4,241.7,239.4,236.9,234.5,237.2,238.4,239.3,239.6,239.0,237.9,236.9,236.6,353.1,350.6,349.4,350.4,352.8,355.5,356.4,355.5,354.4,353.0,352.1,351.5,351.9,352.9,354.3,355.2,355.6,355.8,355.8,355.3,354.1,354.5,354.0,352.9,351.9,351.5,352.0,353.1,350.9,348.3,347.0,347.7,350.1,352.7,354.0,353.5,352.8,351.1,349.8,349.0,349.1,349.8,351.0,352.1,352.8,353.2,353.4,353.4,351.8,352.1,351.5,350.4,349.4,349.0,349.6,350.8,-60.3,-58.8,-54.7,-50.4,-48.5,-49.8,-54.2,-58.4,-65.9,-63.4,-59.7,-55.2,-50.5,-47.0,-44.4,-47.2,-51.1,-55.3,-59.5,-63.2,-56.1,-54.3,-52.5,-51.8,-52.6,-54.5,-56.3,-57.0,-8.8,-7.8,-4.0,0.4,2.7,1.7,-2.1,-6.7,-12.6,-10.2,-6.8,-2.3,2.0,5.4,7.8,5.9,2.8,-1.0,-5.2,-9.3,-4.7,-2.8,-1.1,-0.7,-1.7,-3.6,-5.3,-5.7,57.2,52.9,51.0,52.5,56.6,61.3,62.9,61.4,59.8,57.2,55.4,54.4,55.0,56.8,59.4,60.8,61.4,61.8,61.8,61.2,59.0,59.7,58.9,57.0,55.2,54.5,55.3,57.2,52.6,48.2,46.0,47.3,51.3,55.6,57.8,56.9,55.9,52.9,50.6,49.3,49.6,50.9,53.1,54.8,55.8,56.4,56.7,56.8,54.1,54.7,53.8,51.8,50.1,49.5,50.5,52.4,901.1,901.4,901.3,900.7,900.1,900.0,899.9,900.4,905.6,902.8,900.2,898.8,899.0,900.2,901.6,900.2,898.9,898.9,900.3,902.8,901.3,901.1,901.0,901.2,901.5,901.7,901.8,901.6,886.1,887.0,888.1,888.7,888.4,887.5,886.4,886.0,887.0,886.0,885.3,885.6,887.6,890.6,893.6,890.5,887.5,885.6,885.1,885.9,887.4,887.7,888.2,888.6,888.7,888.4,888.0,887.6,0.00,0.00,0.78,0.00,0.00,0.00,0.00,0.32,0.28,0.94,0.16,0.54,0.02,0.49,0.00,0.05,0.00,0.00,0.00,0.00,1.00,0.00,0.00,0.00,1.00,0.00,1.00,0.00,1.00,0.00,1.00,0.00,0.00,0.00,0.00
297,0,20.651,0.98,1,0.139316,0.048231,-0.989073,-0.028092,0.056000,-0.998036,0.056,0.052,205.2,206.1,208.4,210.9,211.9,211.2,208.7,206.2,202.1,203.5,205.5,208.1,210.7,212.8,214.3,212.7,210.4,208.0,205.6,203.6,207.6,208.6,209.7,210.1,209.6,208.5,207.5,207.1,234.8,235.4,237.6,240.2,241.5,240.9,238.7,236.0,232.6,234.0,236.0,238.6,241.1,243.1,244.5,243.4,241.6,239.4,236.9,234.5,237.2,238.3,239.3,239.6,239.0,237.8,236.9,236.6,352.9,350.4,349.3,350.2,352.6,355.3,356.2,355.3,354.2,352.9,351.9,351.4,351.7,352.7,354.1,355.0,355.4,355.6,355.6,355.2,353.9,354.3,353.8,352.8,351.7,351.3,351.8,352.9,350.7,348.1,346.8,347.5,349.9,352.5,353.8,353.3,352.6,350.9,349.6,348.8,348.9,349.6,350.8,351.9,352.6,353.0,353.2,353.2,351.6,351.9,351.3,350.2,349.2,348.9,349.4,350.6,-60.5,-58.9,-54.8,-50.6,-48.7,-49.9,-54.3,-58.6,-66.1,-63.6,-59.9,-55.3,-50.7,-47.1,-44.6,-47.4,-51.2,-55.5,-59.6,-63.3,-56.3,-54.4,-52.7,-52.0,-52.8,-54.7,-56.5,-57.1,-8.9,-7.9,-4.1,0.3,2.6,1.6,-2.2,-6.8,-12.6,-10.3,-6.9,-2.4,1.9,5.3,7.7,5.8,2.7,-1.0,-5.3,-9.4,-4.8,-2.9,-1.2,-0.8,-1.8,-3.7,-5.3,-5.8,57.1,52.8,50.9,52.4,56.5,61.2,62.8,61.3,59.7,57.2,55.3,54.3,54.9,56.7,59.3,60.7,61.3,61.7,61.7,61.2,59.0,59.6,58.8,56.9,55.1,54.4,55.3,57.1,52.4,48.0,45.8,47.1,51.1,55.5,57.6,56.7,55.7,52.8,50.4,49.1,49.4,50.7,52.9,54.6,55.6,56.2,56.5,56.6,54.0,54.5,53.6,51.7,49.9,49.4,50.3,52.2,904.2,904.6,904.5,903.9,903.3,903.1,903.0,903.6,908.8,906.0,903.4,901.9,902.2,903.4,904.8,903.4,902.1,902.1,903.5,906.0,904.5,904.3,904.2,904.4,904.6,904.9,904.9,904.8,888.5,889.5,890.6,891.2,890.9,890.0,888.9,888.5,889.5,888.4,887.7,888.1,890.1,893.0,896.0,892.9,890.0,888.1,887.6,888.4,889.9,890.2,890.6,891.0,891.2,890.9,890.4,890.0,0.00,0.00,0.84,0.00,0.00,0.00,0.00,0.29,0.29,0.91,0.21,0.54,0.07,0.48,0.00,0.00,0.00,0.00,0.00,0.00,1.00,0.00,0.00,0.00,1.00,0.00,1.00,0.00,1.00,0.00,1.00,0.00,0.00,0.00,0.00
298,0,20.721,0.98,1,0.138996,0.047935,-0.989132,-0.028240,0.055510,-0.998059,0.056,0.052,205.1,206.0,208.4,210.8,211.9,211.2,208.6,206.2,202.1,203.4,205.5,208.0,210.7,212.8,214.3,212.7,210.4,207.9,205.6,203.6,207.6,208.6,209.7,210.1,209.6,208.5,207.5,207.1,234.8,235.4,237.6,240.1,241.5,240.9,238.7,236.0,232.6,233.9,235.9,238.5,241.1,243.1,244.4,243.3,241.6,239.4,236.9,234.4,237.2,238.3,239.3,239.5,238.9,237.8,236.8,236.6,352.8,350.3,349.2,350.1,352.5,355.2,356.1,355.2,354.1,352.7,351.8,351.2,351.6,352.6,354.0,354.9,355.3,355.5,355.4,355.0,353.8,354.2,353.7,352.6,351.6,351.2,351.7,352.8,350.6,348.0,346.7,347.4,349.8,352.4,353.7,353.2,352.5,350.8,349.5,348.7,348.8,349.5,350.7,351.8,352.5,352.9,353.1,353.1,351.5,351.8,351.2,350.1,349.1,348.8,349.3,350.5,-60.5,-59.0,-54.8,-50.6,-48.7,-49.9,-54.3,-58.6,-66.1,-63.6,-59.9,-55.3,-50.7,-47.2,-44.6,-47.4,-51.3,-55.5,-59.6,-63.3,-56.3,-54.5,-52.7,-52.0,-52.8,-54.7,-56.5,-57.2,-8.9,-7.9,-4.1,0.2,2.6,1.5,-2.3,-6.9,-12.7,-10.4,-6.9,-2.5,1.9,5.3,7.6,5.7,2.7,-1.1,-5.3,-9.5,-4.8,-2.9,-1.3,-0.8,-1.8,-3.7,-5.4,-5.9,56.9,52.6,50.6,52.2,56.3,60.9,62.6,61.0,59.5,56.9,55.1,54.1,54.7,56.5,59.0,60.5,61.1,61.5,61.5,60.9,58.7,59.4,58.5,56.6,54.8,54.2,55.0,56.9,52.2,47.8,45.6,46.9,50.9,55.2,57.4,56.5,55.5,52.5,50.2,48.9,49.2,50.5,52.7,54.4,55.4,56.0,56.3,56.4,53.8,54.3,53.4,51.5,49.7,49.2,50.1,52.0,903.9,904.3,904.2,903.7,903.0,902.9,902.8,903.3,908.5,905.7,903.1,901.7,901.9,903.1,904.6,903.1,901.8,901.8,903.2,905.7,904.2,904.0,903.9,904.1,904.4,904.6,904.7,904.5,887.8,888.8,889.8,890.4,890.2,889.2,888.1,887.7,888.8,887.7,887.0,887.3,889.3,892.3,895.3,892.2,889.3,887.3,886.8,887.6,889.2,889.4,889.9,890.3,890.4,890.2,889.7,889.3,0.00,0.00,0.80,0.00,0.00,0.00,0.00,0.26,0.28,0.98,0.23,0.56,0.18,0.51,0.00,0.00,0.00,0.00,0.00,0.00,1.00,0.00,0.00,0.00,1.00,0.00,1.00,0.00,1.00,0.00,1.00,0.00,0.00,0.00,0.00
299,0,20.791,0.98,1,0.143568,0.050467,-0.988353,-0.023789,0.058190,-0.998022,0.060,0.055,205.2,206.1,208.4,210.9,212.0,211.2,208.7,206.2,202.1,203.5,205.5,208.1,210.7,212.8,214.3,212.7,210.4,208.0,205.6,203.6,207.6,208.7,209.7,210.1,209.6,208.5,207.5,207.1,234.8,235.4,237.6,240.1,241.5,240.9,238.7,236.0,232.6,233.9,235.9,238.5,241.1,243.1,244.4,243.3,241.6,239.4,236.9,234.5,237.2,238.3,239.3,239.5,238.9,237.8,236.8,236.6,352.8,350.3,349.2,350.1,352.5,355.2,356.1,355.2,354.1,352.8,351.8,351.3,351.6,352.6,354.0,354.9,355.3,355.6,355.5,355.1,353.9,354.3,353.8,352.7,351.6,351.2,351.7,352.8,350.6,348.0,346.7,347.4,349.7,352.3,353.6,353.1,352.5,350.8,349.5,348.7,348.8,349.4,350.6,351.7,352.4,352.8,353.0,353.1,351.4,351.8,351.2,350.1,349.0,348.7,349.3,350.4,-60.4,-58.9,-54.7,-50.5,-48.6,-49.8,-54.2,-58.5,-66.0,-63.5,-59.8,-55.2,-50.6,-47.0,-44.5,-47.3,-51.1,-55.4,-59.5,-63.2,-56.2,-54.4,-52.6,-51.9,-52.7,-54.6,-56.4,-57.1,-8.9,-7.9,-4.1,0.2,2.6,1.6,-2.2,-6.9,-12.7,-10.3,-6.9,-2.5,1.9,5.3,7.6,5.7,2.7,-1.1,-5.3,-9.5,-4.8,-2.9,-1.3,-0.8,-1.8,-3.7,-5.4,-5.8,56.9,52.6,50.6,52.2,56.3,60.9,62.6,61.1,59.5,56.9,55.1,54.1,54.7,56.5,59.0,60.5,61.1,61.5,61.5,60.9,58.7,59.4,58.5,56.7,54.8,54.2,55.0,56.9,52.1,47.8,45.6,46.8,50.8,55.2,57.3,56.5,55.4,52.5,50.2,48.8,49.2,50.4,52.6,54.3,55.3,56.0,56.2,56.3,53.7,54.3,53.3,51.4,49.6,49.1,50.1,52.0,903.1,903.5,903.4,902.9,902.2,902.1,902.0,902.5,907.6,904.9,902.3,900.8,901.1,902.3,903.8,902.3,901.0,901.0,902.4,904.9,903.4,903.2,903.1,903.3,903.6,903.8,903.8,903.7,888.0,889.0,890.1,890.7,890.4,889.5,888.4,887.9,888.9,887.9,887.2,887.6,889.6,892.5,895.6,892.4,889.5,887.6,887.0,887.8,889.4,889.6,890.1,890.5,890.6,890.4,889.9,889.5,0.00,0.00,0.80,0.00,0.00,0.00,0.00,0.22,0.34,1.10,0.24,0.58,0.24,0.53,0.00,0.00,0.00,0.00,0.00,0.00,1.00,0.00,0.00,0.00,1.00,0.00,1.00,0.00,1.00,0.00,1.00,0.00,0.00,0.00,0.00
300,0,20.860,0.98,1,0.144179,0.053496,-0.988104,-0.024325,0.061578,-0.997806,0.060,0.058,205.2,206.1,208.4,210.9,211.9,211.2,208.7,206.3,202.1,203.5,205.5,208.1,210.7,212.8,214.3,212.7,210.4,208.0,205.7,203.6,207.6,208.7,209.7,210.1,209.6,208.5,207.5,207.1,234.7,235.3,237.5,240.0,241.4,240.8,238.6,235.9,232.5,233.9,235.9,238.5,241.0,243.0,244.3,243.2,241.5,239.3,236.8,234.4,237.1,238.2,239.2,239.4,238.8,237.7,236.8,236.5,353.0,350.5,349.4,350.3,352.7,355.4,356.3,355.4,354.3,353.0,352.0,351.5,351.8,352.8,354.2,355.1,355.5,355.7,355.6,355.2,354.0,354.4,353.9,352.8,351.8,351.4,351.9,353.0,350.7,348.1,346.8,347.5,349.9,352.4,353.7,353.3,352.6,350.9,349.6,348.8,348.9,349.6,350.7,351.8,352.5,352.9,353.1,353.2,351.6,351.9,351.3,350.2,349.2,348.9,349.4,350.6,-60.7,-59.2,-55.1,-50.8,-48.9,-50.1,-54.5,-58.8,-66.3,-63.8,-60.1,-55.5,-50.9,-47.3,-44.8,-47.5,-51.4,-55.7,-59.8,-63.5,-56.5,-54.6,-52.8,-52.2,-53.0,-54.9,-56.7,-57.4,-9.1,-8.1,-4.3,0.1,2.4,1.4,-2.4,-7.0,-12.8,-10.5,-7.1,-2.6,1.7,5.1,7.5,5.6,2.5,-1.2,-5.5,-9.6,-5.0,-3.1,-1.4,-1.0,-2.0,-3.9,-5.6,-6.0,57.6,53.2,51.3,52.8,56.9,61.6,63.2,61.7,60.1,57.6,55.8,54.8,55.3,57.1,59.6,61.1,61.7,62.1,62.1,61.6,59.4,60.0,59.2,57.3,55.5,54.8,55.7,57.6,52.6,48.3,46.0,47.3,51.3,55.6,57.8,57.0,55.9,53.0,50.7,49.4,49.7,50.9,53.1,54.8,55.8,56.4,56.7,56.8,54.2,54.7,53.8,51.9,50.1,49.6,50.5,52.4,908.0,908.4,908.3,907.8,907.1,907.0,906.9,907.4,912.5,909.7,907.2,905.7,906.0,907.2,908.7,907.2,905.9,905.9,907.3,909.7,908.3,908.1,908.0,908.2,908.5,908.7,908.7,908.6,892.2,893.2,894.3,894.8,894.6,893.7,892.6,892.1,893.2,892.1,891.4,891.7,893.8,896.7,899.7,896.6,893.7,891.8,891.3,892.0,893.6,893.8,894.3,894.7,894.8,894.6,894.1,893.7,0.00,0.00,0.83,0.00,0.00,0.00,0.00,0.16,0.34,1.15,0.15,0.61,0.24,0.55,0.00,0.00,0.00,0.00,0.00,0.00,1.00,0.00,0.00,0.00,1.00,0.00,1.00,0.00,1.00,0.00,1.00,0.00,0.00,0.00,0.00
301,0,20.930,0.98,1,0.145087,0.057825,-0.987728,-0.022736,0.066316,-0.997540,0.062,0.062,205.2,206.0,208.4,210.8,211.9,211.2,208.7,206.2,202.1,203.5,205.5,208.0,210.7,212.8,214.3,212.7,210.4,208.0,205.6,203.6,207.6,208.6,209.7,210.1,209.6,208.5,207.5,207.1,234.6,235.2,237.4,240.0,241.3,240.8,238.5,235.9,232.5,233.8,235.8,238.4,240.9,242.9,244.3,243.2,241.4,239.2,236.7,234.3,237.0,238.2,239.1,239.4,238.8,237.7,236.7,236.4,353.2,350.7,349.6,350.5,352.8,355.5,356.5,355.6,354.5,353.2,352.2,351.7,352.0,352.9,354.3,355.2,355.6,355.9,355.8,355.4,354.2,354.6,354.1,353.0,352.0,351.6,352.1,353.2,350.8,348.2,346.9,347.6,349.9,352.5,353.8,353.4,352.7,351.1,349.7,348.9,349.0,349.7,350.8,351.9,352.6,353.1,353.2,353.3,351.7,352.0,351.4,350.3,349.3,349.0,349.5,350.7,-60.8,-59.2,-55.1,-50.9,-48.9,-50.2,-54.6,-58.8,-66.4,-63.9,-60.2,-55.6,-51.0,-47.4,-44.9,-47.6,-51.5,-55.7,-59.9,-63.6,-56.6,-54.7,-52.9,-52.2,-53.1,-55.0,-56.8,-57.4,-9.2,-8.2,-4.4,-0.1,2.3,1.3,-2.5,-7.1,-12.9,-10.6,-7.2,-2.7,1.6,5.0,7.4,5.5,2.4,-1.3,-5.6,-9.7,-5.1,-3.2,-1.5,-1.1,-2.1,-4.0,-5.7,-6.1,57.9,53.6,51.6,53.1,57.2,61.9,63.5,62.0,60.5,57.9,56.1,55.1,55.7,57.4,59.9,61.4,62.0,62.5,62.4,61.9,59.7,60.4,59.5,57.6,55.8,55.1,56.0,57.9,52.9,48.5,46.3,47.5,51.5,55.9,58.1,57.2,56.2,53.3,50.9,49.6,49.9,51.1,53.3,55.0,56.0,56.7,57.0,57.1,54.4,55.0,54.0,52.1,50.4,49.8,50.8,52.7,908.5,908.9,908.8,908.3,907.6,907.5,907.4,907.9,913.0,910.2,907.7,906.2,906.5,907.7,909.2,907.8,906.5,906.4,907.8,910.3,908.8,908.6,908.5,908.7,909.0,909.2,909.2,909.1,893.4,894.4,895.4,896.0,895.8,894.9,893.8,893.4,894.4,893.3,892.6,892.9,895.0,897.9,901.0,897.8,894.9,893.0,892.5,893.3,894.8,895.1,895.5,895.9,896.0,895.8,895.3,894.9,0.00,0.00,0.89,0.00,0.00,0.00,0.00,0.10,0.37,1.19,0.09,0.62,0.13,0.52,0.00,0.00,0.00,0.00,0.00,0.00,1.00,0.00,0.00,0.00,1.00,0.00,1.00,0.00,1.00,0.00,1.00,0.00,0.00,0.00,0.00
302,0,21.000,0.98,1,0.141203,0.059597,-0.988185,-0.026042,0.067944,-0.997349,0.058,0.064,205.0,205.9,208.3,210.7,211.8,211.1,208.6,206.1,202.0,203.4,205.4,207.9,210.6,212.7,214.2,212.6,210.3,207.9,205.5,203.5,207.5,208.5,209.6,209.9,209.5,208.4,207.4,207.0,234.6,235.2,237.4,239.9,241.3,240.7,238.5,235.8,232.4,233.7,235.7,238.4,240.9,242.9,244.2,243.1,241.4,239.2,236.7,234.3,237.0,238.1,239.1,239.3,238.7,237.6,236.7,236.4,353.2,350.7,349.6,350.5,352.9,355.5,356.5,355.6,354.5,353.1,352.2,351.7,352.0,353.0,354.4,355.3,355.7,355.9,355.8,355.4,354.2,354.6,354.1,353.0,352.0,351.6,352.1,353.2,350.9,348.3,347.0,347.7,350.1,352.6,353.9,353.5,352.8,351.1,349.8,349.0,349.1,349.8,350.9,352.0,352.7,353.2,353.3,353.4,351.8,352.1,351.5,350.4,349.4,349.1,349.6,350.8,-60.9,-59.4,-55.3,-51.0,-49.1,-50.3,-54.7,-59.0,-66.5,-64.0,-60.3,-55.8,-51.1,-47.6,-45.0,-47.8,-51.6,-55.9,-60.0,-63.8,-56.7,-54.9,-53.1,-52.4,-53.2,-55.1,-56.9,-57.6,-9.3,-8.3,-4.5,-0.1,2.2,1.2,-2.6,-7.2,-13.0,-10.7,-7.3,-2.8,1.5,4.9,7.3,5.4,2.3,-1.4,-5.7,-9.8,-5.2,-3.3,-1.6,-1.2,-2.2,-4.1,-5.7,-6.2,57.9,53.5,51.6,53.1,57.2,61.9,63.5,62.0,60.4,57.9,56.1,55.1,55.6,57.4,59.9,61.4,62.0,62.4,62.4,61.9,59.7,60.3,59.5,57.6,55.8,55.1,56.0,57.9,52.9,48.5,46.3,47.6,51.6,56.0,58.1,57.3,56.2,53.3,51.0,49.7,50.0,51.2,53.4,55.1,56.1,56.8,57.0,57.1,54.5,55.0,54.1,52.2,50.4,49.9,50.8,52.7,907.9,908.2,908.1,907.6,907.0,906.9,906.8,907.3,912.4,909.7,907.1,905.6,905.9,907.1,908.6,907.1,905.8,905.8,907.2,909.7,908.2,908.0,907.9,908.1,908.3,908.6,908.6,908.5,891.7,892.7,893.7,894.3,894.1,893.2,892.1,891.7,892.7,891.6,890.9,891.2,893.2,896.2,899.2,896.1,893.2,891.3,890.8,891.6,893.1,893.4,893.8,894.2,894.3,894.1,893.6,893.2,0.00,0.00,0.92,0.00,0.00,0.00,0.00,0.11,0.35,1.22,0.02,0.64,0.05,0.53,0.00,0.09,0.00,0.00,0.00,0.00,1.00,0.00,0.00,0.00,1.00,0.00,1.00,0.00,1.00,0.00,1.00,0.00,0.00,0.00,0.00
303,0,21.070,0.98,1,0.138344,0.060852,-0.988513,-0.028547,0.068991,-0.997209,0.055,0.065,204.9,205.9,208.2,210.6,211.7,211.0,208.4,206.0,201.9,203.3,205.3,207.8,210.5,212.6,214.1,212.5,210.2,207.7,205.4,203.4,207.4,208.4,209.5,209.9,209.4,208.3,207.3,206.9,234.5,235.1,237.4,239.9,241.2,240.6,238.4,235.7,232.3,233.7,235.7,238.3,240.8,242.8,244.2,243.1,241.3,239.1,236.6,234.2,236.9,238.0,239.0,239.3,238.7,237.6,236.6,236.3,353.2,350.7,349.5,350.4,352.8,355.5,356.5,355.6,354.4,353.1,352.2,351.6,352.0,352.9,354.4,355.2,355.6,355.9,355.8,355.4,354.2,354.6,354.1,353.0,351.9,351.6,352.0,353.1,351.0,348.4,347.1,347.8,350.1,352.7,354.0,353.5,352.9,351.2,349.9,349.1,349.2,349.8,351.0,352.1,352.8,353.3,353.4,353.4,351.8,352.2,351.6,350.5,349.4,349.1,349.7,350.8,-61.0,-59.4,-55.3,-51.1,-49.2,-50.4,-54.8,-59.1,-66.6,-64.1,-60.4,-55.8,-51.2,-47.7,-45.1,-47.9,-51.7,-56.0,-60.1,-63.8,-56.8,-55.0,-53.2,-52.5,-53.3,-55.2,-57.0,-57.7,-9.4,-8.3,-4.5,-0.2,2.1,1.1,-2.7,-7.3,-13.1,-10.8,-7.4,-2.9,1.4,4.8,7.2,5.3,2.2,-1.5,-5.8,-9.9,-5.3,-3.4,-1.7,-1.3,-2.3,-4.2,-5.8,-6.3,57.7,53.4,51.4,53.0,57.1,61.8,63.4,61.8,60.2,57.7,55.9,54.9,55.5,57.3,59.8,61.3,61.9,62.3,62.3,61.7,59.5,60.2,59.3,57.4,55.6,55.0,55.8,57.7,52.9,48.6,46.4,47.6,51.6,56.0,58.2,57.3,56.2,53.3,51.0,49.7,50.0,51.3,53.4,55.2,56.2,56.8,57.1,57.1,54.5,55.1,54.1,52.2,50.5,49.9,50.9,52.8,906.5,906.8,906.7,906.2,905.6,905.5,905.4,905.9,911.1,908.3,905.7,904.2,904.5,905.7,907.1,905.7,904.4,904.4,905.8,908.3,906.8,906.6,906.5,906.7,906.9,907.1,907.2,907.1,890.2,891.1,892.2,892.7,892.5,891.6,890.6,890.1,891.2,890.1,889.3,889.7,891.7,894.6,897.7,894.6,891.7,889.8,889.3,890.1,891.5,891.8,892.3,892.7,892.8,892.5,892.0,891.6,0.00,0.00,0.87,0.02,0.00,0.00,0.00,0.12,0.35,1.34,0.00,0.65,0.00,0.57,0.00,0.19,0.00,0.00,0.00,0.00,1.00,0.00,0.00,0.00,1.00,0.00,1.00,0.00,1.00,0.00,1.00,0.00,0.00,0.00,0.00
304,0,21.140,0.98,1,0.138949,0.060228,-0.988466,-0.027465,0.067904,-0.997314,0.056,0.064,204.9,205.8,208.2,210.6,211.7,211.0,208.4,206.0,201.9,203.2,205.2,207.8,210.5,212.6,214.1,212.5,210.2,207.7,205.4,203.3,207.3,208.4,209.4,209.8,209.4,208.3,207.3,206.9,234.6,235.2,237.4,239.9,241.3,240.7,238.5,235.8,232.3,233.7,235.7,238.3,240.9,242.9,244.2,243.1,241.4,239.2,236.7,234.2,237.0,238.1,239.1,239.3,238.7,237.6,236.6,236.4,353.0,350.5,349.3,350.2,352.7,355.4,356.3,355.4,354.3,352.9,351.9,351.4,351.8,352.8,354.2,355.1,355.5,355.7,355.6,355.2,354.0,354.4,353.9,352.8,351.8,351.4,351.8,352.9,350.8,348.2,346.9,347.6,350.0,352.5,353.9,353.4,352.7,351.0,349.7,348.9,349.0,349.7,350.8,351.9,352.7,353.1,353.3,353.3,351.7,352.0,351.4,350.3,349.3,348.9,349.5,350.6,-60.7,-59.2,-55.1,-50.8,-48.9,-50.2,-54.6,-58.8,-66.3,-63.8,-60.1,-55.6,-50.9,-47.4,-44.9,-47.6,-51.5,-55.8,-59.9,-63.6,-56.6,-54.7,-52.9,-52.2,-53.0,-54.9,-56.7,-57.4,-9.3,-8.2,-4.4,-0.1,2.2,1.2,-2.6,-7.2,-13.0,-10.7,-7.3,-2.8,1.5,4.9,7.3,5.4,2.3,-1.4,-5.7,-9.8,-5.2,-3.3,-1.6,-1.2,-2.2,-4.1,-5.7,-6.2,57.0,52.7,50.8,52.3,56.5,61.1,62.7,61.2,59.6,57.0,55.2,54.2,54.8,56.6,59.2,60.7,61.2,61.7,61.6,61.0,58.8,59.5,58.7,56.8,55.0,54.3,55.1,57.0,52.4,48.0,45.8,47.1,51.1,55.4,57.6,56.7,55.7,52.7,50.4,49.1,49.4,50.7,52.9,54.6,55.6,56.3,56.5,56.6,53.9,54.5,53.5,51.6,49.9,49.3,50.3,52.2,901.2,901.5,901.4,900.9,900.2,900.1,900.0,900.6,905.8,903.0,900.4,898.9,899.1,900.3,901.8,900.4,899.1,899.1,900.5,903.0,901.5,901.2,901.2,901.3,901.6,901.8,901.9,901.7,885.6,886.6,887.6,888.2,888.0,887.1,886.0,885.6,886.6,885.5,884.8,885.2,887.2,890.2,893.2,890.1,887.1,885.2,884.7,885.5,887.0,887.3,887.8,888.2,888.2,888.0,887.5,887.1,0.00,0.00,0.83,0.02,0.00,0.00,0.00,0.16,0.35,1.32,0.00,0.69,0.00,0.60,0.00,0.33,0.00,0.00,0.00,0.00,1.00,0.00,0.00,0.00,1.00,0.00,1.00,0.00,1.00,0.00,1.00,0.00,0.00,0.00,0.00
305,0,21.209,0.98,1,0.139994,0.059111,-0.988386,-0.026365,0.067309,-0.997384,0.057,0.064,204.9,205.8,208.1,210.6,211.7,210.9,208.4,205.9,201.8,203.2,205.2,207.8,210.5,212.6,214.1,212.4,210.1,207.7,205.3,203.3,207.3,208.4,209.4,209.8,209.3,208.3,207.2,206.8,234.5,235.1,237.4,239.9,241.3,240.7,238.5,235.7,232.3,233.7,235.7,238.3,240.9,242.9,244.2,243.1,241.4,239.2,236.7,234.2,237.0,238.1,239.0,239.3,238.7,237.6,236.6,236.3,352.8,350.3,349.2,350.1,352.5,355.2,356.2,355.3,354.2,352.8,351.8,351.3,351.6,352.6,354.1,355.0,355.4,355.6,355.5,355.1,353.9,354.3,353.8,352.7,351.6,351.2,351.7,352.8,350.6,348.0,346.7,347.4,349.7,352.3,353.7,353.2,352.5,350.8,349.5,348.7,348.8,349.4,350.6,351.7,352.4,352.9,353.1,353.1,351.5,351.8,351.2,350.1,349.0,348.7,349.3,350.5,-60.7,-59.1,-55.0,-50.8,-48.9,-50.1,-54.5,-58.8,-66.3,-63.8,-60.1,-55.5,-50.9,-47.3,-44.8,-47.6,-51.4,-55.7,-59.8,-63.5,-56.5,-54.7,-52.9,-52.2,-53.0,-54.9,-56.7,-57.3,-9.3,-8.3,-4.5,-0.1,2.2,1.2,-2.6,-7.2,-13.0,-10.7,-7.3,-2.9,1.5,4.9,7.2,5.4,2.3,-1.4,-5.7,-9.8,-5.2,-3.3,-1.6,-1.2,-2.2,-4.1,-5.8,-6.2,56.7,52.4,50.5,52.0,56.1,60.8,62.4,60.9,59.3,56.7,54.9,53.9,54.5,56.3,58.9,60.3,60.9,61.3,61.3,60.7,58.5,59.2,58.4,56.5,54.7,54.0,54.8,56.7,51.9,47.6,45.4,46.6,50.6,55.0,57.1,56.3,55.3,52.3,50.0,48.6,48.9,50.2,52.4,54.1,55.2,55.8,56.1,56.2,53.5,54.0,53.1,51.2,49.4,48.9,49.9,51.8,899.4,899.7,899.6,899.0,898.4,898.3,898.2,898.7,903.9,901.2,898.6,897.1,897.3,898.5,900.0,898.5,897.2,897.2,898.7,901.1,899.6,899.4,899.3,899.5,899.8,900.0,900.1,899.9,883.8,884.8,885.8,886.5,886.2,885.3,884.2,883.8,884.8,883.7,883.0,883.4,885.4,888.4,891.4,888.3,885.3,883.4,882.9,883.7,885.2,885.5,885.9,886.4,886.4,886.2,885.7,885.3,0.00,0.00,0.76,0.02,0.00,0.00,0.00,0.19,0.31,1.26,0.00,0.71,0.00,0.59,0.00,0.29,0.00,0.00,0.00,0.00,1.00,0.00,0.00,0.00,1.00,0.00,1.00,0.00,1.00,0.00,1.00,0.00,0.00,0.00,0.00
306,0,21.279,0.98,1,0.140117,0.057703,-0.988452,-0.025528,0.066125,-0.997485,0.058,0.062,204.7,205.6,208.0,210.4,211.5,210.8,208.2,205.8,201.7,203.0,205.0,207.6,210.3,212.4,213.9,212.3,210.0,207.5,205.2,203.1,207.1,208.2,209.2,209.6,209.2,208.1,207.0,206.6,234.4,235.0,237.2,239.8,241.2,240.6,238.3,235.6,232.2,233.5,235.6,238.2,240.7,242.7,244.1,243.0,241.3,239.0,236.5,234.1,236.8,237.9,238.9,239.2,238.6,237.4,236.5,236.2,352.7,350.2,349.0,349.9,352.4,355.1,356.0,355.1,354.0,352.6,351.7,351.1,351.4,352.4,353.9,354.8,355.2,355.4,355.4,354.9,353.7,354.1,353.6,352.5,351.5,351.1,351.6,352.7,350.3,347.7,346.4,347.1,349.5,352.1,353.4,352.9,352.3,350.6,349.2,348.4,348.5,349.1,350.3,351.5,352.2,352.6,352.8,352.9,351.2,351.5,350.9,349.8,348.8,348.5,349.0,350.2,-60.8,-59.3,-55.2,-50.9,-49.0,-50.2,-54.6,-58.9,-66.4,-63.9,-60.2,-55.7,-51.0,-47.5,-44.9,-47.7,-51.6,-55.8,-59.9,-63.6,-56.6,-54.8,-53.0,-52.3,-53.1,-55.0,-56.8,-57.5,-9.5,-8.5,-4.7,-0.4,2.0,1.0,-2.8,-7.4,-13.2,-10.9,-7.5,-3.1,1.3,4.7,7.0,5.1,2.1,-1.6,-5.9,-10.0,-5.4,-3.5,-1.8,-1.4,-2.4,-4.3,-6.0,-6.4,56.3,52.0,50.0,51.5,55.6,60.3,61.9,60.4,58.9,56.3,54.5,53.4,54.0,55.8,58.4,59.8,60.5,60.9,60.9,60.3,58.1,58.7,57.9,56.0,54.2,53.5,54.4,56.3,51.3,47.0,44.7,46.0,50.0,54.3,56.5,55.7,54.7,51.7,49.3,48.0,48.3,49.5,51.7,53.5,54.5,55.2,55.5,55.6,52.9,53.4,52.5,50.5,48.8,48.3,49.2,51.1,896.9,897.2,897.1,896.5,895.9,895.8,895.7,896.3,901.5,898.7,896.1,894.6,894.8,896.0,897.5,896.0,894.8,894.8,896.2,898.7,897.2,896.9,896.9,897.0,897.3,897.5,897.6,897.4,881.0,881.9,883.0,883.7,883.4,882.5,881.4,881.0,882.0,880.9,880.2,880.6,882.6,885.6,888.6,885.5,882.6,880.6,880.1,880.9,882.4,882.7,883.2,883.6,883.7,883.4,882.9,882.5,0.00,0.00,0.70,0.00,0.00,0.00,0.00,0.25,0.31,1.17,0.00,0.67,0.00,0.56,0.00,0.28,0.00,0.00,0.00,0.00,1.00,0.00,0.00,0.00,1.00,0.00,1.00,0.00,1.00,0.00,1.00,0.00,0.00,0.00,0.00
307,0,21.349,0.98,1,0.140898,0.058185,-0.988313,-0.026025,0.066697,-0.997434,0.058,0.063,204.6,205.6,207.9,210.4,211.5,210.7,208.2,205.7,201.6,202.9,205.0,207.6,210.3,212.4,213.9,212.2,209.9,207.5,205.1,203.1,207.1,208.1,209.2,209.6,209.1,208.0,207.0,206.6,234.4,235.0,237.2,239.8,241.2,240.6,238.3,235.6,232.2,233.5,235.5,238.2,240.7,242.7,244.1,243.0,241.2,239.0,236.5,234.1,236.8,237.9,238.9,239.2,238.6,237.4,236.5,236.2,352.6,350.0,348.9,349.8,352.3,355.0,355.9,355.0,353.9,352.5,351.6,351.0,351.3,352.3,353.8,354.7,355.1,355.3,355.2,354.8,353.6,354.0,353.5,352.4,351.3,351.0,351.4,352.5,350.3,347.7,346.3,347.1,349.4,352.0,353.4,352.9,352.2,350.5,349.2,348.3,348.5,349.1,350.3,351.4,352.1,352.6,352.8,352.8,351.2,351.5,350.9,349.8,348.7,348.4,349.0,350.1,-60.9,-59.4,-55.3,-51.0,-49.1,-50.3,-54.8,-59.0,-66.5,-64.0,-60.3,-55.7,-51.1,-47.6,-45.0,-47.8,-51.7,-55.9,-60.0,-63.7,-56.7,-54.9,-53.1,-52.4,-53.2,-55.1,-56.9,-57.6,-9.5,-8.5,-4.7,-0.4,2.0,1.0,-2.8,-7.4,-13.3,-10.9,-7.5,-3.1,1.3,4.7,7.0,5.1,2.1,-1.7,-5.9,-10.0,-5.4,-3.5,-1.8,-1.4,-2.4,-4.3,-6.0,-6.4,56.1,51.8,49.8,51.4,55.5,60.1,61.8,60.2,58.7,56.1,54.3,53.3,53.9,55.6,58.2,59.7,60.3,60.7,60.7,60.1,57.9,58.6,57.7,55.8,54.0,53.4,54.2,56.1,51.3,46.9,44.7,45.9,49.9,54.3,56.5,55.6,54.6,51.6,49.3,48.0,48.3,49.5,51.7,53.4,54.5,55.1,55.4,55.5,52.8,53.4,52.4,50.5,48.8,48.2,49.2,51.1,897.2,897.6,897.4,896.9,896.2,896.1,896.0,896.6,901.8,899.0,896.4,894.9,895.1,896.3,897.8,896.4,895.1,895.1,896.5,899.0,897.5,897.2,897.2,897.3,897.6,897.8,897.9,897.7,881.6,882.5,883.6,884.2,884.0,883.0,881.9,881.5,882.5,881.4,880.7,881.1,883.1,886.1,889.1,886.0,883.1,881.1,880.6,881.4,882.9,883.2,883.7,884.1,884.2,883.9,883.4,883.0,0.00,0.00,0.72,0.00,0.00,0.00,0.00,0.26,0.32,1.13,0.01,0.65,0.00,0.53,0.00,0.25,0.00,0.00,0.00,0.00,1.00,0.00,0.00,0.00,1.00,0.00,1.00,0.00,1.00,0.00,1.00,0.00,0.00,0.00,0.00
308,0,21.419,0.98,1,0.141135,0.056553,-0.988374,-0.026115,0.065170,-0.997532,0.058,0.061,204.7,205.6,208.0,210.4,211.5,210.8,208.2,205.8,201.6,203.0,205.0,207.6,210.3,212.4,213.9,212.3,210.0,207.5,205.2,203.1,207.1,208.2,209.2,209.6,209.2,208.1,207.0,206.6,234.4,235.0,237.2,239.8,241.2,240.6,238.4,235.6,232.2,233.6,235.6,238.2,240.8,242.8,244.1,243.0,241.3,239.0,236.5,234.1,236.8,238.0,238.9,239.2,238.6,237.5,236.5,236.2,352.6,350.1,349.0,349.9,352.3,355.0,356.0,355.1,354.0,352.6,351.6,351.1,351.4,352.4,353.8,354.7,355.1,355.4,355.3,354.9,353.7,354.1,353.6,352.5,351.4,351.0,351.5,352.6,350.3,347.7,346.4,347.1,349.4,352.0,353.4,352.9,352.3,350.5,349.2,348.4,348.5,349.1,350.3,351.4,352.2,352.6,352.8,352.8,351.2,351.5,350.9,349.8,348.8,348.4,349.0,350.2,-60.9,-59.4,-55.3,-51.0,-49.1,-50.3,-54.7,-59.0,-66.5,-64.0,-60.3,-55.8,-51.1,-47.6,-45.0,-47.8,-51.7,-55.9,-60.0,-63.7,-56.7,-54.9,-53.1,-52.4,-53.2,-55.1,-56.9,-57.6,-9.5,-8.5,-4.7,-0.4,2.0,1.0,-2.8,-7.4,-13.2,-10.9,-7.5,-3.1,1.3,4.7,7.1,5.2,2.1,-1.6,-5.9,-10.0,-5.4,-3.5,-1.8,-1.4,-2.4,-4.3,-6.0,-6.4,56.3,52.0,50.0,51.6,55.7,60.3,62.0,60.4,58.9,56.3,54.5,53.5,54.1,55.8,58.4,59.9,60.5,60.9,60.9,60.3,58.1,58.8,57.9,56.0,54.2,53.6,54.4,56.3,51.4,47.1,44.8,46.1,50.1,54.4,56.6,55.8,54.8,51.8,49.4,48.1,48.4,49.7,51.8,53.6,54.6,55.3,55.5,55.7,53.0,53.5,52.6,50.6,48.9,48.4,49.3,51.2,898.5,898.9,898.7,898.2,897.5,897.4,897.3,897.9,903.0,900.3,897.7,896.2,896.4,897.6,899.1,897.7,896.4,896.4,897.8,900.3,898.8,898.5,898.5,898.6,898.9,899.1,899.2,899.0,883.1,884.1,885.2,885.8,885.5,884.6,883.5,883.1,884.1,883.0,882.3,882.7,884.7,887.7,890.7,887.6,884.6,882.7,882.2,883.0,884.5,884.8,885.2,885.7,885.8,885.5,885.0,884.6,0.00,0.02,0.81,0.00,0.00,0.00,0.00,0.23,0.35,1.15,0.00,0.61,0.00,0.54,0.00,0.30,0.00,0.00,0.00,0.00,1.00,0.00,0.00,0.00,1.00,0.00,1.00,0.00,1.00,0.00,1.00,0.00,0.00,0.00,0.00
309,0,21.488,0.98,1,0.142456,0.060555,-0.987947,-0.025568,0.068723,-0.997308,0.059,0.065,204.8,205.8,208.1,210.6,211.7,210.9,208.4,205.9,201.8,203.1,205.2,207.8,210.5,212.6,214.1,212.4,210.1,207.7,205.3,203.3,207.3,208.3,209.4,209.8,209.3,208.2,207.2,206.8,234.6,235.2,237.4,239.9,241.3,240.7,238.5,235.8,232.3,233.7,235.7,238.3,240.9,242.9,244.3,243.2,241.4,239.2,236.7,234.2,237.0,238.1,239.1,239.3,238.7,237.6,236.6,236.4,352.9,350.4,349.3,350.2,352.6,355.3,356.3,355.3,354.2,352.8,351.9,351.3,351.7,352.7,354.1,355.0,355.4,355.7,355.6,355.2,353.9,354.4,353.9,352.8,351.7,351.3,351.8,352.9,350.6,348.0,346.7,347.4,349.8,352.4,353.7,353.2,352.6,350.9,349.5,348.7,348.8,349.4,350.6,351.8,352.5,352.9,353.1,353.2,351.5,351.8,351.2,350.1,349.1,348.8,349.3,350.5,-60.5,-59.0,-54.8,-50.6,-48.7,-49.9,-54.4,-58.6,-66.1,-63.6,-59.9,-55.3,-50.7,-47.2,-44.6,-47.4,-51.3,-55.5,-59.6,-63.3,-56.3,-54.5,-52.7,-52.0,-52.8,-54.7,-56.5,-57.2,-9.2,-8.2,-4.4,-0.1,2.3,1.3,-2.5,-7.1,-13.0,-10.7,-7.3,-2.8,1.5,4.9,7.3,5.4,2.4,-1.4,-5.6,-9.7,-5.1,-3.2,-1.6,-1.1,-2.2,-4.1,-5.7,-6.1,56.6,52.3,50.4,51.9,56.0,60.7,62.3,60.8,59.2,56.6,54.8,53.8,54.4,56.2,58.8,60.2,60.8,61.3,61.2,60.6,58.4,59.1,58.3,56.4,54.6,53.9,54.7,56.6,51.9,47.5,45.3,46.5,50.5,54.9,57.1,56.2,55.2,52.2,49.9,48.5,48.8,50.1,52.3,54.0,55.1,55.7,56.0,56.1,53.4,54.0,53.0,51.1,49.4,48.8,49.8,51.7,896.3,896.7,896.5,896.0,895.4,895.3,895.2,895.7,900.9,898.1,895.5,894.0,894.3,895.5,896.9,895.5,894.2,894.2,895.6,898.1,896.6,896.4,896.3,896.5,896.7,897.0,897.0,896.9,881.6,882.5,883.6,884.2,884.0,883.0,881.9,881.5,882.5,881.4,880.7,881.1,883.1,886.1,889.1,886.0,883.1,881.1,880.6,881.4,882.9,883.2,883.7,884.1,884.2,883.9,883.4,883.0,0.00,0.06,0.93,0.00,0.00,0.00,0.00,0.16,0.34,1.18,0.00,0.58,0.00,0.55,0.00,0.30,0.00,0.00,0.00,0.00,1.00,0.00,0.00,0.00,1.00,0.00,1.00,0.00,0.00,0.00,1.00,0.00,0.00,0.00,0.00
